34 47 -1 5 -1 -1 11 27 14 29 14 30 -1 -1 -1 44 47 17 49 -1 39 -1 14 -1 -1 31 -1 42 -1 -1 -1 18 39 3 -1 -1 31 9 5 -1 -1 3 -1 39 3 43 -1 -1 -1 9 -1 -1 -1 44 42 6 11 -1 -1 -1 43 40 11 0 -1 -1 -1 10 -1 -1 -1 40 5 21 19 37 -1 42 27 -1 -1 17 -1 -1 -1 -1 12 8 -1 12 -1 8 -1 -1 -1 41 33 42 7 -1 -1 -1 24 -1 23 -1 -1 31 -1 -1 39 9 22 13 4 4 -1 -1 25 35 -1 -1 -1 19 -1 49 7 10 1 24 -1 -1 20 29 36 -1 -1 21 37 39 49 -1 -1 -1 -1 -1 -1 47 1 -1 -1 28 4 -1 -1 42 -1 -1 10 16 19 -1 1 -1 -1 26 23 46 15 -1 11 -1 28 -1 -1 15 16 44 -1 5 -1 23 -1 -1 19 -1 47 -1 7 5 -1 -1 -1 16 3 25 26 -1 -1 -1 -1 17 -1 -1 35 -1 -1 20 -1 -1 20 42 -1 -1 25 -1 36 11 42 23 -1 -1 32 -1 -1 -1 5 -1 -1 37 47 -1 22 -1 36 -1 14 -1 -1 -1 16 14 46 4 49 20 5 20 41 34 28 31 -1 -1 -1 -1 -1 27 15 -1 -1 13 -1 6 -1 -1 -1 44 41 -1 -1 44 48 -1 -1 11 -1 -1 43 25 -1 4 -1 -1 13 -1 10 -1 -1 -1 26 48 -1 45 49 -1 -1 -1 6 46 40 -1 12 12 44 -1 22 -1 -1 -1 32 -1 20 -1 -1 3 -1 -1 23 22 16 -1 -1 42 -1 -1 47 -1 14 10 -1 24 49 2 38 -1 -1 -1 34 -1 -1 -1 17 12 -1 -1 17 31 -1 -1 12 -1 38 -1 -1 37 -1 -1 23 11 42 47 39 9 33 -1 -1 -1 31 -1 -1 0 -1 17 -1 -1 13 -1 -1 14 17 37 16 -1 -1 12 -1 -1 20 24 1 12 6 -1 -1 -1 -1 -1 -1 32 21 -1 -1 4 -1 -1 5 47 -1 -1 13 39 9 -1 -1 11 -1 -1 18 -1 16 38 -1 -1 31 -1 -1 1 36 44 24 0 -1 -1 48 49 -1 -1 -1 17 -1 22 0 -1 47 -1 -1 -1 16 11 41 17 -1 -1 -1 -1 40 43 27 49 12 -1 -1 19 -1 20 -1 48 -1 -1 48 4 1 -1 -1 -1 8 -1 -1 9 47 44 40 6 -1 -1 -1 -1 33 48 -1 -1 -1 3 -1 46 -1 -1 31 6 5 -1 -1 -1 -1 8 0 28 -1 -1 30 38 3 -1 -1 -1 47 -1 -1 43 4 40 6 6 31 -1 5 -1 32 -1 -1 42 42 -1 25 15 -1 24 -1 -1 -1 -1 49 17 -1 34 -1 42 -1 -1 40 43 -1 21 32 -1 -1 16 43 -1 -1 -1 13 -1 -1 27 22 43 -1 39 15 -1 -1 -1 -1 46 -1 -1 -1 3 3 30 6 22 -1 -1 48 27 17 32 -1 -1 23 -1 11 -1 46 28 -1 -1 -1 20 11 -1 36 44 -1 -1 -1 37 17 -1 -1 3 -1 15 -1 26 -1 -1 40 18 43 25 17 -1 20 -1 -1 -1 29 -1 41 -1 2 -1 -1 25 -1 39 -1 -1 45 10 1 -1 -1 35 29 46 -1 -1 -1 -1 16 1 13 -1 6 -1 -1 47 2 -1 -1 29 -1 5 37 37 -1 -1 -1 -1 -1 4 -1 31 21 2 22 -1 25 11 -1 -1 27 31 -1 15 -1 -1 25 -1 -1 -1 39 37 -1 -1 40 16 32 -1 31 -1 -1 1 11 -1 -1 10 -1 -1 19 13 -1 -1 -1 44 45 4 -1 30 -1 43 -1 19 32 42 -1 -1 -1 -1 22 -1 48 -1 -1 7 18 -1 12 -1 -1 46 -1 3 5 -1 -1 11 -1 -1 -1 30 11 -1 33 -1 10 -1 1 -1 49 -1 29 29 -1 40 -1 -1 -1 14 38 -1 41 -1 -1 -1 17 9 13 6 47 24 -1 34 -1 -1 -1 -1 30 -1 -1 48 8 33 29 45 -1 11 40 -1 39 -1 -1 -1 9 31 -1 44 -1 7 -1 -1 2 -1 -1 3 26 -1 -1 15 -1 -1 46 5 42 -1 -1 27 -1 -1 7 -1 36 -1 -1 4 15 -1 -1 10 37 -1 1 19 9 -1 -1 39 -1 -1 -1 13 43 -1 13 -1 -1 19 13 7 -1 -1 28 10 -1 -1 -1 -1 1 20 23 36 -1 -1 10 16 27 -1 -1 30 -1 14 -1 30 -1 -1 45 -1 -1 45 24 43 -1 -1 21 1 15 -1 -1 -1 17 -1 27 14 -1 -1 11 13 -1 -1 -1 47 35 1 24 6 35 30 42 -1 -1 -1 7 -1 -1 -1 47 2 -1 -1 21 46 8 30 13 -1 -1 42 -1 -1 27 40 -1 -1 -1 -1 19 16 15 10 -1 -1 -1 34 -1 23 47 -1 -1 -1 34 -1 44 47 -1 -1 -1 24 0 23 30 2 -1 -1 7 -1 10 -1 -1 -1 3 6 -1 17 -1 -1 2 6 -1 4 -1 -1 14 -1 -1 -1 15 4 -1 9 13 18 -1 46 -1 -1 27 -1 -1 15 -1 -1 -1 36 37 12 49 -1 -1 -1 -1 38 -1 17 49 -1 -1 -1 23 29 0 21 -1 26 8 40 -1 -1 -1 45 -1 -1 -1 22 43 46 1 8 -1 -1 -1 2 -1 -1 39 -1 -1 23 -1 7 49 4 -1 -1 -1 21 11 20 -1 -1 16 14 -1 -1 33 -1 -1 22 43 10 -1 -1 -1 39 -1 -1 41 21 -1 -1 47 -1 -1 15 42 31 39 35 -1 -1 17 -1 33 -1 -1 30 -1 -1 14 46 -1 -1 -1 33 40 42 12 39 15 -1 32 -1 -1 13 -1 14 -1 29 -1 -1 43 -1 27 -1 -1 15 20 35 13 10 -1 -1 -1 3 -1 -1 -1 -1 29 12 27 45 -1 -1 47 -1 31 -1 24 -1 -1 14 27 14 -1 23 1 -1 -1 6 -1 48 -1 -1 -1 35 -1 -1 44 49 42 17 46 -1 -1 25 -1 11 -1 -1 2 -1 19 -1 47 -1 -1 40 20 12 12 45 -1 -1 36 -1 -1 11 35 -1 -1 -1 35 20 46 14 -1 -1 -1 34 -1 -1 28 -1 -1 5 3 -1 6 -1 -1 42 -1 -1 0 36 -1 -1 18 35 -1 20 1 -1 -1 -1 -1 22 14 -1 -1 28 -1 46 5 -1 26 -1 -1 -1 24 1 12 16 9 1 23 45 34 -1 -1 -1 33 18 -1 17 -1 -1 24 -1 -1 31 38 -1 -1 -1 43 -1 37 20 29 25 -1 40 34 -1 -1 -1 24 18 5 38 -1 -1 -1 2 47 -1 28 -1 -1 41 -1 -1 27 4 -1 -1 10 -1 33 -1 -1 41 5 16 43 47 41 -1 -1 -1 -1 -1 28 -1 -1 15 -1 45 -1 -1 15 13 43 28 -1 36 41 -1 -1 -1 24 18 -1 21 -1 9 -1 -1 -1 1 35 -1 41 -1 -1 47 -1 -1 9 37 -1 -1 45 14 6 -1 -1 -1 -1 29 10 -1 35 30 -1 -1 48 32 45 -1 37 -1 -1 3 32 3 -1 5 -1 47 1 -1 -1 -1 18 2 21 -1 -1 6 -1 39 23 -1 -1 -1 8 21 21 27 -1 -1 -1 -1 23 -1 -1 40 24 -1 -1 -1 21 43 22 7 -1 -1 38 -1 -1 -1 21 -1 -1 6 -1 14 13 13 46 17 -1 6 -1 -1 20 6 -1 -1 40 -1 -1 11 -1 -1 -1 31 9 13 44 -1 -1 -1 -1 22 27 -1 3 -1 20 -1 -1 -1 9 28 15 14 6 14 -1 31 -1 -1 -1 35 -1 16 -1 40 1 -1 7 19 -1 -1 48 -1 -1 -1 6 -1 -1 32 27 31 1 16 -1 1 -1 -1 20 13 41 -1 -1 8 -1 -1 -1 27 45 32 46 -1 18 -1 -1 30 -1 24 42 -1 -1 1 -1 -1 6 31 -1 41 -1 -1 -1 23 -1 -1 19 27 29 49 -1 -1 8 3 35 -1 -1 -1 -1 28 -1 22 40 -1 -1 25 -1 31 -1 16 -1 -1 46 14 -1 0 4 -1 -1 -1 7 3 -1 -1 14 -1 -1 40 25 5 29 49 -1 -1 -1 -1 47 12 -1 -1 1 34 46 7 -1 -1 26 -1 -1 19 40 32 -1 -1 19 48 -1 -1 8 -1 -1 31 -1 7 1 -1 -1 -1 27 2 11 -1 21 -1 5 -1 26 -1 -1 16 46 -1 -1 -1 37 21 46 35 20 -1 -1 -1 -1 -1 21 -1 11 12 32 -1 -1 -1 10 -1 -1 -1 38 29 -1 24 -1 31 -1 -1 4 2 -1 25 27 29 -1 15 48 -1 -1 -1 -1 36 -1 46 45 -1 -1 -1 49 42 28 28 -1 -1 34 -1 -1 15 42 42 24 17 -1 -1 47 -1 -1 14 -1 -1 48 37 -1 -1 -1 25 -1 -1 12 -1 34 -1 -1 41 37 21 20 -1 -1 9 27 -1 46 -1 -1 49 -1 10 42 -1 -1 -1 -1 35 0 44 11 28 -1 22 -1 -1 13 40 -1 34 49 -1 -1 39 -1 17 -1 15 -1 -1 4 5 -1 -1 32 -1 -1 -1 1 19 46 -1 10 30 -1 -1 -1 -1 46 2 -1 32 -1 -1 -1 38 -1 17 -1 30 44 -1 -1 34 -1 0 -1 -1 37 16 -1 1 -1 -1 25 17 8 41 23 31 46 -1 -1 25 -1 -1 44 17 43 -1 11 -1 -1 -1 8 -1 -1 0 -1 -1 -1 44 38 16 -1 24 27 15 38 -1 -1 -1 39 30 0 36 -1 -1 -1 -1 13 19 -1 -1 13 -1 -1 41 21 47 -1 7 -1 -1 -1 33 -1 -1 17 -1 10 33 -1 13 -1 18 -1 -1 -1 47 7 -1 -1 21 41 18 -1 -1 6 29 36 -1 -1 38 -1 -1 -1 44 27 -1 -1 -1 10 23 7 -1 -1 49 2 30 -1 28 -1 -1 44 36 -1 -1 40 -1 21 20 -1 -1 26 -1 -1 49 37 32 -1 -1 25 26 -1 -1 13 -1 -1 -1 38 4 28 -1 32 49 -1 40 13 -1 -1 48 -1 -1 31 31 -1 4 40 -1 -1 -1 -1 16 -1 -1 26 42 0 11 26 30 -1 -1 19 -1 -1 7 3 29 -1 -1 -1 21 -1 -1 23 -1 -1 13 17 -1 35 -1 -1 -1 3 -1 -1 
1056
10
39
33
18
44
30
22
30
40
36
49
45
13
48
49
4
35
10
48
47
11
49
5
9
28
22
13
31
48
2
19
31
22
37
14
42
45
6
27
40
0
24
1
27
40
12
21
8
19
16
18
32
13
44
39
43
24
14
6
34
34
48
4
32
22
25
27
49
14
42
24
46
38
27
31
23
32
31
41
14
25
7
17
43
37
32
30
37
17
39
49
44
49
36
19
15
13
4
34
8
27
9
26
22
35
17
23
29
43
49
28
6
27
3
39
49
38
46
0
9
44
9
12
26
6
42
43
9
22
35
8
23
11
21
42
30
1
31
0
44
42
48
0
37
19
8
20
22
39
16
16
47
34
34
12
16
9
13
0
12
31
6
18
34
40
25
29
33
17
47
44
5
32
11
8
32
8
0
18
20
43
19
43
40
37
29
2
0
17
43
34
38
18
4
40
49
10
8
49
34
38
41
23
20
48
47
37
17
22
18
38
4
22
22
33
35
14
45
16
21
14
41
15
24
29
40
11
33
4
22
23
37
43
16
6
15
5
40
32
38
46
46
32
24
24
25
33
44
31
39
17
7
9
38
37
11
2
38
47
36
35
43
25
30
21
35
37
2
23
25
40
28
38
16
19
44
4
3
39
3
27
31
23
21
34
12
35
41
38
34
4
7
35
30
41
43
31
42
18
47
12
41
27
25
2
1
18
39
44
11
49
46
20
36
12
15
44
24
14
44
37
41
48
5
44
18
27
22
24
8
25
18
7
28
36
15
10
6
46
28
27
30
23
30
45
14
30
9
2
38
12
1
28
18
45
7
31
36
19
14
12
14
6
39
34
18
12
43
8
41
34
27
16
38
5
34
33
19
23
44
48
5
30
16
13
2
43
37
16
25
1
42
24
4
20
34
6
40
15
19
5
18
16
12
10
5
5
2
35
1
2
14
41
30
36
27
18
22
27
29
28
19
41
26
35
17
12
49
34
13
4
27
45
8
5
3
2
16
49
34
48
21
7
30
33
33
46
9
8
24
39
19
21
2
23
46
26
34
40
48
29
22
19
34
47
25
46
16
40
32
12
32
4
17
49
10
33
45
42
24
8
26
10
43
25
47
44
43
33
35
45
34
28
46
2
11
7
11
19
9
49
44
14
35
10
21
35
40
9
9
22
18
14
45
35
45
21
43
36
3
20
40
19
8
13
39
8
34
8
6
1
10
39
0
30
37
18
32
37
27
16
43
0
46
32
26
24
33
6
18
28
42
23
4
32
14
49
5
23
13
44
41
34
29
18
30
29
30
32
37
45
45
3
33
6
42
23
5
19
21
42
37
33
49
16
20
8
28
30
23
2
14
45
29
28
16
45
26
33
47
49
4
45
40
41
37
33
31
9
17
44
29
21
1
45
0
18
45
31
47
25
48
15
19
2
24
8
39
23
6
26
39
8
32
41
43
9
26
9
25
47
7
9
42
6
26
42
4
5
0
7
39
8
18
13
15
11
28
28
37
28
16
27
30
0
26
2
10
27
0
27
2
22
47
35
49
37
25
15
29
38
11
35
40
8
14
46
43
45
3
45
33
26
31
17
24
48
22
29
25
38
19
28
31
43
21
44
13
41
19
39
23
42
38
1
39
48
25
48
13
30
22
15
43
26
6
32
16
42
0
22
47
43
26
2
32
25
44
39
28
21
8
4
7
44
18
18
32
10
23
15
23
3
3
23
11
41
36
35
38
0
21
14
37
1
18
23
27
40
6
40
10
20
39
35
39
35
16
39
11
45
23
31
18
38
26
37
6
11
49
24
6
28
2
35
45
42
25
46
7
17
7
0
46
7
16
34
47
22
38
42
11
29
34
39
6
23
48
11
0
13
16
45
24
7
28
33
35
40
37
24
22
44
13
19
26
38
44
5
24
26
25
41
16
17
26
20
7
28
40
27
15
35
33
24
15
9
40
20
47
25
23
11
34
32
13
47
40
10
32
36
8
21
24
46
17
15
16
16
46
19
32
3
13
5
47
25
38
48
42
8
21
17
15
10
14
17
13
17
17
49
40
27
49
6
27
39
22
24
15
40
21
35
16
18
5
39
45
6
25
42
18
42
32
29
49
37
33
24
10
9
6
48
21
30
20
21
43
9
7
49
27
32
28
21
29
19
44
11
43
41
6
2
11
46
11
11
33
10
17
2
29
2
9
31
21
28
12
47
0
18
23
3
20
16
36
33
5
6
14
24
4
7
35
44
10
29
42
22
10
27
44
24
27
11
15
23
33
35
25
22
47
38
38
11
5
0
32
44
34
4
7
32
16
8
0
11
49
0
9
46
11
2
29
41
48
44
45
43
44
34
21
10
21
45
38
31
5
22
45
8
22
25
47
48
14
17
26
3
7
29
3
7
34
33
38
40 22 43 9 48 42 -1 -1 32 12 -1 -1 20 35 -1 -1 22 -1 -1 47 23 8 -1 34 48 43 -1 -1 -1 -1 4 -1 30 -1 2 35 -1 -1 27 -1 -1 11 27 25 -1 -1 23 -1 49 0 23 10 -1 41 -1 -1 40 -1 -1 34 -1 -1 11 49 -1 -1 -1 -1 27 16 14 30 -1 -1 16 25 -1 -1 5 -1 12 -1 -1 4 35 -1 -1 -1 3 32 1 44 -1 -1 22 21 17 -1 40 -1 -1 35 -1 -1 10 27 40 -1 -1 13 -1 -1 -1 38 -1 48 18 3 49 -1 -1 12 -1 -1 -1 10 -1 45 22 -1 -1 -1 1 44 34 49 -1 -1 -1 35 25 -1 -1 -1 22 45 14 45 -1 11 -1 10 32 -1 -1 -1 18 -1 -1 -1 -1 20 27 -1 48 6 46 14 44 32 -1 -1 28 40 -1 23 -1 32 -1 -1 17 -1 -1 24 -1 36 -1 18 37 -1 -1 45 -1 -1 20 28 0 21 -1 -1 -1 26 -1 -1 18 11 -1 -1 35 -1 -1 41 45 18 -1 -1 42 -1 7 34 -1 -1 -1 29 21 15 -1 -1 -1 -1 31 -1 38 -1 -1 25 43 9 17 24 -1 -1 25 21 -1 -1 43 34 -1 -1 -1 -1 13 -1 7 0 49 -1 -1 -1 -1 45 42 30 -1 -1 32 3 -1 -1 -1 14 47 47 -1 22 -1 -1 -1 22 38 35 -1 48 -1 -1 8 -1 -1 34 -1 -1 19 6 46 1 46 27 -1 21 -1 -1 -1 4 4 35 26 -1 -1 2 -1 -1 17 13 4 -1 -1 -1 -1 6 9 45 -1 25 47 -1 -1 -1 3 21 -1 -1 -1 18 -1 -1 21 23 -1 49 -1 -1 13 -1 -1 15 8 1 10 18 36 18 -1 -1 45 -1 -1 36 15 26 2 -1 49 -1 -1 22 14 -1 -1 -1 48 -1 -1 -1 7 41 0 -1 -1 15 -1 28 31 -1 -1 -1 15 22 -1 -1 15 36 4 -1 26 49 -1 -1 -1 31 43 48 -1 -1 -1 0 -1 -1 1 27 16 -1 -1 -1 -1 30 22 -1 -1 38 25 16 -1 26 -1 -1 45 45 15 -1 -1 -1 47 -1 8 -1 -1 21 -1 18 -1 -1 29 33 22 16 -1 21 -1 -1 10 37 31 -1 -1 26 -1 -1 9 40 39 46 16 -1 6 -1 -1 46 -1 6 -1 -1 12 32 1 30 -1 2 -1 -1 -1 -1 41 -1 48 -1 -1 9 -1 -1 42 45 -1 41 -1 6 23 5 -1 -1 -1 -1 25 31 -1 33 -1 39 -1 36 -1 -1 25 45 7 36 -1 -1 42 -1 -1 -1 12 -1 5 -1 -1 45 -1 -1 13 42 -1 -1 33 49 6 21 -1 -1 -1 14 -1 -1 31 26 -1 43 14 15 -1 -1 0 34 -1 -1 46 -1 -1 48 -1 2 44 18 44 -1 -1 -1 -1 -1 -1 19 9 -1 25 -1 0 13 26 36 -1 -1 -1 -1 35 -1 -1 48 13 -1 39 -1 -1 9 29 11 13 8 30 -1 -1 9 -1 41 -1 -1 2 9 39 -1 -1 42 36 -1 -1 25 -1 38 -1 -1 -1 11 11 19 -1 32 42 -1 -1 -1 6 -1 24 13 -1 8 15 -1 20 -1 -1 -1 -1 19 44 26 41 16 -1 28 -1 -1 14 49 9 18 -1 40 26 -1 -1 -1 39 -1 38 13 1 -1 -1 -1 18 -1 -1 -1 21 41 -1 24 -1 -1 -1 43 45 24 48 -1 -1 -1 17 9 -1 -1 -1 13 8 -1 -1 22 -1 -1 28 37 44 17 -1 -1 13 2 1 -1 -1 -1 47 24 -1 -1 17 -1 -1 46 -1 -1 -1 29 5 2 -1 -1 18 15 -1 -1 41 -1 -1 17 11 -1 -1 11 -1 -1 5 30 -1 5 -1 -1 -1 -1 42 8 41 31 31 11 17 26 10 0 -1 -1 47 5 8 -1 -1 -1 -1 16 -1 17 44 -1 -1 -1 13 -1 48 -1 -1 17 -1 18 -1 -1 43 0 12 -1 -1 -1 40 30 21 -1 -1 -1 30 -1 -1 17 12 40 -1 -1 32 36 -1 -1 -1 47 31 9 37 -1 -1 -1 -1 -1 36 39 10 8 30 49 -1 -1 -1 21 -1 40 -1 -1 -1 15 39 45 11 37 -1 -1 -1 21 15 1 5 -1 -1 22 -1 -1 31 -1 47 -1 -1 19 18 -1 -1 31 -1 -1 22 -1 -1 25 43 9 4 27 -1 8 6 -1 41 -1 -1 1 42 -1 -1 -1 16 -1 -1 47 -1 20 8 -1 -1 47 -1 34 -1 15 -1 -1 26 45 29 43 4 9 -1 4 28 13 -1 -1 8 -1 27 -1 -1 31 7 -1 -1 -1 26 30 -1 -1 22 -1 -1 29 19 48 -1 -1 35 -1 -1 35 -1 -1 8 3 37 -1 -1 -1 37 12 -1 10 16 12 34 -1 41 14 -1 -1 -1 -1 15 -1 -1 -1 25 -1 16 16 17 1 23 0 -1 29 -1 19 -1 -1 -1 -1 43 26 23 22 -1 -1 28 -1 -1 33 -1 30 34 -1 -1 -1 35 -1 8 26 2 -1 -1 1 -1 18 7 -1 -1 -1 -1 45 -1 49 -1 -1 21 -1 -1 17 6 22 34 19 -1 47 5 0 25 -1 -1 45 -1 -1 10 7 37 37 -1 -1 15 -1 -1 29 5 -1 19 -1 -1 -1 18 -1 -1 24 48 46 26 44 -1 -1 -1 -1 9 -1 -1 16 41 2 14 31 -1 -1 21 -1 2 -1 -1 17 -1 34 -1 16 -1 -1 28 9 -1 3 -1 -1 13 -1 9 49 -1 -1 -1 29 24 -1 29 -1 44 -1 29 -1 -1 24 -1 -1 2 -1 -1 7 17 -1 -1 -1 45 42 20 -1 49 -1 -1 14 35 25 35 -1 -1 48 -1 -1 11 20 -1 41 -1 -1 9 39 18 25 -1 -1 -1 -1 27 -1 -1 5 -1 47 4 1 -1 -1 8 -1 14 -1 -1 41 -1 -1 48 38 10 44 49 -1 -1 45 -1 16 -1 -1 -1 -1 7 23 -1 -1 -1 46 33 -1 45 21 -1 45 -1 -1 21 2 -1 -1 -1 45 21 38 36 -1 -1 38 6 22 -1 -1 25 -1 37 -1 -1 -1 42 2 24 1 -1 -1 16 42 -1 -1 48 -1 44 -1 -1 22 21 45 -1 -1 -1 -1 4 5 -1 30 -1 -1 38 -1 -1 26 49 0 -1 37 -1 -1 41 -1 2 10 11 -1 -1 -1 28 -1 42 -1 -1 27 -1 0 -1 -1 21 6 49 -1 -1 47 42 46 -1 -1 -1 20 17 -1 -1 -1 15 36 41 -1 -1 3 12 43 32 9 -1 -1 12 -1 46 18 29 -1 -1 -1 -1 -1 9 47 -1 1 -1 -1 43 39 -1 -1 -1 45 31 42 1 -1 -1 -1 -1 -1 30 -1 28 6 -1 -1 36 -1 -1 35 4 10 5 -1 10 30 -1 -1 -1 4 29 -1 -1 1 12 9 -1 -1 -1 34 -1 3 -1 1 -1 22 24 -1 0 -1 -1 -1 32 47 6 -1 27 3 -1 -1 7 8 4 -1 -1 -1 46 20 -1 5 36 -1 -1 -1 -1 14 6 5 28 -1 -1 31 38 32 -1 -1 -1 -1 15 9 -1 -1 1 18 -1 -1 36 -1 -1 -1 35 20 -1 -1 13 -1 -1 1 12 3 40 0 25 -1 45 -1 -1 41 -1 -1 -1 3 21 -1 9 -1 -1 14 44 -1 -1 -1 -1 37 13 44 33 31 3 5 27 -1 -1 -1 17 38 6 -1 -1 -1 49 31 -1 -1 -1 30 34 -1 -1 -1 18 35 -1 -1 3 24 21 -1 27 -1 -1 33 -1 36 -1 -1 -1 26 -1 43 8 41 14 32 44 -1 -1 -1 -1 0 -1 -1 49 -1 20 -1 -1 44 37 11 -1 32 -1 -1 -1 -1 11 -1 3 -1 22 31 9 -1 -1 -1 44 -1 38 45 -1 -1 -1 18 22 48 26 -1 -1 39 13 -1 -1 -1 16 -1 -1 14 11 -1 -1 23 7 -1 -1 -1 38 -1 16 11 -1 -1 -1 40 16 34 28 21 23 22 -1 -1 -1 47 38 14 43 -1 -1 0 -1 -1 13 -1 -1 47 7 18 -1 -1 17 -1 41 -1 -1 5 0 -1 10 -1 10 -1 -1 39 34 12 -1 -1 12 -1 -1 19 10 22 -1 -1 15 48 -1 -1 -1 -1 21 36 28 21 12 48 3 -1 -1 -1 -1 26 28 -1 -1 44 31 -1 4 -1 -1 26 -1 -1 6 -1 36 41 38 -1 -1 29 -1 -1 26 23 -1 49 -1 -1 -1 34 18 21 28 -1 -1 19 29 4 -1 -1 -1 -1 9 1 19 38 33 -1 -1 43 18 -1 -1 -1 -1 21 8 9 10 -1 -1 -1 -1 34 -1 -1 -1 25 -1 1 19 -1 -1 18 -1 -1 43 14 14 -1 28 30 -1 -1 -1 24 18 11 -1 47 37 2 -1 -1 -1 27 -1 -1 30 -1 -1 46 -1 1 -1 -1 6 2 -1 1 -1 -1 -1 0 41 33 33 17 -1 39 -1 -1 -1 36 37 -1 -1 -1 2 -1 -1 14 3 28 18 -1 -1 25 -1 0 -1 -1 -1 25 45 37 11 -1 -1 40 -1 31 -1 -1 -1 11 21 -1 25 30 -1 -1 21 -1 15 -1 -1 40 -1 -1 36 15 22 15 45 24 -1 -1 22 18 -1 15 -1 -1 -1 -1 37 -1 -1 40 19 36 14 -1 -1 34 21 -1 25 -1 -1 44 -1 2 -1 -1 15 43 -1 -1 4 -1 -1 28 21 -1 -1 21 24 17 -1 27 -1 -1 22 -1 -1 -1 46 39 46 5 28 34 24 45 -1 -1 37 -1 -1 13 45 41 42 41 -1 21 -1 23 -1 -1 29 -1 -1 42 14 -1 27 -1 -1 -1 28 20 46 -1 8 -1 -1 11 -1 3 -1 43 -1 -1 20 -1 -1 24 27 35 -1 -1 -1 19 35 -1 -1 -1 40 20 12 -1 -1 39 -1 24 -1 -1 -1 33 2 40 47 17 -1 -1 -1 5 47 44 30 45 -1 22 -1 -1 46 32 -1 0 10 48 -1 -1 -1 14 4 -1 -1 22 -1 12 -1 -1 -1 35 31 -1 -1 23 2 -1 26 14 -1 -1 31 14 -1 -1 -1 35 -1 28 -1 -1 46 11 37 33 -1 -1 -1 11 -1 -1 44 -1 38 30 24 -1 -1 -1 -1 2 18 22 -1 -1 45 0 15 -1 42 -1 -1 13 -1 -1 13 39 44 -1 -1 42 -1 -1 16 35 -1 21 -1 -1 -1 4 29 -1 -1 22 45 20 33 7 9 -1 -1 43 48 6 -1 -1 -1 41 -1 -1 25 -1 -1 32 -1 39 -1 -1 44 -1 -1 47 32 -1 -1 32 14 -1 27 -1 -1 47 13 -1 18 -1 -1 -1 43 -1 0 24 -1 2 -1 -1 -1 32 30 45 8 7 25 -1 -1 16 -1 -1 17 0 -1 -1 44 -1 39 -1 -1 17 6 -1 -1 13 41 -1 -1 17 -1 -1 36 24 16 -1 -1 -1 5 20 -1 -1 24 49 -1 -1 -1 27 4 27 36 -1 -1 44 22 -1 -1 -1 8 -1 27 -1 37 -1 -1 11 8 -1 6 -1 -1 -1 32 7 2 44 30 12 23 48 -1 39 -1 33 -1 -1 48 45 38 -1 6 -1 -1 12 -1 -1 5 -1 -1 48 38 -1 -1 -1 34 -1 48 -1 -1 17 14 34 14 -1 26 -1 -1 6 24 -1 38 -1 -1 41 -1 30 9 -1 -1 -1 3 33 31 -1 -1 12 7 27 -1 -1 -1 -1 -1 14 10 10 -1 47 49 40 33 -1 -1 -1 -1 44 -1 -1 -1 5 -1 -1 37 2 -1 13 25 -1 -1 33 45 -1 -1 -1 20 37 -1 -1 -1 47 -1 24 21 2 42 40 -1 19 -1 15 -1 -1 4 16 13 -1 -1 -1 47 -1 -1 21 -1 -1 -1 -1 42 12 11 39 -1 -1 48 18 31 -1 18 -1 -1 44 -1 -1 7 43 -1 -1 -1 49 0 25 12 19 -1 32 46 -1 -1 -1 33 -1 4 -1 -1 -1 17 -1 20 39 -1 -1 -1 7 40 8 17 -1 23 -1 -1 28 15 -1 6 -1 -1 2 9 29 2 -1 0 -1 -1 -1 -1 -1 -1 8 11 -1 25 -1 44 -1 -1 18 -1 -1 30 40 -1 -1 2 27 -1 -1 22 -1 -1 24 9 -1 -1 29 39 -1 -1 -1 4 37 -1 36 22 -1 -1 -1 28 18 24 -1 -1 -1 -1 4 4 33 -1 -1 -1 30 29 5 -1 9 -1 -1 35 -1 -1 18 8 -1 21 45 -1 24 -1 -1 -1 21 48 6 6 -1 26 20 38 -1 -1 -1 25 46 -1 -1 15 30 -1 -1 -1 27 31 -1 -1 1 26 4 -1 -1 -1 -1 -1 4 1 -1 -1 20 43 -1 -1 -1 36 28 4 -1 19 34 -1 -1 12 38 -1 24 40 29 49 20 -1 -1 28 42 -1 -1 -1 49 -1 -1 -1 23 25 -1 -1 -1 48 -1 2 11 -1 -1 44 19 -1 -1 5 -1 46 -1 -1 31 35 27 47 42 18 16 -1 25 -1 5 -1 -1 -1 15 37 -1 -1 28 -1 -1 -1 0 -1 -1 27 2 6 44 41 -1 36 -1 -1 0 -1 2 -1 -1 -1 13 4 36 18 -1 -1 -1 37 21 -1 46 -1 -1 -1 45 32 31 -1 -1 40 -1 -1 -1 29 11 4 7 23 -1 -1 -1 49 13 6 -1 34 -1 -1 -1 32 -1 -1 46 24 11 34 -1 -1 -1 -1 23 -1 2 -1 -1 21 19 -1 -1 -1 3 48 -1 -1 32 -1 -1 8 31 24 23 39 -1 0 -1 14 -1 33 -1 -1 24 47 43 26 -1 -1 -1 5 -1 28 -1 -1 2 -1 -1 26 5 20 8 4 45 18 -1 0 -1 12 43 -1 47 -1 -1 -1 17 1 36 -1 -1 -1 31 -1 -1 2 37 -1 1 25 -1 -1 -1 -1 43 11 15 21 -1 42 -1 -1 35 -1 38 -1 -1 6 37 -1 -1 -1 48 13 -1 0 6 27 5 -1 -1 -1 49 5 -1 48 -1 -1 23 -1 -1 33 39 -1 42 -1 -1 -1 44 19 5 -1 39 -1 22 -1 -1 -1 35 37 -1 15 -1 -1 10 6 14 -1 28 -1 -1 -1 -1 23 1 5 -1 -1 19 -1 -1 38 7 -1 33 -1 -1 29 -1 -1 -1 21 11 7 0 -1 0 -1 -1 41 10 10 18 10 -1 4 -1 -1 18 9 -1 -1 -1 -1 40 40 -1 -1 35 46 -1 23 -1 -1 12 31 -1 -1 -1 14 -1 -1 7 27 -1 -1 39 13 22 15 -1 43 32 -1 -1 -1 -1 -1 35 -1 27 -1 -1 -1 11 41 42 16 19 18 -1 -1 33 46 -1 31 -1 -1 -1 18 22 46 37 -1 -1 -1 -1 39 31 37 -1 8 -1 41 3 -1 -1 25 -1 3 -1 -1 10 -1 19 19 -1 -1 46 42 -1 34 -1 -1 -1 47 -1 12 -1 -1 33 26 -1 -1 29 31 7 45 23 -1 -1 -1 0 -1 47 -1 -1 -1 47 -1 38 33 -1 46 6 -1 -1 -1 -1 33 36 35 2 -1 -1 -1 45 -1 36 18 2 -1 -1 -1 29 -1 18 9 -1 -1 -1 41 43 -1 -1 -1 7 7 -1 -1 35 34 -1 -1 4 -1 -1 26 47 39 30 48 -1 46 43 -1 -1 42 41 -1 16 -1 36 -1 -1 47 -1 -1 41 43 28 -1 -1 10 43 24 -1 -1 -1 48 -1 16 34 -1 -1 -1 6 2 -1 39 -1 7 18 22 -1 -1 -1 -1 48 30 18 5 -1 -1 -1 -1 33 33 -1 23 49 12 -1 -1 6 36 -1 -1 -1 -1 23 23 -1 -1 28 -1 -1 49 33 28 10 5 -1 -1 48 -1 -1 4 9 -1 3 -1 -1 35 -1 38 -1 -1 4 -1 25 27 -1 28 -1 22 31 -1 -1 47 -1 -1 -1 36 -1 15 -1 -1 44 32 -1 -1 7 19 13 -1 1 13 -1 20 15 -1 37 -1 -1 -1 23 45 -1 1 -1 17 -1 -1 44 14 24 33 34 -1 35 -1 -1 -1 -1 4 -1 -1 48 26 35 10 35 -1 -1 -1 -1 34 -1 -1 24 -1 -1 48 24 41 -1 -1 39 13 -1 -1 14 -1 -1 44 -1 38 -1 -1 9 39 39 14 40 -1 -1 -1 9 43 -1 -1 9 -1 -1 25 -1 -1 48 43 -1 44 25 -1 7 -1 -1 -1 -1 25 37 37 -1 -1 11 23 27 38 35 -1 -1 -1 21 -1 -1 36 10 -1 -1 1 21 43 -1 21 -1 7 -1 -1 -1 -1 27 -1 38 -1 46 -1 -1 37 29 7 3 21 -1 -1 49 49 -1 -1 -1 42 -1 47 -1 -1 46 4 10 31 -1 36 -1 -1 33 -1 33 -1 -1 12 27 -1 -1 15 -1 -1 47 8 12 15 -1 -1 -1 -1 9 11 -1 -1 -1 32 26 40 23 42 25 -1 11 -1 -1 -1 24 -1 25 -1 47 -1 7 -1 49 18 -1 -1 -1 23 -1 46 -1 -1 41 14 -1 -1 -1 44 24 31 39 -1 -1 -1 44 -1 -1 -1 
1483
10
27
42
36
21
36
4
30
6
24
40
34
15
45
40
20
38
32
42
38
47
12
8
28
42
46
48
47
24
43
41
29
9
12
22
11
24
5
2
20
41
47
1
8
7
4
47
7
0
9
14
6
38
41
20
16
16
0
26
48
35
24
8
11
38
35
24
28
1
37
36
10
9
4
48
23
5
38
35
18
7
32
16
38
12
16
18
38
2
29
18
23
45
24
47
7
17
23
32
13
37
21
16
48
29
27
42
5
4
38
7
23
3
18
29
46
19
38
2
18
6
37
47
0
29
35
32
1
8
31
23
18
25
22
19
48
44
29
7
15
20
7
11
47
6
8
33
34
10
6
39
46
26
40
41
43
34
5
39
24
0
23
29
13
45
34
49
48
22
15
22
39
16
9
29
38
20
7
9
38
29
27
27
35
49
35
41
37
47
47
24
19
35
26
28
20
4
15
33
33
6
18
23
45
6
36
9
24
28
29
49
20
46
37
29
3
40
43
19
37
32
0
27
41
48
45
48
49
16
16
24
1
8
16
3
22
31
9
33
24
18
36
30
20
37
36
46
48
31
31
16
1
4
33
18
1
48
44
31
47
2
14
10
8
21
49
33
30
40
11
28
26
1
18
47
3
33
35
34
27
0
29
20
37
25
41
1
32
0
3
1
43
24
19
45
5
23
3
18
15
18
32
24
19
13
21
7
36
40
3
9
16
48
43
2
28
46
30
47
33
11
11
36
8
49
48
31
43
3
6
9
40
30
31
12
1
33
43
49
7
25
24
13
24
15
10
44
42
23
6
4
23
45
35
6
48
38
48
36
28
38
34
28
43
46
39
21
14
42
23
47
40
24
24
22
1
16
9
35
29
21
46
25
29
5
19
35
36
25
45
27
32
48
4
40
44
41
17
7
45
17
46
40
26
0
44
43
13
7
33
41
14
31
11
43
25
21
38
44
34
31
40
19
0
6
15
47
34
15
37
46
46
5
39
14
13
6
34
0
31
18
30
29
7
31
19
23
9
11
27
19
8
38
49
28
46
30
8
47
43
30
35
8
39
13
28
5
17
49
20
32
45
36
4
13
36
39
3
42
13
0
49
14
23
21
49
1
22
29
19
37
32
13
22
1
19
36
16
17
7
16
46
29
1
4
11
25
18
20
22
36
6
41
44
11
37
6
7
16
46
15
14
0
5
25
21
28
14
30
47
32
5
48
45
26
42
8
3
43
23
4
46
28
29
21
32
14
4
14
9
3
41
11
4
13
48
41
35
41
22
22
32
18
37
8
30
11
6
22
16
49
20
20
9
15
6
9
28
1
18
6
30
4
3
14
24
39
18
20
10
43
14
13
6
7
32
4
25
35
7
47
10
49
3
33
20
23
49
41
7
8
44
15
11
31
8
23
9
4
7
4
21
20
11
28
17
45
4
31
33
16
22
23
19
25
34
48
36
45
8
13
22
14
31
18
14
9
40
19
35
34
14
43
37
3
39
2
8
15
38
28
1
1
43
29
47
16
28
46
8
37
34
12
39
49
17
29
5
26
37
18
41
6
5
17
38
8
40
40
17
43
40
2
5
42
13
4
21
30
35
34
45
7
14
32
1
38
22
21
4
25
18
29
44
26
32
39
18
17
34
7
27
26
34
8
14
36
33
43
14
25
27
19
21
44
9
42
47
13
42
24
30
43
44
48
24
49
0
1
14
11
17
43
31
7
29
37
44
11
6
15
41
41
43
42
20
36
42
49
7
49
4
44
45
2
8
3
2
34
21
17
7
16
11
23
17
26
9
6
40
47
2
14
34
46
14
9
41
18
48
2
45
5
23
24
39
22
26
35
12
16
21
25
7
45
10
3
36
45
21
5
19
22
14
5
15
48
35
21
5
12
10
42
16
37
3
1
48
3
34
3
36
30
1
4
21
26
20
8
31
19
23
47
17
30
17
48
37
29
38
37
48
35
31
49
3
18
16
48
19
33
19
15
15
32
11
40
46
18
43
6
44
21
33
20
45
45
45
40
45
44
29
20
35
3
18
10
3
6
2
36
44
27
5
7
1
21
41
44
44
11
25
5
26
23
16
38
40
11
30
21
33
9
30
9
7
2
47
35
4
37
23
19
23
34
36
6
38
47
30
0
6
15
3
37
37
12
32
34
36
17
45
2
18
39
17
19
34
26
0
48
10
16
44
45
42
36
43
27
40
42
41
33
13
35
18
7
4
8
31
21
13
1
14
22
17
35
37
1
15
43
25
36
49
27
32
5
40
14
25
14
22
38
22
40
29
24
30
13
28
45
16
13
44
3
45
9
2
9
22
33
25
48
7
4
45
40
43
27
22
30
22
10
3
17
39
12
29
22
1
41
5
43
43
4
46
25
1
44
48
41
8
34
36
34
21
5
20
3
15
30
5
12
23
39
8
21
48
12
28
32
12
37
12
32
36
41
34
39
35
39
18
11
17
45
13
31
25
42
20
0
43
9
13
4
1
31
39
32
37
43
42
6
17
32
0
14
26
48
13
11
16
43
6
13
24
15
1
0
47
49
19
30
25
31
20
34
23
6
32
42
32
34
44
43
4
6
1
1
43
36
21
27
48
30
1
6
24
1
38
47
3
24
7
7
9
21
43
43
3
5
46
43
1
37
4
11
48
41
9
42
38
41
38
35
7
27
34
0
15
32
22
30
28
38
47
40
32
13
43
3
10
14
4
46
23
27
21
27
11
9
28
47
1
29
23
36
41
43
35
18
17
49
2
41
43
1
16
13
34
10
25
23
0
24
6
23
35
5
34
4
7
43
22
12
22
13
47
8
46
21
43
36
32
11
17
2
7
12
19
17
8
44
23
42
49
1
47
14
44
26
1
22
5
13
3
29
12
22
6
17
9
46
24
9
34
39
32
15
45
16
6
44
32
37
35
12
2
18
0
41
24
39
33
44
25
30
43
44
3
36
29
23
36
13
11
7
36
41
45
21
8
10
21
22
24
48
35
5
23
4
1
26
39
33
10
48
24
34
6
27
26
47
35
6
17
5
39
19
49
2
15
20
45
1
35
25
33
48
5
23
32
48
27
37
20
1
37
11
14
32
8
6
37
36
8
40
48
48
14
45
9
11
41
13
43
21
1
42
33
13
27
16
14
27
5
28
36
48
27
41
41
41
3
2
42
39
43
19
8
3
47
6
34
1
23
3
43
5
14
27
48
23
44
36
13
42
35
0
42
1
44
16
6
38
23
18
18
37
11
36
17
13
30
18
49
45
18
20
37
15
28
5
5
23
7
15
21
4
34
1
12
28
27
8
11
2
2
28
27
15
30
28
43
5
18
16
46
20
44
32
23
5
49
43
6
8
33
16
3
13
6
15
