26 100 100
6 72 85 72 41 72 88 76 92 84 92 84 66
9 24 48 24 11 24 12 24 12 93 12 93 59 34 59 35 59 17 77
4 61 5 50 5 50 55 50 21
6 81 36 81 41 81 95 81 95 81 71 81 25
11 23 26 23 75 44 75 44 60 44 28 44 57 95 57 96 58 96 78 96 55 96 81
4 8 47 15 47 12 44 12 58
5 60 17 60 35 60 32 18 74 46 74
9 42 4 30 16 30 67 79 67 79 88 79 70 79 92 79 56 79 72
4 2 15 11 6 11 28 42 28
10 74 21 74 75 74 73 74 65 74 99 74 66 74 10 31 10 77 10 77 78
5 3 89 3 49 3 93 15 81 72 81
4 63 97 63 85 63 58 28 93
11 7 17 37 17 24 17 24 3 24 43 24 30 94 30 94 91 77 91 77 47 77 75
9 61 0 61 90 61 25 61 83 34 83 95 83 65 53 65 72 15 72
11 17 81 8 72 16 64 16 45 89 45 96 45 3 45 28 70 11 70 11 35 11 52
8 53 78 15 40 15 22 15 87 75 87 75 37 77 37 12 37
6 14 38 91 38 94 41 95 41 99 41 5 41
2 37 96 37 45
11 84 76 84 81 74 81 74 7 74 51 74 88 96 88 96 50 13 50 13 17 33 17
4 40 5 62 5 52 5 52 31
5 85 12 74 12 74 24 74 52 74 96
10 5 21 32 21 35 18 35 74 63 74 69 74 45 98 19 72 19 29 19 34
10 22 5 22 19 6 19 6 57 61 57 61 20 61 73 61 63 45 63 45 92
2 55 68 55 89
7 93 1 92 1 98 7 98 62 65 29 87 51 86 50
5 71 90 71 23 58 10 58 43 58 69
