40 100 100
4 71 54 3 54 3 15 45 57
6 30 48 30 37 38 37 21 20 21 17 7 17
6 82 39 78 39 86 31 46 31 90 75 90 54
7 79 2 79 91 87 83 87 29 59 57 59 52 85 52
5 76 31 76 36 76 3 59 20 59 71
2 67 48 27 8
9 25 52 25 72 45 52 45 31 45 91 45 67 81 31 81 55 73 47
8 63 33 63 80 2 80 2 85 9 78 8 79 1 86 29 86
2 79 34 79 22
6 3 64 3 21 3 55 62 55 62 65 68 65
3 73 48 73 53 73 57
8 56 26 30 52 47 35 98 35 98 54 0 54 0 46 0 88
4 21 13 28 13 19 22 19 18
5 54 91 54 87 54 2 84 32 84 80
5 85 11 85 70 85 13 85 50 85 45
10 68 5 70 3 53 20 59 14 59 71 59 1 64 6 69 1 69 68 39 68
10 34 37 34 23 34 95 70 95 31 95 55 95 55 12 55 19 39 3 39 58
3 6 5 42 41 42 34
9 7 85 98 85 98 29 6 29 13 22 13 81 13 84 10 84 25 84
6 72 80 72 29 9 29 8 28 8 67 25 84
6 65 10 22 10 49 37 40 28 87 75 6 75
9 61 97 44 80 44 36 44 1 44 30 44 29 27 46 27 5 43 5
4 45 4 45 56 45 67 53 59
2 23 63 23 17
4 56 83 56 92 56 48 56 88
9 58 75 62 75 62 46 91 46 78 59 60 59 89 59 89 52 87 50
5 9 93 9 24 9 62 16 69 20 73
7 49 32 68 13 68 35 44 11 44 1 44 73 44 63
10 56 33 56 13 56 24 56 14 78 14 78 66 95 49 50 94 10 54 88 54
6 32 48 90 48 43 95 38 95 39 95 82 95
2 79 33 38 33
5 64 20 10 20 81 20 83 18 64 18
5 99 61 75 85 75 6 92 6 92 94
9 99 77 99 6 99 30 99 87 21 87 94 87 94 17 94 41 42 41
11 62 36 77 51 84 58 99 58 61 96 59 94 56 97 13 54 57 54 57 65 57 93
7 36 64 32 64 82 64 82 0 19 0 5 14 5 93
8 31 73 36 68 34 68 34 96 34 5 79 5 87 5 40 52
3 67 18 67 29 67 86
9 68 27 68 73 68 40 68 79 68 99 26 99 26 5 26 48 26 40
8 56 39 56 83 56 94 95 55 95 6 99 10 99 19 99 63
