100
0000000000000000100000001000000000010000000000000100001000000000000000001000000010101000000000100000
0000000000000000000000100100000000000000000000000000000000000000000000110000000000000000010000000000
0110000000000000110010000000001101000000000000000000000000000000000000000000010000000000000000000000
1000001000001000101000000000000000010100000001100000000101100010010000001100000000010000010000000000
1000100000000000000000000011000000000000100000001000010000000000000001000000000000000000000000000000
1000000000000010000000000000000000000000000000000000000000010000000000000101001000111000000001000000
0000000000000000000000000000100001000011001010000010000100001000100000100001000000000000000000000000
0000000000000000000000010000000000000000001100000000000011000000000000000101000010000000001000010010
0000000000000011000000010000100000000000110000000000000000000101000000110000100000000000000000000100
0001000000100001000000100100000000000000000000100000000000000010000000000000000000000000000000110000
1001000000100000000100000000000010000000000000000010000000000000000000000000000000000000000000000001
0010000000000000000001000000100000000100100010000000000000000000000000000000000001000100100001010000
0000000000000000000001000000000000000000000000000110000000000000000000000000000000100000001100000100
0000000000000000000000100000000000000000010001000000000000000000001110000000000100000000000010100000
0000000000000000000001000000000000000000000000000001001000001000000000000000000001010100100000000000
0000000000000000000000100000000000000010000001010010100000000000000100000000001000000000101000000000
0011000100010000000000000010000000000000000000100010001000000000010000000100000000010000000001000010
0000100000010000000000100000010000000010000010100000001000000000000010000000000000000000000000000000
0000000010000000000000000001000000000000000000000001011001000000000000000010000000010000000000000000
0100001100000000000000110000000000000000000000000000000000000000000100000000010000000000100000010010
0000100001000100001010010001100100000000100000000000100000000000000010100000000000000010000000000001
0000000000001000001000010000000000000000000000000001010010100000000000000000000011000000001000000001
0000000000000001100000000000000000000000000100000010000000000000001000000100000000000000000000000000
0000000000000000000000000000000000000000001000000001000000100000000000000100000010000100000000000100
0000000001000000010000000010010000000000000000000000000000100000000010010000000000000000000000100000
0000000000000000000000000000000000011000000000000000110000000000000000000010000100010000100000010000
0010000000000000000000001000000001010000000000100000000000000001000000000000000000000000010000100000
0000000000000010001000000000000000000000010000000000000100000000100001000000000000000000000000000001
0010000000100000000000001000000001100000001000000000000000000001000000000000000000000000010000000000
0010100000000000000010000000001010000000001100000000000001000000000000000000000000001000000000000000
0000000100000000000100000000000000000000000000000000000000001000000000000000100001010000000000010000
0000100010101000000000000000000000010000000000001100000000000000000000000000000000010100000000000001
0000000000000000000000000011010000100100100000000000000000100000000000000010000000000000000001000000
0000100000000000000010000000000000000010000100000000000000001000000001000000000100010100000000000000
0000000000000000000000000100000000000000000001000100000000000000000000000000000000010000000000000000
0000000000000100000100001000000110011011000001000100000000000100000001010001000000000001100000001000
0100000100001000000100000000000000100000000000000000000000000000000000100000000000010000000000000000
0001000000010000000000001000000001001000010100000000000100000000100101100010010000000001000000000000
0000100010100000000000000000000000000000000100000000001000010000000000000000000000000000000000000010
0100001000000000000100000000000000000010000000000000000000000000100000000000010000000001000000000000
1000000000010001000000100000000100000000100010000000101000000000100000000000101001000000000001000000
0011001010001001000000000000100000001000000000000110000000001000000000000000010000110000000000000000
0000000010000000000011010000000000000000001100000000000001101000000000000000000010000000001000000100
1000000000000000000000000000100001000000000000000000011000000000100000000000000100010001100101010000
0000001001001000010000000000000000000000010100000000000100100000001000000000101000000001000000001100
0000001100000000001000000000000001000000000000100100110000000000000000000010000001000000000000000000
0000000000000000001000000000000000000000000000010000000000010000001000000000100010000000000100000010
0000000000100010000000100000000000000000000000000000100000100100000100000100000000000000000010000000
0100000000000010000000010000000000000000000000000100000000000000001000010000000001100101110000100010
0000000000010000000100000010000000000010100000000000000000010000000000000000000000010000100000000000
0001000000000000000000000001010000010000000000010000000000110000000000000000000000100000000000000000
0010000000010000000001000101000000010010000000000001000001000000000001000000001100010000000000000110
0000000000000000000010000000000000000000000010010001010000000000000000000001100000000000001000000000
0000000000000000000000010000000100000100010000100000100000000000000001010000001000000100000001000000
0000010010000000000000000000000001000010010000101000000000000001000000000010000100000000100001000000
0000000000000000100000000000000000000000001000000000100000000000000000000000100000010000101000000000
0000000000000001000000000000100000100000000000000000111000000000000000000000000001000001100000000000
1100000000000000011100000000010000010000000001110000000010000010000000010000000010000000000000001000
0001000000001000001000000101000000000000001000000000000000000000100001001000000000000000000000000000
0000000000100000000000000100000000101000010000000000000000000000000000000001100000000000000001000000
0010000000000010000000100000010000000000000100000100000011100000000000000000000010001000000000000000
0000000000000000011000000000000000000001100001000100010000000010000000000000000000000000100000100000
0000000000000000000001100000100100000100100001001000010000010000000001010010010001010010000000100000
1010010000000100001000010000000100000000000000010000000000000110000000000000000100000001000000000000
0000000000000000000100000000100100001000011000100000100000000000000000100000000000000000000000000100
0000001000000000000010000110000000001000100010001010001010000000000000000000000010100000000000010000
0000100000000000001100000001100000000000000000000000100000000000001000000000000000100000000000000000
0000000000000100000001000000000000000000000000000000010010000000000100001100000001100010000000000001
0001000010100000000000000000000000000000000000000000000000000000100011000000000000000000000000000010
0000001010100100000000000000000000000010001000000001000010100000000000000010000000000001000000000110
0001100000010000000000000000000000101001000000000001000000000000000000000010000100010000000000000000
0000110000000000100000100000000000001000000100000000000000000010000000000000000000010000100100001010
0000000100000011000000000000000001000000010001000000001000000000000000000000000100000000000000000000
0000010100100000000000010100010000001010000000010000000000100000000101000010000000000000100000000000
0000000000000000100010000000000000000000000100000000110010001100010000000000000100101000000000100001
0000000000000000010000000100000000001100101001000000000011000000000000000000000000000000000000000000
1000000100001000000000000000000010000000000000100000010000000000000000010000000000000000010000001000
0000000100000000000000000000000000000000000000000010000000000010000001000000010011000000000000000001
0000000000100000010000000000000000001001000010000000000000000000000000000000000000001001000000010000
1000010001010000000000000000000000001000000100000001100000001000001000010000000000000000000001000000
0010000100000010100000000000000000000000000000000000001000000010000001000000000000000000000000000100
0100000100000000000000000000010000000000000001000000000010000100010000010000011000000000110010000001
0000000000000001000001000000000000000000000000000000000100000000000000000000000001000000000000000000
0100000001000000000000000000000010001000000000000000000000000000001011001000000000000010000000000010
0100000000000001000000000001000000000000000000000100000010000000001000000000000000000000000000000000
0000010000000000100000000000000011000000001000000000000010000000000001000100000100000000100000000001
0010000000000010000100000000110000100000100000001000000000001001011000100000000000000000000000000000
0100010101000000001000000100000000000000000000000000000000001010000000000001000010000000000000000000
0000010010010000011000101000001000000000000000001000000000000000000000000000000010000000000000000000
0000010000001001110000010000101000000100010101010000000000000000000000001000010000110001000000000000
0000000000000010000000000010000000000000000000000000000011010010000000000000000110010000000000000000
0000001001000001000001000000001001100000000000000000010000000010001000000000000001000000000000010000
0000000000000000110000011000000000100010000000000000000010000001000000000000010010000000000010000000
0000000001010000000000000000000000010100000000000000000000000000010010000000100100100000000000000001
0000000000000000000000000000000000000010001101110010010000000000000000001000000000000100000000000000
0000000000000001000000000000000000000000000100000000100000000000000000000000000000000000000000100011
0000000000000000000000000000000000100000000000000000010000000000000000000010000000000000000001000001
0000000000010000001000000000000000100000011000000000000000000100000000000000000000000001010000010000
0001010000010000000000000000000000000000000000000000000000000000000001000000000000001000000000110000
1000000000000000010000000000000000100000000010000010000000000100000000000000000000100000000000000000
