2055338091098903112
4580903547422384846
5893887010051871325
8833612435715706362
304618165781308307
797070290977847535
1924282205616216610
3066025243381625955
2788520858794382255
7623750828140857426
6954151202243713747
6689726345295912704
1786514231145177740
3555138831424579682
2008303309806327512
7395758187330792372
5494219040352057402
7083122290157596577
2014455396012315872
5248428514206602019
2839784605390911727
7963833675765163355
6657362808030427206
7256649566091143855
1831002210229655398
3944762286762136010
1711999426996577643
4930976523320494847
6764541582428911098
2034912152151806613
6600685668653835366
4070456134387296742
8248499140799072903
6581957628788462577
7904444026283447970
3297204460761697850
2780681256375607609
8279156618797084963
4411911709588507388
3190839434867823241
3016318578125390743
1619128312760638945
5688994972564423347
7789060761115910479
2251092471147885061
306765436651276503
128465825434500608
7210412665712754969
965612135352471565
1855263708895400626
5904423863678824134
6729505167590970524
3070969255155805747
1586178939274062660
308411747477171294
1068669883598049160
7811715640206376696
3802804365103589755
3196284618950804319
3533325952805786216
6848840505233448948
1296769877310177305
170942241693293764
2496484699960634217
5631982840482048450
8258508654289676781
4449894565902719442
6210193865095190532
3371819090244573622
346681963092356984
325621907058334341
6324957517177597728
1517073015228895095
814335422350960199
2782433460015264113
449087557909026673
3344435194202084587
2373570145415286859
4746905078234164302
2206680090669605803
5831530920088404972
3079137356341458087
679004568433689120
1702101808122479858
7734608017324417646
638190867363592813
9151636349088709427
4193171953405387222
8012346114702856375
5358699389403879059
8988929753960744917
7305133649773247820
1604080944120498243
1280085925044407851
8829633278830020087
2214589745987558770
8140208045357038509
3386266635393052887
3386331411862570616
2288849429331113797
440502645585673288
7390285007155888619
1793037922794388486
3612578474937328915
4439870047148369865
7057346103220413203
2690722166637940722
3907805464127162231
3858794103464793247
7290593163953385245
7186510695383081803
154705574903286182
7721059236976205273
2894460131275482508
5823754151195804980
5796805227963167639
3451804239348005667
7940387515209645759
5008982952858675453
2669936643443607343
6281947990657675895
6387202671889036974
1067462296177566261
1150179843409095793
7915441235162317384
2522763638343295536
5633480869933250601
6941056905566819826
608386331110286399
8468544649430402008
5140265162668011432
287422558759090233
1300301844875383184
748568910361475224
2244802222648946879
1005499793557100442
4088007726678475438
4959676152759844182
7528310523084080458
6429332911100688471
8953336470181608941
3840087830198618059
467664596447154674
6557126002560552334
6556188102774620435
6288605045983137075
2327810024049481145
7348979317390896800
1622384324405627560
8603752070614879475
3292903090823654808
1195157412551171042
8697717710945290529
8421302205459370098
1516090736849161037
5120896583576533278
3311739297281047774
1722099755373437682
7293034850693721888
2186186844240201043
4093472424050537126
8931784713085634888
7765174228073157667
1893942812913364807
1290031424442973320
8198242273434435853
5177331092201639072
5538677634638912778
5018586021783726255
1921994729542543464
2678236667999359961
7017276273390604455
332457299568065890
1538188422397148220
7968223598888957666
7732006856289552759
7118143242371027991
8454442771250794067
643140703642301205
3753365418603047809
7942124925911852260
7278950272888092670
2958998872812800225
3679988440831697651
8639849134839628193
907927624051094372
4051864564523373772
2936655185049963856
8507771265386311741
388131553488765425
8434038996986306557
9068849919375956457
2000976975439795495
4218966449377500926
8393389101284480199
6590904322507656436
7009754385405640342
5603898347312488190
7912013840538480491
505942809691823222
3754424059482642455
1888950175653982217
1926797433260105715
4200423132520083099
1024643659842401727
367682604954716299
738174789109506407
30891421889791169
6700275270218453672
2942722959828328355
1734971942498465558
1795775113270583482
1180710703033738135
2848777583624116274
1256592160078930364
5044003563573936404
5895567386602800799
7863148190259274495
4660029118179971013
4793981440304352978
8653136700935519986
6224789825712488244
6577790730968697336
2489744352384258103
7402989181638048735
2040798205800502153
2217447770825680031
5719320229975064023
8926941898028360070
1305582540406463273
1807929046065026229
4965033429240888721
3442473839084443789
8390419733930501953
5562550183294683108
5206880869816538231
7691094398788453344
4529993531297811862
4977841715566778837
6511542186488046992
2850445863322062774
4952896740295154171
5391297874413403723
5346359979388125381
7666860636158763270
4386019958982156196
547841518324453687
2047892705243292192
7525949663067485295
3195297450096794172
3073289529493668629
6589690573097011325
1522546323379612482
3673019548394858121
6307482561188998765
7605552514741972557
384655567578171839
5308983568676307811
427740625185089922
3891240681998679512
7781694237301777032
4683658292789465203
8785538319635912906
5083064079491215566
1966655318264278426
4998862206119756880
939821543154817068
6703999760587656015
8374646317073328665
1706230891836966647
2433667703868371431
4184030572974865057
2686844211714748314
3333406485797658081
2246705342492766443
7093601401444541930
3813370565052395009
2177226379041490886
4233061545225882853
8283453694493575131
8300328236354706343
7356974690000150620
2819711593460204259
5434457312271923560
427487311356028014
3329656185423728375
3299772380322663149
722491463308555583
906796997174103835
4280429617140466843
5511257957682531295
3157604217429694040
1903126692699402750
1309991656215359963
6461263186366431485
876852533234717549
8002365963817007578
1107508913161240696
5343025216223740400
1413445080420688946
248371426276420003
4281471962565059566
8473405216927489437
6287643368409041115
1057592900356031778
4253331190313252363
4521715566862237050
5676116592968260280
670388609467545171
2960965202839640708
2384555992876230192
7241489213252088177
6441995474447300342
2805786375704875363
1767319224213102472
3754081329329871989
2872356843885933111
2421918134018990649
3125256670349804466
5889169454166962684
5770714049975581807
8281148424035722812
7354704746495681643
4894509720552698782
2210554993329449908
5764103746197346851
7208636486109438954
5323147131722061536
1215144590079143269
227654096401678797
3774120715791060309
2879543841308107119
1825395435829082367
9085080712138730807
3276126920422290738
3902871041043485733
5995272216496760564
4851673989051395283
6148192939568231982
1331845647492171678
2586969348190282650
3074748000166583059
813298770949196194
2244617141556399813
951117447522332055
7923490949280093112
8469074901471208734
5460226149558598374
1318862820983717374
8393613629331516277
4903531912806232333
5842703759811553542
1045533519180420520
7090097974590599201
1200790726326160953
4034910844221545806
2909817998562062494
5034148670274197031
6507677959629635782
8545550451514169750
2152048210392451030
324663973997079407
5942941607416230364
2385532456394345949
7960889275446141296
7498394912783518077
4900920399818414145
6163737964896236014
6915149552107983723
4079976064602924924
8213435194016502515
3455752199532240135
2105047120694467565
4974618730083665842
5085712124241774783
3389444756737306746
7809307568785372712
8367631379840003075
1301270311640897399
6375831254568376064
4314811713399149387
21743613564563388
8562702748828315716
3313106533354035607
586424965908716108
1583448783791493684
1115716784222758334
2093046970253311698
326215974427814892
2322901753700793760
7405282722383665000
8502035051963988901
5937822719180385145
5655587327596844828
817489294357766367
8607789931299865353
8854768045087557089
6459344026977468847
7585255847409607059
700908988432454152
8333023575502952269
1801546662965214821
3008974519948256992
4836982228655435119
3036816485019361501
2694189406404752704
7198545750819638844
5912449012125589262
7203530573675586109
3149688712966272754
126754674396707786
2449540174355454981
916416787970230407
4090087268163022183
6060286106709200306
7413438267879729697
509620502118292889
4911293668869076304
4264760663831172717
8119609501657428176
351997851689432118
6813952519068690770
8337392437158992173
1636768293869344869
1591039448134533495
9017695195687725762
4854409359334018967
7179322017618731400
4005033131547939624
2916798537777179387
4615527229528639563
8210870738709815179
6281003694651714074
1834900618648593328
8932915776539293017
2941749530212243947
5002335362562665122
3866474956495935744
5446617311975481822
7722920980876458982
4621702631373150004
5493088973623863849
3563248143932516230
8971968968022499777
7362594635161760615
4795411251442326582
8683857090855269638
1090808572975272064
5374303446120632370
7352358297333375378
5921210586593457077
1432858172232611701
701253569715095386
2840417178927275616
263745257077231112
3785649283595597192
3977080382250504506
5692447911885955247
6887701850208618546
2344503297096866347
4203022813678397207
7855415602858597625
3065808317316048020
5338576696493160284
7285249320559193574
8615369930969675500
3047316021291962101
4806794990454459137
8536909751850716076
1237533548018212212
9078331428186711937
9010889914789504877
6528297978753426309
5193803761416076949
4756004195081954739
3354121867482407697
5783568042224175063
2281455721652377833
3161965528301041953
4576028865883476901
4652631986221218976
89613440749074913
1543203444829182654
491283522060318689
8997642893857160073
8879282738913044407
3921852337390021351
7325804113888634389
6336841906579546894
7842667552242715724
4964412329132052427
1905099040643351014
6520143292739858142
3428609323774485526
7192445871564974937
6650158177795097535
1193744135073734136
3093891804908227161
7934024142556697050
5804306820042863943
7165645415200489672
2649627288801728407
1267142352296524112
323116544718801654
5011353630709336012
1641113724148363667
2789890726106450913
5017880639552868032
1383167155462027890
4271087835214138202
9034299510347371108
1878690084279202088
1340617082079893110
8963283949104698774
6791230128043133213
3822098511558038208
8935171834770062006
7605558370023566351
7159062229681075969
4709153276676727259
8098499070828701407
3844767859835917096
3076430724411277378
3090258916179511828
7314861752739733092
4495941042150227644
1283654943582772991
8095119638174424622
354110811152536046
4441396688325805974
7714540004017364186
8115814137758033084
8294846378461615703
295407042472161472
2887356750523679799
2635305054457033942
1180365685420300917
1312429363148651198
8049376735216337367
4327630878755106887
3641651661301431604
5802366560898689087
3465093617585872711
7193821955523971383
7505091453797462439
1966760188918701202
3624298718616235375
2966134797902395743
7597826799399339879
6231692874821874736
3576886309657635181
7731906159737908591
4094776218536082890
4965299247492554104
4210362118660677813
9144826597868907219
5817889634271168738
4736578217212375796
4772639944940042408
6280185627251333558
4477239907354051523
7078342791949080249
3752564345026398517
2794750935046023541
4500309613614749546
2533225084116914625
8752174440650221828
5890779294241039258
4484841040251791499
3360364385511118981
6844980193227600596
133596067843524948
7475322631012948661
4665137396839188938
8120234354429816609
6898960887304599358
2968077178754384357
9175253978388960835
816509978479280311
3936416048516181688
6319920998188464494
2320539090060406060
8893548522235852185
2463609396445841269
6442765039290369740
6594633500499906768
2840669328647739572
998762163433776382
5805490217539941916
3586749366760004332
622725226703426997
1390657709313369817
3745517566472027695
2216497100776326308
8821719284249381218
391377625151912047
7128813307525742270
892712628701308049
6020598943645399208
8550569236583050658
2619615834136812219
4296090977973241571
4490218696525252452
1453949578045946962
9075793062104833539
7805867388109607337
4543133445117397834
2255668402729012520
895354203134637894
1278700827945642254
7342124315556088880
6958801600517466199
2449271758637211779
2707083321643435766
972473643292106515
3688207767605996993
8225547151382691684
8201789093613710202
4615695753472244018
3272757357443735497
7759723266517345081
252574633820822347
588713245185939333
3290284625409113926
1350413839025855410
3590820176271261564
1179509219705284640
1245294271979074312
4680887963427612897
8283517198752096529
2157007137940718136
7367717690114802209
541623718947039018
4615687994937575461
2597116025224834197
3561700866522798429
6091937877344197073
5507588465549366814
4064321032099180478
2657489774370947321
2565795524595823574
1907990563092200995
7642876478188970274
3772980960169700566
2228759370114268884
3982685352809668402
3499594637374037998
9005034368393296976
1030677538230603536
2638963968204532660
7879278978373806905
6064601767113927348
6670878990610151696
1063451876709356127
1755977064106191572
875496375394555969
2012829976221799916
6347487081874465571
5901389929995544200
5355426476192508214
3769741884091219110
3301343302067183555
2094576368107817014
691064811039412985
3706496620054680455
4514615779760680577
6677123155389451397
7062584597831599175
1955216518052388531
4642711986824413883
8559188747429335998
7047070283545684566
2014347145775635505
1103895820201817936
8088697265586816899
6750766765397281547
1072789687987905530
3777732692642123307
5423886083514452197
7041927388088411940
2047448547747663270
7543100578726063978
1923369119552337549
1082505211574205238
6083960723756559992
236968646541921223
2863769434695605139
6753821015181109902
9031238442892470355
6374039600329958491
4137650961410036135
6091814412611011349
6314501218142818937
6900287736275155957
8540238787851299420
5717478940781334688
2946623976271360337
6904797054855735108
6207838697149350732
2810965412951798612
1356889200448364764
1181426763971313848
108276341341063716
151785085036739949
2415848815005681675
5765792757168660694
7729011638993244022
154923110779776375
5268003937123661824
822024090091978056
3082282990534882967
4872857150356040125
4513475112845737772
3927505990123849612
4197455000499422785
2183910823691797318
7347214145811841882
4104390328315794941
8432632412274811872
1693062733657785928
8706464968745594364
5940373957634031762
8709976152096662679
4883028690806507206
1359819320888350880
6680586822395801221
8116066056795754166
8612881005417565144
5852456688145718824
6042631790491157048
2770999702453249349
6617821651943402337
317780321972689836
2425896130133121533
3870582129304027684
7067687123486228500
8559631843893652795
6852055883563640384
2099882357166757936
8794487229687218996
87778488756184694
6732155234756441921
5930358493330740833
2195863389062269798
8679547940078622063
1908751034197736437
2514127572647368683
8619519654011884606
5882573540155049797
2735921637081463899
872626681779404631
8999153639759044233
5385760362469825763
7965795031068248499
3175542268344759765
1598193436368716106
690963307238389756
8569917942788108721
6177822235050657617
8590504904809572853
3403853672777865969
2612240275193050606
3610114321153781334
6715256137732631718
5130189814084429535
2725497474025552587
6568866252609983020
6773183908983909785
967134299101995684
473971803795336821
4864811621214154763
5004060205582902089
7623872787980822596
207863793754966787
3398640675618081798
7429007309520764758
4984342682717699843
7802146403528456712
6055194051568972901
5626059166835552965
27291350317656301
8578261348611793416
3384634659701519443
8278915713938325820
3556783430993537679
1617152111523030993
4058215203488627515
2347563964591641439
5055116340256349601
9135322529254532038
4731943356514934133
4472204537098140345
1744974300050483184
160366968388882647
6433638679104246612
7248235168068549213
5329653910763183811
7246761165786813954
1325996760878858342
6981239071047886048
6239715829947258555
3966238652666994204
5164867743816243424
8236103860506173367
4164438760028313082
5571885149967136342
1440706261814607085
5978616828509201533
8541019168274928058
5959735303181508139
3860824397730725452
2271577795326291129
546884812600861755
2071380104234485867
5900607346234603765
6367977931761542154
5090643972176427403
6126820665510817443
2600699950180002535
8790770191710259864
6162237807268930284
8670418198210516611
2340771817596388098
7365017039749082251
5456776757029345988
3049689645452189990
7391990877681298474
5366590275333424051
4220249020670397024
5278963861354260279
6300601828772531112
4301506724991873608
3247917197299574257
8304700982448916867
37845846190563156
1058534608207992280
7715280386419886391
3002045369453359666
2120818413478695652
4389246659954715072
6543693360981422048
3221610893763625796
5917949075479317339
5956220681488575294
5407805820828835952
949939801809942764
8173972581501901722
4500432021344129335
5279510833721145358
3888536916043669689
9118280472975446264
8684235229445928557
2033447346445591974
730060667729118195
2915720202239495541
4823830663176388503
280709656807241599
5901720096656275539
8606708183278244202
3392550904156705214
4761584145682599581
567665674208924309
4335674247106149558
866782983647251020
7689064906573695178
6393621790637700820
7262360277072793334
8787188713767794809
4746780439616762161
6485325905526052315
9168699715194035900
893851170047072183
3329135231110330602
3945756899581025184
8699936858946258682
4552736859309163672
1677468734603873586
8248105067235036101
1094961767552052653
3944293739079708362
2237893830988821500
5094042512578782196
2750230942607666365
6463278496342095935
7739873813645813095
272365047083772182
7331326951391854151
1527353054711372872
7208907536767060662
5312582466136735549
8454300785143300951
2948902562212656675
7810797542106798289
8928915902798757687
7170040615925645088
999864557961885326
6035381552853156403
1868835759436550210
6510787931623374129
6261274433557012735
7605621172892926495
1265783793265953240
6582357528829664405
8437733540495485749
1554296689312740398
3855355872572939953
1446903871465122929
5229781460417904894
5005349628280358761
1868570138458295880
8987108782092207149
928743269845557582
1234260196450926857
3430518458484770881
4757424524096191773
3731480164125866190
625050430119761053
2769462263128439737
2468696682634668204
6931661225175852544
3024194284294772716
8423968674174974472
7633142882012278469
8462514453428328710
1394255216187901130
2821777813067378769
4521574770267043276
3305655607453515917
1042856066994207420
4243964085244208483
723510023234302870
7310487088806555792
6823935001056566467
5846211291134561510
3591677460357318272
1614630190248548518
3770425365548159783
2282594808462221878
2380919979244673464
9070750511167698804
5773912461559915074
1477514615646746739
6333672273651363343
3129901563822578523
4520092972048318857
6038298988656052952
2192627743713501072
2831501691811457997
1501011067658490760
669852554256250282
7269687372558900012
5877965730022459554
4918656298362381060
2801529923461993268
7989101062283562288
3428880848809140191
1166019148101977649
5722090716270076754
1956007087284239032
133996371168705999
4500022648170900097
6554223902270093414
4383715181719319645
4812431492765778951
4463212082954972304
6927734419676865544
4597256640230266265
1242204113317471703
8368543689615022144
687079231235367333
5715305323793507430
1557018315714964309
8136476893527997702
4117237228218545935
1852572909897167493
5862576917128785178
3738804163808186901
6897254422883221714
8946057354031874714
2162851988310862610
5664234951160032140
8273149548000569567
6644189462248341751
5696011002224968262
8230144080922046793
3788945686056020415
5024668705903713851
3879960247905205542
6076911025999677527
4348156091697805878
8051063859799590733
3238912895300738377
5689299142674364472
1339193706108647226
4224400119979636397
361386386708685691
5901258971599461320
6994530427213275090
4883404877861825792
7936425997814413057
