7828740378855457295
6429410238400636215
6698059018564148127
6370399790279216715
156587907620233829
6420637149306342416
2903014145912389552
2524504925633053891
3354458492857529054
3691137947391881248
192885662390074100
8802270832604041227
5648748767904704586
2066961688881112200
5814698319594026386
3165529564095507078
1623789975494902599
2455762674892038420
1417289841049849587
3339536535619322979
3673301674002656269
5126974514432905762
63563394162905130
2217867895828431854
1663598518172184490
1503271739522012868
4173233063532551728
8374627969009351935
1605763644583986342
5005677595886448993
330666823181024297
4632843752230548546
5894874541062892084
1591446166903699194
7316330454967639839
4779371245274234696
401205684189145519
6308219956113475274
6578174907264322616
4565529038771805477
3961420289692053930
4958734323704247330
7136369940098581644
6919703865431338658
6375697788287696158
2095677985311182158
6468546058114483401
2671347915602639601
2383218257817576476
7021446925999157759
1478826384449487886
7875402375368887773
3668033314248859463
7367026654652414046
2743506212494880474
684442555330607468
2693107404502866780
3719361799504257567
2914461666980438318
1884170643494329405
5634166333344731886
5271743515835738665
5429745942057338250
2779676117376067484
8136352241418002581
1145988658717360538
5034700699071899928
1756949962589290559
6844328437505209487
8428266964759904884
1850922536541543126
297087482350199376
8725496121350868693
6602402292821271837
847509847638743830
7059888618942977848
8888472509897102770
3578435545898622249
3024497680704348110
386505123967048402
2685904809054721297
2178151076912358437
6738646310023723987
1588679741176084086
3318650061732880352
5448691443419168629
8663246444556509347
6432050429689318772
2474465200774607547
8928324452510010970
7682725047162325
9016822449138445301
4333998995818224671
612330337732733307
631492589499851404
3304465962077134534
553867066423176445
6637768646093693642
4866376589331471750
2084019324836005263
