5917184205079210800
7367101231491833061
301955049657973241
5679838056764337021
4848372911239304031
4582358350264847945
7230358530485919082
7364205713612242262
144111345700820015
8133713754915392654
5581571604818506425
473746267329438417
7496250578528757498
4155767417529825627
1517348235026729457
7680440415894821292
9070384251224768189
8585749846459812031
1550012196155005138
3855122308646242269
132018415493098623
7337066615647053373
4962561799174421110
331121196389984718
2627989660462763476
3071082036867865185
5473080145615902819
7625431387774090737
3531072635018077261
4026542298137756073
708050320525206220
8716152944872859292
7747835300538449605
7328424463975445560
3914386449078713748
2354094177825045685
7229905995395772367
7325436353793509132
781518937403773660
6189009162956577229
4011504666676631585
9053949097430911288
3343344644691667265
3599313927126439810
4754252328277754936
8325508072392557123
3546777511350358069
8711816924483433064
4736260048234845053
2393491118910630366
5538632447923348820
5080330407504902933
8355651609158258991
1880413785070555533
4432482193256319811
193102426609220052
1456728555443194493
4473068690332129642
7644182192032422951
5277769640237861491
1400373346061242099
5943415649249141665
9176305432271310983
400133915983379599
5390069636117529226
390382928737571320
6201912040330352442
2384446867012851049
5486795784623451235
7067105702171752460
4091013740556208605
570024566484327873
5558087266799979684
3951802417733062947
8573855983135370563
5731756216886697386
3751011188878628085
6178398404429954629
3278990714745651784
9012420198096784228
7325433901627698354
3756664266205251570
3386441700826215497
5347045774973994773
2295518235916681507
7887713313567622216
3869989357722202335
922446969713606778
3518154823893886455
854551052010563045
7432777319118416674
6206462896488636087
3119023446810964010
7346764388866779387
843075573860346901
7444770707014655693
9095488646281209081
2773769388736614046
87431842567756657
6523271787826499808
1478278819887883713
7490210749147156945
6682348065709155056
4612778036837919201
5233303078347768921
7894407138641678248
9104474404332866038
3391144016655904738
6156186427138227216
2231848270120231321
630549750470133927
8677724761149595684
2459921463364376422
3810325621917606940
8852610982124313441
1435551697028446097
7893605157821093194
4426644613607811366
1180489064368250495
1673293338112223091
6759608482538753758
5425467744027677906
3877334014852878190
5234230749813746156
7619550296798077105
2652996183334435409
7002711155219403106
2094067745629509493
9147579428771141848
580561926481454544
1363031108468435063
3749893756235663445
6007988572726655750
5596291596962526216
7127580858822003492
6611787402308931304
2719946325044061980
4556532032101114027
6289316498789654011
4851114118158756960
2473773157929220717
9011215407320564807
5471049516130779756
3536568982443265718
7018099424544301390
6321507753621455673
2882345660712094390
4594218307046486945
6660398268478404704
1038002560231588802
7847068597153940042
6177088747811653250
1453530756650844881
6777100662905561412
8935285152583844812
6324262483319544262
1597028824080997475
1756295336310898335
8896129764449870815
4493995423448379007
7577198321862938257
1062025482706371487
7145114737666622222
4164338548916886655
6939360547074068868
4151017516368571303
2411096864236496823
4439544905688626406
5569521632476946991
2866971506752191875
1183008644182411726
2991406200461616189
8080007552763189736
3473118137142544251
1930678973959536684
1247417454709926804
7744841330338465750
5858552186153539407
182768336547338509
6601260075526090196
7705285890184801304
2118542348088438290
5241490229748772063
80916208915882340
2637293001725391521
3399161676885154244
8690784715929961629
1662446874997657695
2517187556418501955
1704392452544483050
3718056991132485339
6912007455605176153
3124897286189313377
8725213260523844221
207177814641215468
2956895562239519295
2678639946628257837
1783507826272359522
4711044109787630392
7807398384350503314
4716170124990312502
5843740006060897047
4958142192238134704
916012202761743264
6413840210684240239
4935561111588803149
6951964399495073190
1761147323822082021
4445034111975736237
5963021058654958522
3692996209819482533
5340245445528045186
3799939078954782923
4313567337212074307
6962046431693578684
5159297322870459217
2304481693292357626
7088384252663055080
2726707806423930464
960011940914606177
3492689115831397831
4819424271731802903
2628852836248688318
45872082095810274
5795695278003170588
1638756149623500252
8978694341303985321
2824033675720251117
3405026058314092365
6209343555942284301
597640479397291363
509458990939952529
2565167051905066835
2499534819256559928
1228574486780270268
5166126273836207059
801007207377624858
4308553726296918906
8226541113236035638
7776631439122535295
8921845769774942554
6131808270315601316
4746764389821010428
8566653204602992059
3458297976275303355
5607117168748119614
1725664043211015390
3341792313888283491
8320514205486743274
941793447625873499
612386055835297570
1601609106076458358
8728886876957638395
6176328124939102810
3213176966582378301
5635128685050941578
5857567385630109234
3635815379578117527
1793906342736666732
3736866328299969356
6450666852980476760
1309576368031973658
7269797927237832376
8449754509420092111
7348980936509765431
5196051684464394288
7157093038096290645
4809740154701239172
2462546768809780931
8342053989568304536
2554777141596089034
3245934035022826969
7323960898700531338
1088878054134026856
2330710736889792948
5284384887017085481
6333645628477534009
7204157010599298286
2014339301830414399
8308078743923940326
8580424711394873793
3443763252458275735
3723075515115720816
8923876334995497249
6775749754714447926
491872748585679707
4930746031996819870
7503192913092747438
2621656739948732520
1303415884099278859
7285336679545008642
8571341899013281933
6471007910319829884
8254132637011120129
3923726518839564347
828770481693051633
4165316215019244517
2643712683277262541
1073700044365006195
1917825064640607103
4294769698901184898
1535939048322268434
6110639186071670292
6896086930962629258
4981160335841337035
2696570143470521824
5326701237637719991
758455167692148981
5419360984160888852
2877013914074059978
1439492704284557686
463850023703992717
3393849123424485662
4729193482010745606
4170387392691107538
8493180606638206556
8966073841532401211
1296441087296739352
2210847293046608910
5107577163857220203
2066674546159144372
373476117873209655
8599323772990370027
5545109318207354584
8688337422665141825
3505990523771655857
50211145526101631
2486315492406569454
4234644214618276235
6368897357961010874
1583527943803773357
3396677704662713275
4120913656341111770
643502949003088850
9083904535850440506
6753162641122418925
5571219454363777902
1641404168381687196
4945543987496456345
2456255820374509647
6273925616823183022
8614674042324257256
718979087397501758
4427433938798095036
6022488010295075996
451156650502963319
5429992513083625070
2254953313865907454
1445852189881057595
5213536426675085004
218839110100956132
6975178855902616014
7409287711982441033
897117405919232998
2207149298110807463
1580976735766952455
2524590234467521351
5088200947222087669
2534752331169872991
8322260631252872452
1149507095921813334
1046763747155270260
2187336252441895459
8692138265607437534
2757928660331740938
2691984003007402855
6024094907285501310
9102108777128583348
4344057753633126103
5918857854767126386
7059392865422259832
4816216363764969259
7804002382085751787
7518357979893988767
8386717086405582311
7208195678094943235
4433950402568431740
5493973774692121501
3419847071649329801
8880794510408963783
8643608446209096074
2927127985410585204
7929904015392503940
3391108141941675301
8654601837921476679
7480790335117079686
1450650353115750968
2312144175887111234
5930100701505473208
5615900226368648410
468431342736028412
860573191016498360
7839089509974004711
5144572484943745955
1469160380199017826
8794153886142502292
2141420905589271288
5981800414436984635
1747285074752993563
3005304675627359794
6451345041517668936
698054954497977368
9008394855227952094
2292878975211342169
6516609363792716714
2396186995970338170
6363179583207018543
4404793465427048352
2015002404249258776
2613653476944101988
5858169163551316844
1945413821434957686
3025887484823809333
7806122121898092307
1230481810408429201
1176940409956791571
5902916232791941650
7635687580918754933
8687398639739810558
5764778061700853261
4483726083365730010
5312674037849009631
9112195122550706965
5274634776065545171
8167937502502131891
814519622845505199
1231907052012748092
2338148652959975434
891672802475124301
7863136610739262639
7811100683983939963
7186910052465242725
6688619675014787487
6101252380319899355
7717687128188612570
8831161254034482856
2614489709723584470
4654224123045867799
908413880337690810
2615433423062561331
3165564194159227268
8416975348399713312
1868336629922750965
4992279603611851568
7148182312857661455
343154524872097148
4200880725769604800
6177533073260448307
4685427114684735242
8411961482553720743
4675170171418444459
7182151293453519468
2798834812260078173
637415844758743393
5972529173462435005
8525368222162130714
9110452614149553620
8959689401633929252
1187855195699306732
5133366864388193774
989244918039584313
5789962061601599735
8275684279443976837
5911659210694576045
4799139233498892588
3432439429832044219
1419349019138364343
1374357706982101854
7951689617097327556
3613014555404357087
197137978552807357
869624084944849600
4824076183970081310
4705458866318723774
5506051734479457012
5150665068748472128
3982453391725586984
6202297425553613745
8764358208691126402
7130690805995906880
489884679125717582
2740482032012823566
2617890076623949732
2920943620538387222
4287058520942857867
3465391897587601943
8981311987461419512
2275155280518932847
1529983229097279394
7933651023681265836
8172781453563642465
3236619436209552636
8138499073820706057
3483988526591418386
4408119051018583282
6486657834990307818
3928672270971674961
7376883416568308347
8982276939018770705
7473170420912656813
6462578415950940751
6147638896034729676
7397975953656248558
5814293735602174436
6102051095239291357
4543927745876628669
6290588740697368406
6101115445243139764
954433247993175976
8838272387993072040
9213207560909011090
2569123443928133861
869874114947718982
6733349641236456371
4633749566782577681
8081504458246501893
2095262126865513779
4879706593855931931
263249078450060621
8222616870066298250
9021344889358645801
1608842546357208319
7668473352565733159
7668620268875353090
5093271822767479191
4350547058408310525
2703731771428711846
4081498243006803410
6637357838400511090
906843432877382318
3586497485694176086
2692154339714634257
4371452887111655267
6798997044453805769
6565708520684448219
550266362114979716
2519970360137217977
318665172626639288
47466250843649181
2660806843075724669
7773587294832801175
6152271098197598911
365981694919897356
507965235482536963
4088199320269343865
6517061485636222969
6652684149752119010
6590329436506375161
1986331900681469162
2327312658299187653
6612516547015048844
5416544373649232585
348238692175450473
8299444886508345802
45295073771331665
8349177196377564121
668150155000069728
7376061824973141358
4884294344592682802
9053577586125754355
2344010902040950943
6788835861448359247
6633462729667836490
6249344389271480785
3212105849890586573
4087455631376975674
202288062399554673
3299945529118080048
4475721176649170713
3777081248422554975
3864832590456266833
3289190453726799454
8202425947010151731
523776675946065328
8431323993328569993
8343151102746043146
6776319493671526157
1160141279580521716
7308317924456554672
8760437264256476603
7843811942340084836
1947586475833971026
5711677271078472225
1037578939775190070
5448108407921009478
541816670072335974
3891252963160962178
6941195402675015808
7844333775338714686
2261590387666538304
8469914865020105991
1143201992008284891
5517031707639710724
554750631450456014
1729075184621285076
3028739191304563206
8541198273936726117
21996414661569382
8441195262848743398
1381027838596837006
1065319469964142179
2135530698107008865
7880851980272251825
8056965194981811904
3187647007006848098
1704221417443966514
2726467485916600150
3807332673152647401
6106958252451446970
7710290120865041960
8154393494787940233
6059708280311932485
3373820956976678284
5808408784789776539
5177678674098714104
6929739027684596709
2383034487636899008
4652190038681117033
2231657025335329376
2965769208989264874
9116116976633377798
1482499085882819007
8878233635070264058
9150236213084605082
2853257459902202481
939744584370629227
6438436789866678764
220416228412421165
754423388583485651
7258281505891958031
2666274330783344029
6490465408255615688
2419641366793456525
7558026216120768742
2292469039710308290
8257360929450197427
8710179218508828801
6377391390758570759
5066330112654079849
1660581607733533809
3870435988705212851
1403542671850618074
319609940234050143
3992458746807632024
9007125834370306068
2094545807050971755
8631201760879414094
3330012079321714454
66538828614044674
1072439036056442380
90109878150620002
6235668319516191771
2544869372848053387
7119318709642691934
1439136430292539621
6804324068623947608
5707882127397023106
4588247398696019275
3665836115152061591
3695071657464681691
2710863498817068030
3379485961511343276
2968032418548633914
3896144238794680327
4498475587415843476
7067495514268141111
1413820870491512556
5471002913562205229
7169688956181338659
2352837080744552866
1904400927282826897
471444444327685985
8680882345080367882
8405580487435508943
3637997625187291682
3385259590037607586
518540146964473368
3669041063188445542
6943402377579016797
1184790871258728333
5912389665689906394
2769564556097369387
7215355904356236506
3347889007436530515
7509854605666079886
2693645062985827162
4926956480002998043
1470926906643065623
6137175785578160588
4144795156862377863
8412228713016899414
3203595877157477337
1121754651192684046
5134737449885573019
691944435657826082
1515223234325905332
5448697312694745166
4682815508990849157
4688580736159384302
3412309912317451314
3206840116196011299
5976572270466533265
2969578784261986136
2866741995531031279
4850270356700494537
3334789456582796405
1705558877315423837
481118774095594526
3330510206891952287
7973763513228029372
6372297535183028460
4438501921449778883
4941941244416225206
5874599359761305059
1360993247371763949
8134349543125237712
1218197191123033328
3986236758422228054
8686023105842782686
3007987944534716345
320298470601133012
9035183396894519929
4686122485068076510
6841614465547805969
2189652705454106597
645553676118764882
3724540610788663592
7651938782963276120
7887191666922206574
9118879995939532690
5535941641906442626
345216723710968080
8746649540229328974
6039702779960964688
4314490458025903698
8421282943118852703
3248125610563788715
8947321410906128214
7553245044385849980
2396406711841579878
1450569940170236258
1864660209944690075
8077179452392015958
6583324834822734797
3257695719511503433
8684657388742071547
3328443272218718695
6853994633594190614
4800804157716468202
5854894952859977919
3800882922651153146
8182438572858764941
364629187922308677
3480321324370749928
5924385383039951714
663102018492621555
6788768977030251965
355810766184763516
7462910237341946782
8327142948946440812
2844016847620700943
5772845619370347375
8235473943733179368
531807286652198293
7148292496958282789
4729303926189343470
1696124514421492513
1296879875738428677
3255519379268180202
5901916036296261028
2409104517569026562
3451026798546090390
1668971053372252341
5140116731025274383
2001044586371597435
4732822387969350935
3573363432834932220
1851111007414987415
6420059740196992249
3634269708156298804
8572007913558586028
6587413196857559431
5862924126277145322
6763169894819280097
3545099789371281861
2133099185444046040
3190270103563759287
4282009486369607391
5764128091473335275
5876164119416883658
3721888489283706578
2145318043837328862
6919298399819997367
7832559432575628541
5416908426063016129
6820637876392376656
7549679666515524542
76786281838371794
4145581669765410840
4564841135864584950
7236480709073693798
5346232874885576765
2345124429946389801
9125498457883889016
3157355574580016154
4888484442500693154
604963376926866607
3103527838255013243
5011916809385399695
3526817983262396714
2282501072890626464
627601946794875068
5149533811271749230
3264476706624130636
1735600528377358361
4108005070826697544
3291417472924807397
2476107837668714403
5944085652052906652
1012734935578934339
2781591830255492829
5749172804115108294
2837423855357856074
965643381788286278
7966390820162479093
1586458483980583672
7093228310224170646
4366263866101634617
2705723468320833449
6257188776745675473
1138756862342630173
3810280470441865801
1171248400939240485
4790157118611366544
5345761003305053020
5995415634640262725
2404233413350771739
4400549754211064855
5864520458345191424
2584690302001136880
7311249296504166901
3879954447709486487
2141779734460415679
7246258969067758513
4011124774755421390
3395349725522188149
283566846451171565
7190565642415684929
8145709880090609324
9093085211996772179
1822054529250189733
7560953742567085518
4388839540544726896
4366507822783878859
8459601959276939008
6187768714965639123
8360838595827525302
3625295844425685840
5570776358724768673
7679631578305805932
6985678239193194474
4627673201456720792
4415896938597822221
7521597851426889568
288188983132790315
6508175411696255779
4506856668245121301
5911838185996076971
5900297698950698705
1113383614236133511
3359158276471641701
1502126901792003966
8645615982002387195
8484661169486716095
8265521431849029782
2775949514793521611
4634667180646006365
4901869227165671579
1544749269449276998
2709017180117292711
8264386130983584121
1586166578649269700
8682056336842256252
6270778838299970347
7942213933164921729
3709219513075533945
8982936320521902169
4454086843192841433
2971338956675266761
882096979160890442
5865992502277053504
6461959674805137733
7297671704127950002
3565653500668080850
2787502901963004272
5251408898666709790
8242174864808233324
7043285426133726619
7566578777291654154
6488980566203745578
4923874406338517236
6230418575108521185
2687367942246543258
2940338473113480512
6250619316991927866
2436987818540064266
3498765539215445183
4847247618503375938
2160931241114662178
6207937711132461122
1250540140907484160
4776496685061267503
9148601891258403592
4602168024605714044
6631345958560401704
4731605553248971890
2612166316965618651
32592532465775895
1446971039142135859
603268759574948761
7606954700967458967
653905255659357836
4652824170953189884
8454639078124218267
6401631441210281937
1281304154658332678
7568438157790797418
5835092199120919181
3124551709370474940
7003395464178795921
5513859948917017476
3579819575667269205
7431692916856709185
1310103843535030354
6602134906983980277
1888289296096598315
8052298913254433228
922813177687726589
3793823788421541337
379517898716982179
6111205255542088399
3792681934528088408
7423816642802615285
7706467200800918183
19429595091372824
217421820641161761
3808677386085040518
4181990578662903526
1369953923901533369
6042910497285242629
357384987148522159
1143704125558578707
9055773168940359147
1076300176455720226
4106668306086360078
6101764914750949096
8342894160244159872
9175122168301399407
5210169099576425414
8795958688859441625
8489142336888637496
580207945459951592
7095719167698676287
7797252810959732182
3994912713865448303
2290833786076099101
4573305317781994095
447882146946274099
60749496160891565
7205731144922141053
3815600923296066835
5224936113536257338
6003046621534460196
4350377046679014462
7973394585126842849
7668156803990854539
3652085521057404211
8957230152523772381
95465173642019837
6106860610366785944
5364210850975046961
7448272922303653232
4279378902979694055
4913301963880217075
1202970238264969254
6478424066962911126
8394684295581035889
6071273036305265857
8683312466549813091
2994227601881470680
7023349171715086568
1589703399651554693
5720242302265085269
8063940984462832601
7194680200731535042
7107372674590719187
869480148129254149
2277679973934450878
2556482256492792228
1766636501754850180
