2391087649753017
1098875512387455452
8245828769904214060
1851453502578506693
3940934203956574984
4214128525635761291
9019274694469934178
957885241296176926
6890788110408828575
739940832724357468
2079142571511227114
9003320479321588547
4250743993682986544
3758743371317666385
2653768395353268912
4179409574327409160
3460614512214865118
8337142228496422059
4826034054857469588
4578810970222596554
3901613005820962114
4158081093257369356
3484800509442914150
7926808732164257881
981806618532653630
6544506608372682712
6571494981404882582
7900052498485478461
303926169458609792
6397463679276121827
4989911501015949143
5307032755217052987
8447702956919173115
4211006793291181599
3671769812182175650
1547554163683255328
2052488388661172961
4982475135868705027
2072027608195246821
211933922793594845
142134909374437625
3941773141588234791
2167425021488155907
8293206576124199021
7631117108744768278
2834925010466242069
7307411889406802218
6062448180712593772
7437176127214536048
7034257734340007919
209131933180951505
86783775546208338
1601922313737945076
8239348051156479861
255753623003476341
6303061742242481588
5255662913886590828
3685052124130974529
267909833385620993
4531534241159296990
4426644960192843816
4943153487842617400
2164720544569138008
4539049072898215393
7053773843334065005
4157292627611149220
6620531621264231669
7272607170280287583
1872622375676177763
1715976885654668578
7014604613353777604
8687268436124854607
1452369457740982316
5924076770178346745
2725480844361601906
8711070824042049873
8269027640834650659
8706763192709446896
6863353612108195504
952602998382250421
7232141109218222438
7464355807863068828
1736030872133663880
872460645947269732
3889621141959209417
1819893951652822803
966340811576021546
6584624636353155237
3913053472468094645
2442909188550049250
6705726026651087746
2681404862984199390
4536471239742589439
5212273654129306551
24489135100997581
5250263577729757089
6600145533640624523
1471294572992543346
6359689911782557448
4691209849818217665
7405203312639368809
3069530833347627917
371460852131667988
763362829751572628
945941493929727042
3644677687378522008
8347270195360192109
4876002589006922070
1937638061862069140
6395530229482001034
755538005661764080
1473174551287280104
6789423621116125573
9216944062406670427
404824472819540825
2689430074603372949
8667282774319867223
857979321879640277
4292888407689556444
4438319448093887921
3737181619488381112
8895200947312560380
4147038223617545815
3252536719150638147
2200598056347013487
1015711361656109166
4948140226434637673
2151286094484630030
3319815585847252862
5590046563740413235
4429816839702671011
7244329730580856427
7879744032593352873
6707520589764928948
4491022232785369600
2176190462079701785
3407702942136753848
7309457846634429937
310713687749776900
2795852594028387477
2713660731266499745
819676102899818324
7810445287187334500
2805275800310674297
4244483743514685375
3309521538269915801
2689819266382345444
1829287668726673017
1585906057461193917
6252562851093036516
1820833417405348165
1251271410070094371
4215705734888061798
5637802581841826128
8770098661794795216
6589819998674788137
112677947276050596
3510184764908978505
486882480506672174
3585958708624004681
9174087975359736241
3234343050404574389
2234425700299013981
4830707916256285893
8507338256942188982
8531966913169812428
7080784350951605614
7561493507276497682
8060180191321793339
8887558085395988197
3616107754203395285
4182861951393006920
2184124755398416519
5430341442617650923
7503415785542126341
3424459480265890233
5726366099362448398
7875582875936734721
2478025445529958607
342971891684468942
7722985078004754436
7992154331185780477
2401751072339491476
4390853065826188835
1150518817023110409
1450846984645538608
2658285542838357875
4885512422240370412
2419340357969370605
4970023865721570879
6900149626749946094
8160433571354724003
2761846711956424219
2162186790334642477
1968789686234990016
1465621609797057450
9184649486341230567
4536541546938502235
4306163347438724215
7330323026121856392
4049834603663435529
7304177865302394796
2829470683696847974
2033209854284576878
1122364786209058479
7600351251005952108
6444884652200469656
3382331091565386321
6288273450269981642
8417365124376712905
889205978524060127
650153120925578166
6468988848820596142
2300720163104813972
1759572157743980293
5996063650695969832
7237669596367943243
8142675518883923582
4373221816357354682
7572020869724046542
4262352470342560511
1344366248903477307
6978495770391914789
5479843663834324195
8233968764612520232
7986288718709975168
6202425127365770876
2843655445850881926
2446521215554164853
93813748840974059
3115856064543867133
6339110732681353530
7844383577580274033
1237773245970990512
6999233662708052893
7804385545544043700
2030208092943391448
5344958008900489019
2684222304225927590
336274420938507548
6718479481803890541
4273299399441889305
2874259320964085622
8990348103815191330
6475541827947281525
6312784693397577810
5274768313584440561
1375790240698635770
2758526007998436033
4572825376739008841
5167337187030997276
8804413914220677878
7605049762225282450
8547740503176613794
7888957763052715379
4639298261277500159
6785050718708341949
2081896190272043700
2596862150690351533
1553097788705769965
8267788881602304125
7410047424003495298
5318984149544166742
615610604936140196
3761072066969108135
3307858122959767493
7060354313117221130
7825396699971979678
1724571251917596454
665472307692759437
4984374284547447259
2953012589635536096
8068058652844670129
4757027726202827627
2010267911822127754
6303321028705459556
5502227703955871953
4881756241918309069
5817696887126934048
1845203603879737915
6760473806105139510
7284100607239017418
2997125888043220781
1504599407268498876
2130889635025518535
3541582295335065238
1152603619199310987
1749004318792302537
7412680589709337048
2293750507712990065
6392055939080470199
305269648283302017
666811097302552641
3572292393077919203
413952118611658679
4176234367198008417
8943625224090870436
3329734932282803849
4383332222401549938
4605616303633105163
4662059489154688261
313664021018137508
3736814515052345423
4552825550685632447
7518724861809893179
5421408321212911191
4564196949916393755
1225946416500931402
288412970742657032
7569293480389921600
6467047491270496523
3742148788048833763
6678697983719101198
9050448935370747944
3138628996529674908
297499847234285945
4068643779748709798
6381292378812614528
8984449958214538126
844053029534005381
2700596176708461947
2499391268752518232
545707942027460587
6729729328446431133
6177003753609748147
8524855364974564220
8726146492304946801
6501130331279418473
5179541802992032708
9144713133765510400
4555516544269601000
5297383569505840502
2460606187857137910
9005370943303973389
1814387282020418324
6853124137517916048
1872873716659257202
661204998966625700
4444064408155789551
4286492873321963995
7757783871198024251
2878240829536877490
2613384554772423841
4418541010178565984
8120787077936891751
7635379717765554574
3259818781331903912
8286120079094238763
1425459882652956748
885660178537970552
7510773998833492592
5554653448982898507
6740061828102575283
2389335044487181831
8455574464532065792
3445667725245447993
5107842222629788039
3721500382806381505
5787772525241211204
7262828424780804298
8068009166887989426
3535459262644901788
8185934311267680409
6033296432314344221
6082916567404324633
925809953017712334
6638472774323867565
6647034660482147680
1612700613186835011
5202907069289226708
3257402827838027210
3533971769346163040
8910854715858836522
3554692141781860481
1107397106859003530
466384642024458622
43662435562534534
3099049263110626709
8695293167215683412
9034481991441412980
5002275921390760193
4109448941214800687
2687282466859050238
7475838325813687420
2417707488523551391
5191836451808664735
797148870829335482
3564859006093083477
7993095197063194213
1422885903823677331
340431571917095630
3590369349736416162
5484786440908739069
4986245133524317645
8128041848671096776
2546349087345532133
7613720870274363705
2298513854728719493
2471134750109601438
520912115414344734
1650753029476187742
9118060318360799398
8010061674053294982
7237611812534982742
1132030833429900373
24087885988402287
4380167604839512436
5020560394345669533
5044315511361943061
3923354086015049322
1468786077909320105
2682887397880420760
2451734952495809400
3462611217495711934
3967982469935768002
6385556197108812634
6683796820436329710
5659853198948926362
6878584346632950557
9109713412112930541
4552754270950413321
2771510530546839412
7356351532406013556
5345319652157425744
1724660016096535995
4622414475890163741
7361560078056896050
8332445658692696110
610213030766223700
5112741017052321812
3914197657921413169
7888708024899645521
7707588365910062647
2157528308974808305
7699511704136684601
7018825299295344655
139556991828588289
665246411859310109
4393081915673811502
7144006990231884855
3618003669630629146
4507230078740033581
3271201572863806710
2361653108712454051
5241195899383226727
6654440379703994000
3763570704868102739
3252383694488705568
1557360506063080180
5557085492795792344
5914527983162341227
7182442256792619868
2908966798333015881
450453154236549413
5152220960399224543
292186169523698314
8939507320219106127
1562256360225287010
4939623006023060724
1235076211491404904
4784729036979198612
1056035063576275985
7161074345406461834
3137319151513246304
365669817202377471
6545638038117034959
1025933017624761769
2392855807659683979
2088280789904747666
4505289880625699112
7564518023214347557
5660596858558520739
3300756466716402392
3756198403830729472
165203758308533928
6992340451847396223
3221932755745105076
1840923408048285693
6101696105136517326
8338239313505584336
4884266489634115963
1654305616636471204
5830798951921307496
1875969221957101673
8687013648659731666
3746037087752029146
5791969769553299947
5317574946986358809
3885108975126474259
6434194853395382263
4976536763660992947
4296863732820021676
5451210833055368783
6377280367697396189
989019451683295865
8098841973016306554
6582269862526869142
6688608159978286362
1587340648048870896
2590120140121581280
4978864486076237198
7094719662009375383
5374910504130673927
3120193468318497309
4086766964410195711
8439834747557234321
4724993193282138587
5387547095751555420
3045047830582157470
3799191506585154235
6764845385744888607
7602903935455478895
7967672753137900786
4466578764580680872
8198963221320895877
181723661293197149
2607641255051163946
2821941682591761005
6142199901691991969
7230152844241798197
3296623330128429870
8541520151141012940
8814962966153996896
344790580444370109
7955027420271170751
4964576833746380627
8695652825998228797
7283781187139386375
7417570081131098540
1460988108693742987
1227527442133537566
2472680533529465695
3067795007145870104
8387781365164557045
3106089004580311154
532856919329643558
9107919861184505928
5886154900217649953
5478481184573181125
1706574495124230102
7592998377073207885
2232482110397923143
2451301650880324229
6993757729235631541
1879685024113402361
4531418802143376318
5907310685312447024
8615001926294782048
6253062164434484734
4963691305684491833
2753670156339912338
2919622036314997002
4779695055332071165
7925480159823193820
3478395870067422357
8616841656048114531
635278230133342499
6676102494985101421
6352979532154523807
7083479414865741611
1105218217161567984
8092467452604015210
2847791539146403553
6885729570819799027
923946803158778178
6515276304532355350
5745830929739626464
7723530528709173248
9111157972167405646
6163822409587200023
588098324885583447
9200356139233381859
6562961847473591516
4350589143918475027
333623717580678278
5615122624437147961
6279760599702251718
8234848330855672087
1648643663473630159
1997580801199692656
5021979007463738200
4252136403173471633
2607675021960606450
4868289910526473987
512717164122578932
2242724683405004771
228410046627385877
4328423532909759889
2772123556959885644
1912489656924508653
8833001237020781713
6192132454292230927
2082350743722757872
8574819689016419577
4885152756686507345
1160668782573414439
3916644066627761469
452165464356182055
7714135542513201323
7143596163208840081
4904369724879422553
1584554556139428832
6384506796962606619
7420444213821803101
9042955953794155874
2362293699199262848
2216952104755942020
5663319738662290860
2489500846961385765
3567511132342088090
1671559363592018746
1823624538436833232
8275843070219004215
5189145890540985230
6655194951724052812
3963335384601468672
8579663902739614527
2285846477135407390
7857050721470418807
395284077743523111
259780272621723023
7060168511385207496
8541837163652723243
6787136969076333966
1147515595082460791
5731497819477703746
3253008350370676598
6852063298301271402
7757456079830102719
4459950207027998956
4103141837791394244
2368028655453072767
839165224456218566
5901058327503639904
6527408110365010408
2537798485982639616
5517895190899036858
8461278292117714784
7807895488048083471
6047247633682127880
6746845843411196659
2354877460733800766
3918339053673101763
1266329615029703594
8811367073635819734
5538530267958547103
4634526618355736644
5455647984737673725
1064368808781454524
8541111839226160703
611045057364795441
5204064835181011110
1710223578258743597
7894730474849312639
2874606389456242678
6244110987565865529
5287998016383567330
3259275822917706592
7010007708178145670
5850905676707377392
4241919944284106400
6286192333746357143
5128379479707887266
1607646601966737738
1625052024547299587
2484631817392626300
6724184464240260983
1414861078072370085
4241311986957002875
4564688604799949056
8432238559967810644
4144063627887690009
3278413302598814376
530254597315516172
6389289169158729536
1996767974894489144
2114593327682853295
2153919804825641659
7570395388543657445
981644818030198474
152151959700936648
5692961878214838004
4361395336366553634
7091047947641411536
3329906106310190191
5175948240398415617
426541267419142890
3593055224204730759
8711393908010325254
4344820938616437251
5567614037121117702
7398321102276368560
6899762435755320917
9200317515622398787
6684260907610436236
976644632930550047
3785472552055970584
3388185043506174552
1199643186684119780
1461158969259561925
8737420990956031279
3790551697436804066
9211358789897680026
608139454355399397
6181264402302009017
4649906689614823761
7234206323045820088
6825384594459100911
5577361307802785147
1837159812539406832
5809796953842414966
8424052667770974193
6149516782451608848
3347584641361289125
7109304187314419874
2317837453119955761
3372504724642842412
1476475220528682001
222804165356762385
8322885466756389565
2451423951180633348
6622777724720474218
565151785416418215
401680594311767968
6109309640554072234
5925555741148554123
827063539593572431
3822677619337968281
9077210982964095038
8566934779575138242
3753007984577662610
3372851579024123581
1993645237230938893
8826747727911225790
6033554438416258738
9018701803491615428
3985352439194939826
7391084701449871744
7614539114303478048
1009704950104002307
7860486089322818633
6306563373377216074
4771989472532637037
182909128912901945
5110279017944369962
8216659245975671082
2596515230323097172
845723741567329198
4440759993481748341
4381056105890756898
8989497558222081532
2270764219862520702
71005843488293599
2955374226546476660
2102177921512505161
3620726565442077847
4213203859901837786
4706673345816259987
8923812636739201223
7495088645190295134
8987436146271654352
7930491077400837075
7697105028683557869
1057551194201974029
6061949335483723085
1073737780201247827
4334990368946156828
1384315459067572249
8836169791767650500
6634976374125775168
5013812182983363816
2609791272043074399
5729477015877703430
698114811059256974
6145357861718402039
8734741103755345461
7459551751340009429
4916305025529755971
1950724671956391610
3003570680355440879
3232527121852572463
2403719522733391480
2787912089584064774
4456110672318195934
1140317461522586321
4166082417748054188
7930760061695434073
7424182217740231850
7353022232458883399
7417720716887902741
5889994263161541931
2533906985601635523
5279949964370414425
3378484150278022976
7110432774168408729
4091001096618996080
4617298935063721555
3800944619903656560
3026253611018425141
1906023670290311792
7075231158164870744
5100944196928529317
7816326085408404562
2504109767042566147
8309154127429681669
3706700907238673526
6654863262454280257
6166448857630587559
7157762715591425677
2356157474998446777
3988575845652727952
6064172923341969020
1763296177358960902
3097229743542330065
5298712250561665593
284689124863044727
1444614825002189365
7485877363066531914
7385914878730133074
8497749620247282146
9015730246311176092
5606478997517255626
803902848380564903
9111323801934488058
6237109900292064269
8515065949370453582
1589448969549515321
8524301967925065471
5450453453574561816
4617529075021381877
7931552495358892693
4021010797408114535
7210220218211746000
6868762763054581100
5500748198466447809
2191958612805861436
649094913817588973
7527020366263341321
1322067707926105571
7638743731244432236
1163089800152175134
4330425830484461112
4758180671187120400
4209650500489255986
5782065049644178999
5550764539782972440
3800438089713530534
1975700527973504987
7562429215954859879
276422910454306326
7062175322195683808
41928533610442755
3268905621676097879
8323637390859510991
5870703577652322726
2147214066210159313
5668234811748793651
8799842741335445257
1619595750179967472
8024691361228137789
4962542535880997814
364701765776381924
7475551888066890257
5835197010888193911
2312399888450009654
2407908725879978991
8313682129212241173
2232070947154460806
913467569642426516
5679939713676181240
5723487028170954706
2207199313753527534
8684874434012658522
2244576960095085056
5542701456738674759
5914568903889595336
8910943831942370838
9108892297867728665
8484114827435990357
5375668601700764571
59976526750958303
8822585959120185758
4035309315047809946
7413796301114934705
8834940219877869830
4946072620810338069
7117779600994851211
2571551899295372945
107232258785314871
1344416419244699798
5084423716034531313
7066424630782604860
7655120939918600127
5102692485519890307
5244336275534106270
1169080161037626037
4508204904162887073
5128648559880398048
5262482073549663730
5823173015523974138
3267289064568281075
3318317239711120959
8183456852343494466
8100838263828603116
5315038439689205083
5368758825027002464
4953196286056774527
3755922622460465809
1662458082320677272
7156917507146522569
7168225415382492997
1756358339903807442
8967274268014018602
5166166409166421990
6990203097471205957
4827580477120626244
3624371169711435104
1274982738972644298
350967078405863537
959556442276245180
4445167255785652759
6668851194815262717
5473660856504745520
8514717180180641527
2447968569445838407
1741123342180965337
7563261662182424952
5975844355894504711
2107519980992790337
1220770609804158088
9138769256270931437
1458688877070877385
9168962813560486394
3559559766522818285
1954690047715682950
446020044879979292
4402308595641218525
330007900687945746
1208412622587461410
8699980843536968965
2291513962818651764
7597981457422193860
7928997605717008758
3028464634542681359
7285920990802878971
21453653084229934
4509387174861063080
5927348650321154088
5550320813380075466
3729270742568449678
1423754882009069224
3078940478833180977
6140306700735527102
6858142367926029125
4523792615136763885
1585226019495131813
9006937952951154104
6682073967620983069
586478416137225542
2051043317017682256
3073167237031430107
3568247392749696759
4994972674790243261
7298933846598384128
4816318638675919777
8725189135513979719
1024821302163657543
4564267813960558950
1226792484842939820
1444179976224167638
4693039095135570425
4041511769360308346
7087579450698693216
3313495677171146815
4971097119317896807
899560691466525697
343712084282305660
7812938468528114797
1564472385033759451
5595378721677229156
5188184143667106958
1766643534462098941
7633069407857536807
1257652355900026922
7945278813972420712
4549625296154117583
1879289849313474038
8941210428185682465
4747344890437101481
8330915722343391470
3296222161191153277
1939803483710075986
7829907080272553804
7514761549701017266
8293300739929127193
5758471250939790584
8635462209477536383
8725722892866010333
1370149064541890463
6242277288554431498
