6624091294630500929
2404684109272690544
1084768228641600076
8041170150267678464
6749850215122849737
8100338715653412486
3380914690960419859
6591568984564949347
6535877138566003776
8977927898988566773
4236079675409398962
7513976702413747680
2215038305068282390
7347435919336977188
9214819675770095150
5956146373229331137
867003132910073457
7052040881169550244
1132431962108188633
106999158612498239
566522607997954649
351662657760999693
7209677833431118208
1564294298842812894
3152769639644624928
8982942133503056975
3410306974166686302
6747730930141305181
4919624202683386960
7201941671646653431
3725399213760891188
1114088118381188982
1772692499305269971
6785980577319679573
5748378426850298517
5409736268533687048
4647020775418646165
6841146638671189363
136938764849784138
293646331254079811
7065825206400131975
6242810979292124354
5338580355665663924
6568171650311229971
8055648733365164023
569087213477250025
8511377538843702118
5079406729495128643
6548587699569481055
4827980378617357951
24583921448891882
1928292975960271290
1667398148277623249
6451577278332767877
8621752629715255812
2107321801038741270
5114598964510498797
2607147011198706205
1332696874854378388
6210872762072741365
5996872263196740432
4416094585856410325
2582627849367615474
2269164554201256326
1038313234235059334
4638452316818541071
32573997885847560
1091071093198035995
5431718194433063735
3968082040442325659
6217180993648825246
798096186525245822
3177010626968774743
245760607746759580
7795889802184008321
6212930833661488577
5289342950525525891
4313131654876660699
8363703678961967005
5542902643685046356
678708932408593330
3019078506425802695
5268932298569757987
9095668456929543589
2504120188265812228
3339412161127635200
4485494130242312440
1833593027966845266
7214227892600380815
3513351534928078480
6165208748531342502
2719927720369370402
6816975065398571009
2592234565347341807
1538242801847385744
4693313005319001932
7472525454521268570
685082113804428373
3868798140389422454
4008647663519503160
5072712709210541475
4054802249601432405
1753012459611722378
1344353977561950665
3074587397624210130
5516230485403025488
5658842044012769334
8791765014892762949
781386984448725626
8438155697171783512
411485659175055211
5050201900323467238
6926638864541514967
2086356802834484126
8848396210051650756
2046761158864871419
3467607892224787538
8373058491076565231
149961903172063315
4459290107512989534
6367650546871699320
2816879950507353296
5750278057543464544
3538075873275832344
7995879988320446379
2215189137847291738
112688351424552658
9160903097212312773
2374799368182148974
2069919382186198953
3031538766440020807
1108998189544319797
357099907260671151
2528856374463039477
8968621562176410127
4304238801652156307
3275310607224707985
2317306984934653135
998620911514530042
100639369054284184
8061518063120809686
6845998567047919478
1504282788968370514
8186381629273256831
1308535774177724351
8165885510552132546
3135075887608786909
8130458868891397442
3854976832587834164
8905335752566496010
70709629689292962
2165493075531516913
8783194001943314724
7227346394200794645
1036026120755253579
7428485205581953153
949796667243402432
159392943660837848
4994805077463577313
8607460412643955245
3843906284678087217
2959053502149706821
7061900251358177334
7286174394332297597
6160732319626600027
3430823544915638535
3400686876282944783
122260875535584178
5136224571156549081
994454793603784299
6244334991270539057
1277267116595879371
2162621764256164871
1181309688527005234
6519712520853842917
1039621951755451375
2130295531157248741
3703437104868284003
4666133500751632149
8873361558431315315
6783712958806035444
7691269357815313869
4538151799543038913
6107554279581426993
1180079116424284964
15124471487669850
817803500542484172
4537912879549123063
2111473508359492196
7756662502798229934
2410824170371752320
8364608863279739169
906953968208145864
5546503814484394876
1899316684067114410
5349496938425382553
881124039505360270
1118256913154759416
6183156423930639348
2765303071226197051
1082523680152175671
7379153254397093123
4485714822002943481
3788202189070473461
6467925038188176629
597851815540493300
5664348557858084840
5350966712177094960
3361143374067255199
4361012055722496729
8000562270038079322
2616762910562442290
5124255367072573608
1614447370200861356
7418265233874111619
5269044002214449628
4405280184251018671
5644777274290065338
4302076127609176086
2488650236329324679
7961162114470443852
4683691855668161742
1020848322431916603
7102957511907366035
806407145418865842
2477257971324898344
8241634887632878789
533917870821929387
8142479931899254084
356989350587884318
7612865296677579641
3322515351782955127
4088464793846448069
5173056415164974570
1141120360344640839
7683953700838558056
6952664182642479583
4611600358461877511
6011728944544143956
5290821270011065591
6809889392740688677
122751505332871270
6292914579617301892
2774517888474607744
405380823664883341
6603768625186492280
8191981218342788224
351926744473555513
7175126567049895811
5293540682447780990
6419191378411546962
66496682395304411
142520496620076906
7668111121408947676
2076109976175188579
2619668275958073133
2552671940199539656
893383824762895018
7399093833510365937
2542165787070013529
5126333113969871532
4317717035888594233
3438832904316277599
6578145508345605963
461967192933714986
4678162385442677699
8463940721083952590
325222292820940760
3320351535995034420
5014313324785188587
1474556878027225003
8734343639719211087
8469681027513470933
6973483624321983714
7020269318000745099
9015418930188910906
1115957011304256553
737236810514840366
8231185082086427334
3102812263212049332
9092403121316651443
4949032923402629029
9185942419875229542
3498908036890989354
4779412929031584465
5880195038848103543
197550602716364888
8730895627990558744
4703497829144658503
4737823067989813618
2152665098150596360
2074357039452715822
8820615919482707397
7383530562569381939
4341246490730451916
155730880822235355
8728518163805471935
1630060907344902698
6855697513876899610
55663400116168202
4691015968776201841
3789568022564668514
6085663204135811823
1602238456568584600
6536149456410597597
237549396204310603
945229244985431352
551773978032096321
9017792446275361128
6904353613007195655
6537641778979565326
7786688033154241758
6377153260174498668
2271607848636163584
8192331865577173938
1248622130324259955
5767417750528265102
3499525252552832463
3175840260718916824
276488564316612618
8762665264100606703
3116919351923338612
3860351929298313658
1366834845738835328
3019898665234540725
3937417829830192012
4275123228883725740
3538160985955426589
3356592005887483257
1362741760683421610
6835645692030251450
6019575686006194965
2704099768374740630
2974881141090280364
8434158250863294538
7171336494552651369
8647337290997315029
4584017860022402430
4756524202955864288
8959276737335092399
5649884993641034863
1365990753714489407
3894282047865701885
1165168060454533567
4673628680724621059
4165251702260797922
888659252200678500
611269084578343427
6832606454105823656
4281767554029746876
2458612979124881670
902435959041423331
2730155845905857760
2578752522856684075
1815060834029479747
3458979450927770942
2224554153877647266
2386908176518064201
7484202510233836519
2426285073913796916
7022641711969214958
438801998460505133
7141085695852224172
2163476462255015403
6927599507007117239
2197496978411034269
4367877394645846318
3639333984552712067
4595884597859926486
2770681402265510397
7123001130699520353
4855984704357523135
6558994914043940146
6902941764465997939
7052993317217714108
2459406206285664452
6510804178442820794
1649102400964398278
6932314035537995358
1522929419381997632
8149460182077572830
1600403192855951054
1224938479849229784
529849847126245029
2093889813619890240
7732119223631427709
2456773442879500478
6939150704400777972
5119415106529405862
4481769164972435067
7452497944507663255
2607499083718112139
8832318648102051700
5597926222618757906
4291170306572727556
2616278372850051255
2770747391098690148
9122454766544118163
6863990400771323629
591238900511788784
2298253694141064667
661291844981563242
536338055643320006
8482387242083765068
3732265058399309947
2562336846363528266
7432008825676361689
6405341094969972183
1131436043906161087
7765979748155278378
161785520225451032
4915057605843491295
5179455122542499782
2179916551826288297
5669663772448087716
8519214568252832014
13944080619118574
1057369837412886723
141898455894581961
2386945047112388640
3050906739859929266
362909434976799423
6153824256231565530
1585853740660580049
1480296146321397268
904949742271089061
2476092896241945431
8964472999853512443
1822428714152539124
6360694503096110442
4723765202014454454
8433266530180165575
8927118297373767895
6741658556528038351
1135902517584618371
5065487271908022705
2646005580853287069
1309466284769106258
7461210468848451829
3785930098821916861
7272976962183276282
8860764539803593360
4240978397560721671
7816445693537828810
3320338901146371046
5645693830178471833
4864980974742890007
992144418506573071
4307926027412220997
5730852220328415154
7647868041577673912
3886508190293155119
4033054130850789124
5017958092034177278
8427073811734904496
6517325389929780826
193662570400595676
1155550282289210523
9144089483939611456
7534964824398302875
2688870798634485508
8552944643146411141
5890336779365462619
3628165502264260094
8508089375306233370
3219266841163241346
2050557200741328657
7647966036414798124
2874215554496384256
4413888265520861023
6829542224258509234
8170782351067251337
8075001148573842937
1559804980641151031
5665011576522589595
5264215758980435887
6003111357513543000
3523307311504816525
8040320072061543764
5415331588571492310
1379194085127204565
3579775599216225861
6680212282698878739
5490186234589175383
5027655543118118554
4496321984200576917
1190138902366333786
4526140911475052037
6436506248827805241
6841952362124907659
4054072041978078026
761736079341212272
5517889120972539413
5766123862945497595
5134605819022695890
2908052318937752707
2305730207624687836
5378196681096581407
1326673691924878222
2248748838265721295
3334938342127655065
2191412391585802063
6988953325200878298
7355818226667589240
4851812073066515630
5141946436945532875
4267065037695076291
8230279243653012157
2108152285901432148
3164376268343305674
7590910745686835339
7543577760825063098
6602152916188149211
2223476451310328191
9121106639033610549
4652582912349575270
2537599287865509599
3966294668140296621
4241437928031072401
576163266067944847
9035795087577211218
6004289326666501334
1466754088596619692
941078495008676806
970014377439089427
6688167543551525809
2556846253606231126
105152735773774656
4711283688656168192
8478540752989126666
4432300730428019937
5130874001013274748
3542300915447788691
6655534806006336109
3379649818469479488
7789830066040114720
6581277908940014915
4021058384729441766
8339450730152361742
3197863166807760179
984043995039132193
65531912235426725
7985904691429976541
3677199130756733127
7809635755031304481
1834205091868888168
8850234126778370242
3725206039377760976
8872159562335109447
862416521736146052
7942256288558166653
2253985799873331915
8248638464359204026
8946224278530942386
5287821751883339684
7466817291399204210
3724634364175821035
5841491253719104489
4699168668744769196
5008950285130576977
6026004823479279376
2959260972377030511
939592728290681991
3509301017219196999
8100548599913216735
8869613260499352571
4382953025680702179
1221845805583863132
3407349977941943147
832172197802405161
5917547678996699936
1200776322318232573
5194134132774274421
7436781720433013958
2382546178056061585
7064435296816790929
4869910103515966580
4649204705746697134
904153120601164599
2506914901224045543
1096534533804786583
4615268300884540602
6093729967832799164
4557185958033755208
8951860549395364674
6118831427092919586
3524915875236531372
4894748262716220075
6846447806661562170
4855811126835309247
3931788516708934345
877012762272038399
7874116854758502772
7415949458224994904
3011811583936840750
2762251829046713034
6313511419477221902
8825171340050751813
2295705357701454805
8579207527685300381
837733926110304090
3435576313270099690
8350138970802804685
2328811965008246663
2031749038287276254
618124345636752233
5152373177390604251
2057661559715570094
5206566240709854664
6279868300247531553
7784482643553764807
1593571761729836118
1545775995201333248
4511453270678957193
5824417508232278549
5213157221464497504
8796503838896049970
1652629159362814451
7123025512209768116
4384024599578667291
7514809582820856921
2000424909894947064
7164627409781707373
3211417828016021903
6780117651003677924
2435794388368090376
2164071907625329899
3055089587630647808
4710646731711537487
203076655729472277
7334958923326131425
8497283387300362102
7125626365340223701
2346754792664606361
5712852657404130675
808924940576072375
6699840048112658502
867855050501895282
3817375585055346963
2308223811917532565
2620268036520852833
3314618858671845106
5984848044271798084
2953359547450723067
7954978666990006482
8367378835682752928
180345251340035413
1413753772716263877
4496861519967891691
7329321983577988529
5071787705535182556
5239068276759531642
608216570259471138
7567232030651573521
1657416365602708431
8105631306207163405
1677555119121207293
2984003794310046312
5856694877254390154
5782903058657131778
2965704991856750077
4740059609418486363
1156506211378917149
8564043202661823451
1639309271208269554
4541901140287553575
8857371712040969163
2838816960067244344
5800836013734508594
3114060370453795254
6310085890998196234
8785808561071196120
4632475210749988334
9058305921825513328
6569916163241173798
5122284605939804581
3859418045428094643
2961661727723106995
3842769424710775457
1776230623633565235
4091367298378474426
6636595121911032978
5427610328357637139
1072629488381077640
1138884639478341265
7283792136096212709
9166239217793018044
8463781000467481257
8160421282579466756
4889482900173033758
4433868910343495608
535912268330611207
7159044624688345682
7013028100853533341
8661905912068614661
4521615287779257227
8357429405829266442
1356603859960726267
4804699689933621519
6055808830367512525
8223991649615919241
8395962007156913873
6134156418965775590
6071050104233645604
8041576947371322227
168909039191974181
6022075054899858480
1790376937340381626
8882220471364207362
3470258983607844397
5777467164251595817
1448468233756665540
6343229358235137396
7442616790088576969
5819260010550178470
2612043664348510936
5104759877687080902
4016903805751585957
7812256441305002571
6204494987955726036
4083102352084717901
5881947441918190590
2913570480433037003
2337016102499672987
1941940362469062795
1166877134131786292
4533441708477630596
1952319406500736000
4003486135095960187
6268269536895276705
5579106403982718485
936616354983417985
736761395648047445
1890325900393021782
1244987948829840374
6842324478885979682
404500459888570678
6400335019437927786
8173461023207301246
5382726897984976927
1498391630786851872
2297922382595227768
6415351059140840
967099896917276149
3399220770056875632
3898665936401276797
5077479067546736630
2817048002954424274
1134276548021393114
7841421135515918264
1472860652818772065
4558441512914873744
4533367090815565175
4311207863787742371
6228979929282695873
3005251618822454267
5030272094322481481
7614111032467422176
3485715797143240344
5871944566034230967
2594322798004535872
8455328931103173282
5944835254538936444
5022975184250960715
7580074628931968009
5637749492738697205
6038324263974000984
9186299393660342296
3035265828940727241
4982056633434533005
1962654630866984585
4698823478645392432
6265113528515374186
6667940127836144036
6874403174758480125
1060351388010155162
2347822754870115540
6590924301926811989
7383331991987524806
5859322374214021317
636944534805147033
2412431176683652303
6520851762717901260
8272201356704090961
2754315775780601718
5419546988709603596
826402539943643367
3228526566703134972
1793286016905487168
6396689399793986
3739803148889708624
6364456161855737532
7112312612561943698
2704835719116238487
7388372705471969087
1072882084067799703
7842857428176015689
6066506884046450321
4930129847723921774
7468992142182607135
218406325688308146
3587771105497672454
3829165877595368314
7207704171587017792
1944582042125529829
4137574695662283845
5623661487297818078
8750665163363333674
1662765964560978010
966667914369418268
3298321344554254952
71298755699128192
2921403365325164803
9146114895425333993
8570890632684648968
3950046348836982866
703129029821825116
8879913259211283595
4038809483393089239
6419847793098306414
6806052839850775996
8937227775165701033
731084684717609302
7746680247187364738
5018734080587235956
9158990918474742270
2793588774715568167
2988757119396268231
6587630787230650160
73595563598192141
139015613598444037
7002297266445189362
5804467545628013806
374692330583352589
7144047829459892806
386999975927947366
2687867530745223801
1223567918015050813
4744766288365792240
5690856573413800095
5028506683717000013
6056037961033771608
8844749164805225033
7092671611866780205
722548170998998240
7528641506807109822
3790881854908916345
8659142316431634170
3343220048369418770
1105296549788709036
8365219630670410615
4258926008051223766
6947015501430187804
7937200749836905421
5752789973458231464
5412517251085874122
6852001457161189539
3641459334062486736
7993020035465088636
8047570267184941861
3878705606723535280
4848813684064052616
8736819737829404575
2900447243970646445
6161132595656248835
7216179549057736668
6452588087197351495
6558225732326779913
8756660404025135035
8569286352265771460
2463588106613853517
4691444378097910824
2862149063414310567
5820451315349834894
2212278674964347887
1983551345615860527
3439538798261071404
1147750850493755508
3767329822375683065
5418123715428055400
7205429086636432098
8271093526606759956
3650671007048266423
291177023585214474
6129812327023347786
8472622819431429999
3508753713663718631
7313578504659952621
5081812443902115628
4806475578253816458
5311766126680303460
1253017660166953279
6702415902137614548
2726664480130381375
1449582666790653167
9032303060916173092
5020889099512820090
5091300900990870887
6578392162670369469
9015451252313114573
2525020448284305825
8017431928622816234
2514013962438649874
7323659688293411055
596704310732941827
2992170575066557114
7270237781915338471
7647072707445518385
5270426195499789082
3907628067993089743
8976802042956051342
13261090956476570
3734842821008299522
5345474150331984993
5136332116222523958
13856997255819341
7674043660234543068
3955529698874690462
5395265652213085474
7851691937483501915
6907912081050367708
7875692222649754297
2784677976142051368
7560657281719636691
6483550544509519388
1002940436526352359
151130015965417454
8949008375923240148
4817760313891713282
3559150023978121366
4965256717525601185
2337728808058141347
3693998230601788462
2324706896893923224
5553514511654487190
4753753341144539662
2917593957727419343
7315274147364153210
7147122537501759447
7683565326117452093
3608858548322794799
3899804246646986349
8569663502391753849
2906535076355753523
1479265139115764795
200813780922330204
8308410021517755875
5805981419608282806
5872429698929261715
4679648479018573557
855957658808767551
1309269319260230236
4691903643163717702
4565166566622477299
8489715377777433107
4502356539223030204
2829402523855993968
3621983344657626932
6605735343595879462
7375046789931702025
265695671732553087
8689682784429633308
7314620819352712377
9057880047264255010
7020795327460761294
6756881173541995850
3796518887700566194
1057302435227225248
5854505957932355714
6888507920967486404
2619501611717688795
5879717616166947595
2122216109464692883
9140032619866675879
2169586120506488982
1136885815304059224
6242745490314307779
7348831089708161761
1037751993497768208
2405309938928722733
6907781365705180628
6177751895162084774
1524490854081732544
6863273906546733368
8312523558893594638
5138583142349671509
1843809204060443125
1257604254632597101
7001951649459261621
7235842649914952153
110952012561127649
4339719481599887474
941711734242281006
6454921618469434309
2267113080988795594
4622453475709572633
1831079908041938790
6912883301985295226
2478422017337495365
3605574051564856196
