5302084546890886760
728015215144509688
4395568763825281709
4190046394158423274
5818117391332206216
7705890071059139694
5141074323235435110
152999692994492288
8633705991630986642
6151723531239279545
5291407783503549114
6752536296396887019
8106318296945297485
6837993805810067766
980673884482615294
2261690847562113630
8838140464417357973
6470415177544213930
3974098106792205936
267427160693012700
3610436620032991424
5467552219874151682
9163997644029999777
3060308572175330367
4254492953044040909
5526356004691120010
1644510343200186844
3507052195302282847
2017435617643712737
4377956910318346722
1749762427014094512
8658308746737038823
7384867006217164113
2325005973374594465
6892144077184449135
8457654624651689445
5504055663398024096
3172421502030751313
1615751842400030032
244380636528070839
5210031415450366962
3357367885662366239
1438926342558729824
7561025087022353068
891541811788860532
857894467123561695
498401866740103551
8651204478885405193
4116601370461495736
92062683933479300
6068387606917822221
7209268695903785191
8982258163620542314
2104609587887922859
8083375602900877886
3502933058573864154
3113009990453500211
8558116737823873687
4898561423111875365
3375151702213171427
8365844488547163194
3173658124072362594
5680273396141147762
4823813241991931106
2929283628736135391
6888828632377824565
6713358807320173344
7906929815601557078
4418591116313925639
7087466590497491731
6934564841183444743
9169917276498889047
7927519738004935683
4646298579426512768
6887278870014541428
6318630398318476495
3798247616688286060
9047904433628214469
3048689220955005163
8363947422646198325
6638997634021376667
3942227473267240926
7482905626178223038
7796546186780471954
6987758731677007215
3916546828606341644
2085843535121027355
4608658833357454697
1596365391752713958
7170896673173140285
6260660294722114550
7231500761817411421
4033704137369346163
2347543828292729241
6996833070811988821
2464111415748590584
4861579528969638739
2455852142892652618
3153859084393349466
2150819422217127213
6534199753063540898
4791820841038433428
6093599962665336393
9143684823727581198
141629919473710097
4421458205554132404
631683952886684460
1793926820714828391
7732719209400591051
3050006260604938532
5333107431330801409
2774276280359843671
8539112323542657623
2440405073078296771
1498072745413675299
3476502042768848642
3068867757553887712
2361013418839707903
5961597857233310064
6243614436582031954
1154587777089579422
6178550224216532225
876886415425162229
7730044566227289453
1415452387529432631
7376687031167800920
407743797840348970
3816946278881192209
1613402548224937714
6174343724180126299
1203845162375062746
2459478645857371871
5509692981252207136
7224716094365595650
7524860769523234912
6551756924749188550
8726862764241535707
5458490197574865617
7763938094447781236
4929181576809507819
4226914833373663
7545553566517857894
2657321705352748533
3102015688049317511
2096668553065311241
1139353036293464883
3706571185639116861
3643818716111123283
3312109052587248418
8673040050780001675
7523482067341018425
1018022883724645840
4558584759193819763
575310030964180430
6021615295197679505
3866208872141273013
1485777795936516400
8511437885717884295
1090019317154757899
8505040738257443433
37357730595625524
4560931565814645959
6088496817738633484
906374429945057493
5462652535081601988
8835447827380273347
8353145195332168090
3519235361247303644
9015580562101131697
4936002779264676600
5433055634032295200
1287593996343253398
45171431031850162
4363109649513294445
8120052302059953716
4189295899810029503
2933565509829424238
8059432317776756346
4763970964713819616
5582662544729158811
741803026077514760
6988246516365822642
6893271818178791028
5015463696581280863
1930132174475502494
3658892543682413660
4844581649010774169
6972977275699413241
108773240805441697
3788732933602751018
8071153019845271247
3770019192660797435
4669635052981570476
7635125384521498207
4349492570145221139
275389151122696412
4248262952313254856
6174515089589481686
350008893482521006
5013696957893557114
6654837986732113362
1483115579645052030
9495771267836629
2279149987341511468
3431815840400253371
2364173596669290200
3265519154476327092
9069418016629212761
165186393702017353
8986911366133656715
4223767318930985786
5064301365327981259
50015936377803426
5297554893897821217
7375637854745570301
8214397000821146370
2249352828032528014
3548459024402304071
637948790671636433
2849967406553632954
4749875759461219496
5185454842004817126
7926723844800412821
8419945774852785255
5076873982570355905
2247001042597092932
205716097915556940
3201282104047441684
8184842105609462438
6283032960426271802
2509551627491428501
3519236082270076104
1571829878802712377
5900200818437500658
336754812713748953
6760051769532811478
9087521224643828069
1361310281887757377
1874209006849347963
1568031750804888291
206317839579114386
2012834595245207840
2828511342804387165
2703364017075103101
6934947508561749960
4452155607476081062
3469385305617932059
6235989432246539173
7077054970746882837
6630530720028866586
7746384081623482448
5951118770613066777
6430189633692967839
7886948480165275152
294597005819946153
7176753269086068054
3110302197466713360
6747703967392753175
2843496602811835179
8805894250406011292
3247813754014974069
7125550807540373899
5511597426151928131
9201155524114505147
5647681844807986513
4411303240989279543
3028699432012776975
1364019612359769447
778574058470243376
3146571777709634193
812672485435490400
3206566044826784767
3117715031153399872
3374630777435299117
6680677307469984597
1524058051194918902
1580300653692013108
1095418385045564529
6305400675500431918
5840558418922891322
6331422338430113051
6301004482755717567
2477051575936121847
1289753253570994918
1402685966955890133
3110446709525763182
4366416710526105907
8280898171131165129
3154850981997651049
1055143780702541577
1564298776864164662
7930129726517271603
8831443360870183980
556465064028330476
1529722407804920983
8175525187123252873
6458432573789088649
8630516038865855063
6832423162921871674
1842727997747175127
6031374362737887922
1764290663830186674
1471414982871780220
8270462360473059877
7089319493719886056
4608663692865434202
2352553007009551778
1901288086868096293
4350287331589986770
6781579359656278899
5812350560209973540
7774023272259538438
520857900360920260
4976650097510601868
3984409034781556715
8170192727621158184
2197703797343917979
8880103033827468631
8828172505390554423
5196763185262685676
8264390891545801527
1148610322305846942
1002923248570888009
7435400984920319237
2555764535307951296
6340480369994881153
8518329601443810359
6324372762492105264
8389125898500546808
3098268088779554131
1517899374097766223
456022065502925002
1676926834610550583
6652028654179891771
5205045812138908837
4425297795941865463
8921448301327191818
2599306251969297786
5806903809221046483
4447784231226585591
5303526876800162875
4963110276057358480
1977185662741911713
6089982971386138654
3831408231855453531
8409242506042109238
323562418290028235
218815838787700158
7751733762364571375
4080372582125940169
3624867521021972042
5426237432156815262
1409720597061464052
1801612301253848893
4813941487692669562
3779100667129158330
5037570198261285752
7884307641479058527
196941683612791517
8811342291710526774
9155661450642415624
2747798529202228633
8490519671404714659
390635602037288719
3546919040131147274
4717671735536109334
8328191469142898790
4853182485476651313
6115323054528016385
8698144956606356226
7826060377554866968
8802596195448627150
7367490659205281260
5497929417678387562
60523411155491908
4110052899838525243
7609016326570010748
1657604065201193022
4921376027537545533
6705321909623960008
1866442250612549043
3252976606082377232
7067790372179143484
5497232105602343745
342914102905355747
5642149899967489353
6727296076817966993
8635922832089578689
805593731761766759
1879994534055518483
2223723446515617913
1769069888431084470
3263832382471782529
5975158578075952077
1070312030538061452
1319583819104548313
2217273638847748288
2868200924180947357
8125548161097562332
5657894326372249073
4163384369833514548
2244706636128262781
8704457309873626400
3240010957719332509
572669014081621632
762954903285160525
7920921521989507691
1985469087551019625
3060945731434736210
6845355443912002896
1597276070589484303
7629893926296090930
526069501515726793
5800337244465342116
1279813152498151514
5754155394176388344
6418769801963738181
777580401592332372
6689882071758893966
6514524465961584493
2131502121094970760
4987910516290476482
7629447499287688670
4096573416244686812
364446844299151377
6726751843377357502
6056328160321711086
570449428067274944
2360688606471134287
1105849785130384481
2463827291730166397
1374633462511821513
82974918290915808
7293308976408554372
7798902517941883535
2172424558775695647
400202044349919065
1179784453900357859
6496640869727198497
964972955212988989
653508189008353236
7159522636351032245
442794105207683997
8699508216224843230
836514061616624156
5803740903685471859
1685228035855032626
4123117285969399168
4671617022897859106
797237281108593649
8237874564232259072
1454914877454913303
3883012811209906478
4704871789977485519
8017065228992736276
4960667932059391042
2262431743355625401
5978684824824628787
7456504559775222241
9056579560955196049
2661387570586222061
9181499958686572138
2321434079365722707
610908912301204326
2119861399358086481
5423822022292735457
3471843307609894835
5887499319437814433
4627202491015585495
6187593680802202206
2310273812003378357
2872123107580376229
5809292164526302753
2341203049429271695
1167363977189881129
3124289016542614108
4792347020480212094
7856766037741138361
7217291307222039457
7545539857302590326
415376926567581027
3288049124739000899
8395099290920393589
1172796160844671155
4772755599249743564
8765298768056555402
8887721551547123083
7402455699765462739
1064814003278718038
6554673048713208199
5258496285846192329
9061043323814094471
8697070053632737421
6488010548985796552
3044773724177653466
487220968091768437
4239174316942180808
8549105022271727834
857768349571616024
4239110846974131405
6433982131760257946
529283963701066837
7843883529708228039
6516956875868071925
8113079091779963043
4576242113366403838
8254106993874559301
5492276678530173910
4147517207757267539
2213747845397428119
7236508445267119135
1184431866289192212
5792311300325312008
1785129933587061824
8782428002799466147
3886844991920188136
5087051710381866880
2824025631793164956
4500222457110202617
1957084155692215308
1749283761726850840
9135317568918974421
5506112782172707370
8782111505095749712
7004580199755972348
3218292596509134776
7133841690109463317
4543657724442767042
3996845727366764238
6351174043167736031
6622381478458100274
2021078132080503295
2299919996676400973
6079418568647192428
1429786645025565249
5687475349302659686
4981982726766986175
7567415763687254722
489307076941090326
6341917938286961031
8892252122031396462
6153446036540287416
8533303578206085545
3377391974472567317
1694213198633849305
3042823212236077625
2086694972899186597
3912880192613369377
2122032460588301923
1214374236978107366
3146989677435999146
445790507206993621
2246094288840994107
4830641764490496327
7758172412783968309
8809894390876167349
1980728257071908735
3627887728798465311
9071658508576892441
3862142235383441022
3573884988914720802
5605896220842983675
2755882019347814376
6547134422044138939
4612327921782580328
7604621196428533219
2764745518468429968
4298055648919977202
1325223287572745135
3558927543761455765
8117714311234649313
5447091648424862819
1700505584304398561
5411259694247098501
1510001886912290927
914317395035113292
6667029424106541394
2408088887846135862
1273747997020250554
5386039214921270387
6735964741393075310
8470514257031540174
1812106220546021216
7453578997960053345
2555458239030525774
4099288396603200286
2448219782714485966
8806352698124834591
8354830791497672746
941940531370777812
8876568233989931357
8062482772635916679
4105580367008247495
8985115071280735966
1578105194586334738
4943622732901260891
8239544796409903484
5007244871901533889
8768150646407064707
2400741325468712792
7910688529829972983
5745590463197939111
1352538764347281962
5655411056278806534
5618722957567395292
2752476350121887491
7194360671364670671
7164661264584582168
5071467018638260136
2188525934279401833
3901877217212412466
7724113575387357568
3679005189906306343
2802030319253668034
3323395919091521106
7798560225479007372
1880067558968437078
6462881769883891687
2683239451211658458
8119343423759608597
5266390143018077517
3000947844774551348
162127269510116268
855508782372610416
4842835414419491402
4478840327690054960
4707146257688303941
4543925957139607953
8996424300644596846
8386047861689721717
5113537959661297849
7089583130171784086
1613029760947885151
8483160688447729210
5685270859298082213
8061455261611497270
9140818210850097832
6894348335054226524
8486706900238789683
542616849289239655
3697348194624484022
3406034070331420167
7392788052409116786
889871258742422876
5146058072602151138
5038000341269347322
8364258284931145321
7781527424473614953
529317489185853262
7737612002835805553
632266243271529403
2926414428171641077
8397632361124022922
7984675274429331446
2543051954550837098
6138969850768348636
4804525216862677387
3246864303323869644
6009913074768197404
3643351751722735396
4533228194217363615
4569708334513376935
1619003254496114314
6517514756270507196
78287416269691401
6433336175958460079
5974000175297743518
7841097634114694701
482232807838802087
1607484639720680115
2536097939289406448
6965420898926896896
9078115550035709598
7043597906848845179
1751739228794004947
7571969630662830027
1872173330367942841
2239980661229104695
7233547012910394039
8158817825153635819
3530033070645570151
3202831018280264109
880254061482856970
4959934556685710944
4979803709268786545
3482913469279472897
6608233681887596038
713545498000642083
7492457286519951831
5284766009655429946
6957195455955249721
7819601787049990727
3218321293322841634
3995729266476118585
7445968415666391700
4423954127362596288
1363022568297772911
4237173914474105465
2440761730924304768
5679390858778153917
6337173912305329736
6950208815289066215
5260544436050871181
1122924291201517800
1580946280372621024
8386349639650451848
1440987885874778456
1063778415593114862
271329866849930237
6297189236073477551
8853430289296029805
2246714047724294511
8126615597275813636
8926644932688864241
383364571099608814
5923322294007558480
1359315456543036812
2522949778749454846
904398719302060327
3996119555564951725
7859506267810793263
1005010238556339176
475605294012009011
266240685049490148
4372645686799723014
1794044627039703690
6177763677669160960
440081326464708850
7264915555096646249
1422911983867545682
7040205554105021141
2783854053574208849
4827438341929317135
9208130808840762466
7825483713215459118
2260443331306145617
899359304518825178
5183219517804700551
6952430345099510152
6478321660681922932
834710659850673144
8098399670810642116
2845986618039514062
2427459145175101600
6546090143837450235
6361872140426502429
7798127436744588831
2990799448988496789
3686209989547056778
1565385734477052422
624446240401888460
8722897779332785848
8419006510887674486
188377723041006757
2743996179905660754
2011763486107214666
9009096312021917251
2243642219488893719
602226617346057747
2126393007505007597
8239053382296380469
7533669225224870774
2794094589091069301
8071139846633435093
4902819702722394828
1114617865894900552
8190349703586632071
8582630444702496983
7474679606049956060
2595555495360654438
423579775047345896
1793463103584935002
5580233109311219199
5406504375029346889
3699736042678235941
7006018257467920476
3240479084565031925
201245960353281390
879118331861779253
8960306193746367996
7563451195180505361
6536371626383264308
5378593216168285451
3285750453144490911
446221046018109558
8827373221274129750
2770854342489147929
509132772665578630
4285850727306996719
5479862780567099431
6217561938935261790
5514629550268822693
1681362799960294937
6735228306312239789
1077249809894467815
8056991086233490019
1118953888907327271
6900231996232312857
6313339741955691136
6832956729597668310
1831266417319885647
955220615572163025
5998282425091797079
4093940885949403607
648700369586678982
8585668955080005501
7240748795211223880
9077791008188284733
5074669517580699782
5333874699877273757
368968665003105210
6966774642098065863
3993548156820903090
6051254448354687836
7202271938623360126
7892821667363849862
7726904821172782410
252003700491904883
4423995151972084424
6081985833231048527
1482466489853032137
6066371104149654988
6901585135203823953
5669471398216541373
9105258179395577337
9062823264389082540
4375785683022509998
5386471378732511281
548368264172419166
5398188116496220577
8322143595618658694
1928129069453635860
5618109231516411416
6943622433706987854
775237516365113421
6208398924819158806
4158659495435194114
1866768037575957094
8410515548136631929
1194455441713848635
3999206486130771264
7970365307738599811
1627962476632838665
7412290223739413200
3704486882318707867
6930196435097826515
6535496475952192166
1023919787876594790
9094214138135788825
7500258573077625845
2324038924415606525
4271393719197687032
961949982206824426
8520664891229547564
4946893725764164860
8569266711131741544
780490986354021392
4403096317973663796
6376810003968554948
7250000307951855553
3197483311964749372
2541402604328017827
7209887259045909384
4374302426122474047
978270546311781342
7020401159257447677
1038977082153083019
5639401888280044674
4241699539533154520
5256385580078608820
654543413017390885
3658751565856075179
3792631268761511995
2684144999646384596
7745582976769847764
4234688002357819231
8305028557077163000
8045357035723745373
4479593232051829206
6701951275675075178
3765945673880228065
7218987386508143940
2885726043970657755
951483669378330933
713553121061153051
7118828118279111329
1066459259393583755
1783681600874198155
4450219432032694207
6219510710312725983
5118183700929664016
4343721724106632172
6437527374334141625
162743849916040989
8340417643762644991
4278703187938414117
4221373676004742178
9207406192782885871
6429458546317216160
129230268351393738
4786478977773919523
2609004016801116434
6478928979214286532
1742141063065285614
306157304865206584
693188642603733106
7137923072018449531
275273041408505288
6597339657729129021
2913600040731731135
5149377502409068738
7847245690250344503
9002819935789410646
2278454254563927019
7072376393336559245
5651395388045586896
5134339361404841885
6587667564784842241
2571689566506489911
6759996835969304786
6925356000881399221
8185950766767924585
5662130809705752518
5791423508277663963
8736572715435441013
4391251999024253963
6257536587498670743
110056087891259833
4379588717740613999
7048848956751575281
8247067073148486238
3537349999543627937
4752073794544771312
9146795402396060878
16911805898335468
5338696418691790592
7358593816827583700
3991155030291388172
4735025132574284375
6964171746661906600
4368822874675299933
2098356016956082546
8000016863361179705
3406509239371031577
9043031465464818943
4311843821072247761
4087713741021215251
4281608537489039371
2257823742841631510
588048928660604914
6032280927610690170
7069131670757162721
2661179879113108988
7693928410267533344
288684649763160018
7628765389949068368
6435306523324431054
2965844629237912984
6553807842331277845
3132040795535183264
8972764484579711588
4652929871981299285
2933258984977360915
8565825622952972327
3027309082293225443
4781365232483138029
719946420716802787
7425018501263758824
1217620389319215262
5279521289120425603
8128148872842612403
4908953977700869168
6943664657591126615
3785553700075626413
8064502379448034558
1153426045919650541
5810912595717197690
7677931693163855611
1812719846773767068
8919844865006600515
1917239568924851810
5283928960331728011
7642300629028416791
2430162425124427074
6564814787759566302
1888198301478798380
5252450378308932446
4646133478961704945
3035092229551244857
6973134471641846068
1145556926799553322
3748496111202454231
988137823989158222
5021113080950043544
5966503438600158576
6851617967339130705
3234449872778810843
5058317601717061009
1301495595290227996
2404976267223209778
