7290494229610689060
6619701071842365900
1815436875463843095
1119822058256007772
8583653306842826834
2317379430172384272
4053741669008474834
1103472850114679301
3582909443432360897
455668616938425840
7332108515431051291
515118220111646459
5910651300850693849
1015724993227712177
7321679681900611816
3780152226971958912
5941091280706390693
4828359952390904603
4471614774839420592
4522570983564885914
4299910557519915728
5576929742274437092
7450548916427108701
325329182007933385
639529494393668728
1949130803732300412
6024777123917068857
4947994348917536825
8818840253572075342
2262817084371796957
6191243369160752744
224497219218094432
205651755312610266
7950143844002778205
6131051465690214475
3332027937510489931
1870452685492430275
5800067370432832387
7000972813342180122
9056078451838582719
3197680866469571274
5981260604858695965
8698563851797261880
8036869868168425374
5011903650005273830
6945344863730414572
8393973712191363052
6075509430003255786
4818311976870362627
9093996119259092779
4978388762934915588
5994772517031704809
8496705071954585742
1487991267618708750
3740704360637725501
6671001811883394475
3004642373545795170
7989775213608256191
8127650606484335063
3013736766062660035
4134222812882317765
8456980074859380175
6983133739468813240
9141707597615652486
4436101419933297881
8220738701408389972
5380903316058065436
7010419981890282118
462611995041003175
1961824202297748986
2117390977518187740
4126993192177991463
4748519411120870824
3457161450748694724
8289789175467583620
5811562159035698355
2967825273897984823
8152552224398019823
8994508364969254789
1088633638576254008
2752296198704344768
517140733936722712
377939759558147567
1608026302939467975
5695391640211572410
7157368090061779155
3441585428158198532
6776058062778665433
6703817130003900607
2129141204420699899
5289139086695022388
1871289512133845433
332572563264842861
7656121977529546352
5313529238870005670
6964267798285499469
2382332295872591588
6171998070650358316
6896941038390933659
5019773186601860247
2502318718308433042
1461968605180278761
6025716046138623734
2495336368097429419
3551363062094896752
8260213257610058798
3986705048873466438
2922035741471108973
3995385520039794191
6977890717052237700
3734812918460879360
6241820370789447132
5792681764422436182
2765336855175959368
7991183986226689433
8718870726453612934
2882393130401902076
3146708654857384572
7064503333362824071
2892850221922176864
1984262562501811083
404507399391741277
24874246176487698
1177935662564637639
2296441592026164472
8693921260326278970
8887898395515699386
5260705298747050991
3984340036878095339
2732371610158542316
6524573207684662975
8639891506595685658
1316923076496041366
9028128035075518400
6598726636804317158
6803453984037964474
8679151294251011836
6989151582627393450
4655490579920427227
5673553820598059845
7797859972040224950
5539849914903463916
5141344024401084902
3171652014831045274
2396110751608577196
1582532178294134769
226414979904199173
1210152285244128645
7680452756568223218
8255075645668845035
5826871176081739076
2380101911996155690
7542647295971837070
2892637489536184160
8054752234667260299
6878689041913031295
8058369169250144541
2034946936989224214
3292499681236068555
6591995401024580438
5442433670615272891
6368387687598754666
8786376925705308636
4789952416595125581
3407242202227087529
2013600878546148617
7412482432411607291
612922047170613852
7050815375130156003
3711536896224272603
5492012455531216165
1743357952707362039
7228795341309419524
8642924570298329456
9157397654926433304
1944953311396621590
7034867784549108296
6206811984453096487
670938195835989565
7331071200941767144
6772170539599929282
4821107379656881579
3857983643363682250
2202074574678547045
2746017675916249700
4321193136661997485
4582917964733016077
2366189292457537524
8929326089997387696
9118083972939831791
301086304254248385
6367510828122442129
6015629116486458481
8031818098094975830
7982658152626545678
52019437952135816
4700246914945243988
1669706897834528157
796693476327865030
9132022019433799212
2717113313566979079
5490723891755557932
749467620339841936
4945511887823168238
8275037187979938158
1448697092637863562
4858188993141317382
7091636601661417670
5132479865772493470
8875029010019331298
7203611167167433686
6890396875339048294
3533121480979974366
989768616375445334
1462412863262051716
7697071888827423582
5568194762611486167
8882071480053589282
1558147251197773411
1749120205508709118
126330241960786001
6214235698661382180
7933603328817184324
2076690217984812256
5898686498539173350
8935506243902824445
2015796861410633136
8286549332550785781
1747354438620078457
1641649735016396313
7878085193603248409
4727030060743270313
6902580259307629805
5930831368556232487
6757295279257031589
8433637138241082240
3185182006228027667
5093490907670330109
2803456377657978488
1447558269819072464
677453561804404199
7696753414263197055
1725738604066937828
4744274669345421138
8518758198517275595
5288230010248989641
2749762005978034992
6471548936349139490
6888918211483055957
5560017080302181618
4233965745407135388
3037094445847336815
8183638878859519778
9160458300649009333
8044242926200059776
1510307219321723296
7717529457883144054
1011590398519261383
8125783433866900524
3137346904560282878
6134674607756927722
6549107667393516266
9107676144544227610
2266216217388386795
1178931297217451526
3379744618707233853
8078921285315479877
14899227027281173
2727913434373683721
574676196073686735
4226117826425908082
5136319836126300941
1778663610660230324
5102259789803255475
1404638952942998218
8427931346579181663
3790250869396748026
8688103597383908137
1922922353170357171
8830369435069261390
7300345804788045966
1566817204767583376
3890250121211956287
4007539359150745338
1855771176074773611
5479188504782896020
7164726522592992193
5406542641650560164
1216227272879305540
2719563841475971370
3830527215012809375
1460419973998145153
2158349770599062839
5808620720804162233
5454077005874136983
2273649911267182468
8870456095733164845
5653300729340963541
1860455076133463403
219832559165846640
1306109382106372791
122031332333870040
1803918239918416841
8130433719292515145
5757093483540286101
5311908522146659383
5999438146530028990
2386561185153033669
3161381223185548126
1023448595461965974
4803132721557102636
3354035341545672206
7466345684181700329
2583569802381207293
1936619095883650416
7381264727682935860
5949951137746706129
4807404840608665535
136796447368877201
2377725260536177757
5026383086107609817
2689925105986672706
6052143328442825909
8048015485098147497
5262790263402122338
3150544667460358663
3984928612502746912
7413026150638014312
641393946913159102
3977231138933744677
8416998257653901142
6043432635132629879
6201937648584847484
1473059491458424276
9210603923920270531
7501548323784467104
1657801206918090504
6902172762160207822
7174480088966792410
5636104416971736878
3310494341939460634
5000782587731329501
4837632456668752930
1064017591972249328
5486879840581896606
1596094221529426520
5996297492537373618
6190696724582786669
6986696757830059162
8521094039910743682
3948241780408810744
7517895120756485857
3473235075643621829
7089777017024241976
7968792350892847893
2149699302697931035
2006414577567907233
2300494742512046437
1221593908583350250
8634478067196548581
846262247634943181
4720688763785782848
7854446184070864548
7226100117747245039
4308710054840318189
8312879924880118576
8293413970983872568
5908113403382275419
8059150976814974587
3474262710668289714
7012925058106025965
3538888283194934487
7276307010429151405
4616069622028557066
5845565745018122594
7228303178418334562
1137004110846119779
2791338056029329133
9158629718070858233
8778831770845719034
949666215022529860
8066118911452344307
752596822340599705
929079101483469796
6461970739696357716
6873320003298573844
4312826203533551068
786903909723285062
7819419901447663773
8185224014534948492
1295422286093131778
6443021027544552167
678592895143924530
1079956107261178888
5649838746832382962
250206787769301306
2417312200995485072
1997824875850246069
4899858214820638647
735819121312475373
2203342342529645031
7091980905077023558
493879009999817255
8132087743877332844
6952560615330450222
2800863369560794899
2905299191545703153
8402872173515647873
3638176306842224714
6993213349126442791
8800070989153463306
785043408391404854
237621551193636967
7910402237206671860
6285720493749271935
1825547057788233326
1403201934541381271
108139287644661745
7950635051030570700
5079993021355533503
8904809247711451729
2273761934428272259
853244151381950884
5321848787104536792
7536159908052204967
3922644224252402385
3954880562136155868
826809077497373863
5759626687083015255
5206447524907793127
9126462754870402117
1276270638720058625
7194596155540931825
8928574230609064340
5386920578671302694
3522195805477189959
6135263290207537296
6908050174886418301
5020056602036193369
4109458872712674383
1946098305155469233
7330045889542397989
2599600956395876626
6439129129654839431
8312288568198183036
5281427729341257569
8395465712991099017
610860370715061519
482495065873765710
6737632807329533848
6009522548245338568
7202973522100220754
3368375636744319533
4582345066607426976
6943358572050873561
8764204015240667938
4744153584697605791
8061459881235682024
1096187898335793826
8054708393762380510
6473352788071560996
5478583835589844025
6346672169682313477
7048841914511273354
7290295264320655602
3234580757129441067
7627266236055400674
8156870920127653787
2508072937004704851
4924300929575351479
1068269686555960127
2109449561134196148
6154514406795946981
6579693134569360297
600742837166239634
5753324117890179950
8872120630397615959
9129226047774541074
7135500741897471670
3373439770374800266
4580675952461875097
7543359791342698683
1017720737874939852
6818878497081313551
1859062026394750624
2305001937213308796
7697530199230189667
4334056328526281790
276040195848626121
5843041743020807462
1419653237877253570
2702599514012624180
5947092364927977329
8276431926210335334
7516088061870475479
1732984008261810032
3385072549344758138
1652875852693540745
4693264827340929735
5790940381221853251
646831398954252178
8775951638536120714
4617634554967470624
3549766583415184619
2928668818647089972
3355084102331671115
1358964515331314714
5812430672181997860
7397964555676535794
4027694870202840469
8298433419553816559
6344112084857607819
5708090662044607657
7408089879172489933
9039616194822461133
3238359607591258242
1532694077971955534
2396777771201879860
941294976876180741
6665657927698615789
6966164286578438308
3262467289983014766
7480538496063049190
7120726192749095139
1236090263209618990
6566090811881182274
6396967778358328069
4113793701029656458
1369444441974271152
2857184814419412208
5144583168650438600
8878470905057286518
4388055580598612945
5514343788533289583
6583730071340167446
1301511217846356468
2246143366881500317
1553218988721890575
5035168755629198504
1643213154488451000
4628419095042418180
3842475916141982789
5629495708403068607
6474197092995464372
4561297916950313249
8930414368903364027
4373161986456457853
1645606880864979269
3144526829771055123
587844757585243424
641218606006876954
1047440607530272764
5068978062541367286
1739625381557434629
7403480800049909402
4849890503362537844
644945304656100311
1185612979590969296
1362315204445091975
2544496400081169533
7589341394460994667
3194689274243502609
7462382974578672093
6333734016844922827
5323086174201947660
1790797493903000989
6261751220963313872
2535346654161071067
1388174803981489678
7855404438251773319
5133504626917184508
7074266505276245380
8296793946703807047
5207210624386258366
4279713636006668016
852228856875505923
3855170654452669270
8438328978694576432
7023938672107801808
2756526565481025702
5447309455159286219
6514133897951117625
7004440509906995278
2763835312540832143
4755315713061223697
1935618444785543199
8378006043519119663
6280679737303502774
6052624538325640705
9056155661642405076
8612397456144210148
3087319285835594902
4898982452868817689
3063025859606898748
3913183520111279779
3549169575150255707
3761781519942547857
1589398532769087731
8790739311830847578
8307234584061860698
7994288786433250046
3762034504041767347
2684738250473707236
3835821915313749965
3199124100843218168
5054358436452581955
1030381745664042609
4205736720005719068
4572008254441706950
9153135020909304082
2258899520850239330
7783355272712713760
4570520063745537695
8848206446181062227
4933505658414620818
6805105438493925989
7175252199689520041
5198579949896030578
7155768411462809101
652698064401742011
3968896594901577550
7270017390273430727
4420007704381163450
317849984806188949
7249942124207329543
1459351535186221203
4941991864805972965
3012900555589313530
6484848176914734453
5701829970767644333
8971080519120342515
5840144532805798757
71056512052117342
3571926750543418027
1731833084584805023
6973271648472334207
5903856812355013654
8777342362843800936
1352720933822199541
6648744860676394641
6148433049833886137
2110685020412283959
2318856046333761380
2120094148068233501
1139233746546027031
4309780488699061728
9213467789589676034
4578803764298550603
4827740404488481621
7892674083176825380
5202930826249357265
727407235579780385
1736120695372715091
3425706865012216641
6114015740701446784
7827617400728299837
802491345767945726
8427373509073787541
6045048339488897702
140364007737171918
5638522536493373574
3840488322371205718
586405901004097542
5170703825112528534
2718564758257265793
4185193830042646508
7320490643842316596
8804939978346950323
8192512157512467393
6835928104393407130
2160560651341730496
314842842133698902
3409459697708378809
4539895223279895410
5826243562755169319
8407738460543487793
7370788378216567282
2705489056678199802
8214016301795668304
1053994397230765476
7564841501482431425
5279372329575234096
4148366155934358836
5907943672665186822
4760439699455292390
6819869984334549011
1467107851256743804
7951388718282902464
7029969983120941250
4747899980607711713
1245542715750192508
2161420729674812579
2112650300967888910
1685637335904160272
6051085652710439077
8704187977442706609
4606766099588392977
1079310665862012557
6926761651419769372
2671515100844130868
4372871155341467855
4968018426101245818
4771799758450910259
7193674848255018107
7550166877137876756
2444147367200227437
283354778002458856
8438577489122196292
1945188447183968524
7463948022041620882
7602106540018080326
701133454701238843
1263773141978431843
4215019717688510500
6239444812548742985
2874116084594322032
938903524174160811
1900914977075228879
4488167126988330698
6507257927001206330
3482715312650125462
5883454034540662212
6647522785677210625
7887571860780198611
2065866561520241273
4456864582740501999
5318009819770741188
32696343346006010
8126978886911639302
8857502996476739456
4895783765822123152
614692356143063426
982247178185748115
1546875963460392040
278881520607572102
4728430720556476976
8116298902514355192
1502468804094334704
2548889945207037054
3977378746236355500
4028511180853838222
1081021759878531690
5059415966910744673
8004094908355153394
4906706265767775144
2006694845625695007
2178176732342234883
6360055445921009469
7229873923854643364
52427255116925896
558345402256679204
3006971638822852120
4058387958902342011
1136745101367112521
2129614931859240309
9102864012330588116
8066612854391786830
4338871263687614496
7175707630865751628
6257356761922720964
1217949617226761481
6176641995801392120
3301382182657446087
2797789385003856419
6212739567009509592
4601742217568820179
2693228049481205812
8603495970823670805
5388270704348937636
4819814233728354929
1652133267850553398
9137111027853472172
685653154905791273
9027291732968843881
5272633519678365252
3551756821205965805
5871356474954269209
5186237183230345810
7856454390716831989
2665137945780472551
8111459172670655956
6307019407146471677
258790287288510477
3248531800473115465
7189617016341025245
4988288821553179455
5747411245605782455
8310225088344462697
7792229587174184135
2145760334153541177
6851546129031466256
4680792511597918487
1810141481482670205
1540975221724990005
6671083106197525888
4966460636071884206
1028850023764670190
6774851357043185349
3137844493471292396
4729472172406405513
7146176589643988930
2816718988120834297
878210377880515942
2016303922984665932
6034919319762812042
8983318047298977995
5189884894441036309
525976323744205705
177829529680301981
2778526850497344218
1769834212991701511
5263210773824370849
1118931881895961747
8042531889646297544
1612426485269700075
7464976760715223543
2918355433361363671
2943345772686764782
6626800833805557103
3314206129032279755
4374694031269654494
7436438631013696689
7956860397080088863
7746100816043748237
8345135109398013610
7201674343898813981
58807110452553272
6392127508700192377
5306370788888108865
9162753479680668201
4244003676588267661
6919670007057034639
1559727383204169630
7489130252174500864
8277438467379292729
736199306747096207
3072102860926095312
2028289942695812415
7354108916111578120
780645229317413692
3533169816830788992
8158144846867642625
1472037023855948790
3040522297824978292
2459388481460462463
1341062074050571263
7150519823197525711
4359373089913939717
5134339685838564465
6878848407572382564
3683733346576570765
9147060571196639032
3035152598526437794
2528241864029146534
6149057134411742951
3795989451907497715
2670713158929578619
2832035353155918932
1448711520274529324
3827112441033733632
683247522436277199
5484492479187084637
6703773239443311830
5900817182113392166
1341382523442500413
1302907734778810082
6521592113061027676
1622794453432873447
7081548769116370869
2581847853935768547
7351081024169505021
6475674018521731213
8113771678911839903
4514038992167686829
7940370292590247972
2405409986156347588
7696964221342792573
3295436701982444988
2783572555771437962
2072339424898820782
8040585722541040747
5925300721237872200
4873544984962626589
7920471121310842341
8370948953232596845
3150663576395750233
5278976482799878848
8203228789213731993
5532083816892218668
7937625112065409247
800221044306073878
3249863202329699708
2324300007662217410
4727304682155832528
7136322377815307868
1669363582244100534
8076080104634943071
5207947942383109284
3911133587063865056
2043813766114111768
2187836335426880279
2470910276163862442
145337578149905696
3324889899679361374
7300234213744670008
1564996723319785310
6971331499297410321
3546086652492862536
3808070911636412900
1317484797228871011
7370039768502071607
2336205441173667562
1364654565182606051
105560087014062599
6479393134371797030
1186986535835520197
5825747953965811486
7227909792343211026
4373328809499520242
2794088817982858190
1204442888427903547
404612065259151234
3644459554538165388
4024913319415728379
6273278043049347469
8302504062793879301
2558582925611645015
6340966772505679409
6410859474099456789
6679394606517580182
9190385941218781440
6908297773172447835
2304040384418452617
4746323378283294769
8336664625936342537
1928554261376157435
5533733080717777627
7676788513036374534
2680435167644578432
3576116003621503853
2457943773431287917
6695958253261764022
179620801868358938
2720330062553870601
5200274087795166384
4875473970316558568
2932916236369203433
5198348853494346063
452937524046561937
2293383105838167285
4290402363962208356
7648438190227730207
3548730613224184182
4859111220937484893
6381121297618096874
5164666842438716190
288879883579222797
3535715382631792104
2799396038399198149
4490781327993681906
6065893820593117309
7491747414720548554
6453267853320801315
5254495513898339387
8641753773685190357
6504963186563646978
772678007923474603
6202003354790303959
2799611628020812367
2469310034198838776
8787214571752695191
5764524941254882381
97199389302981643
1188230755237578186
2534577062942484937
113140362304524362
8022766664756782487
1526256087207084597
4268701565637806978
7479668584088010214
4229168202216700846
8030974827700779484
8086782571685205950
7945322047013726190
3242332438209854189
358935038145606633
4459796688728917503
6610425240922051775
1123164031973927861
20781142690368106
7794057893528348997
2838772001429011762
1870042908464728193
2117766440310333625
8836438095346662309
2997695545783398823
329874004163718681
1605651479997066489
3803659293549994411
500137029783693196
