4722976693750609661
7966352067530599519
3927054595274681668
7369570719525489652
6854501553877709514
6294385743469339068
3139520662237290787
6876815472147684092
3401695347939629526
4298066577836573433
5146033453739015459
3971030122716573733
4288245444543177047
5115221775686125147
677175073885751021
1718554689851924855
4294393069290607689
86990051270489034
6794537679897537876
1752734254941870182
3019353811142763657
4241743481233687401
302281177798122285
6723868718278509451
7021572310459690834
4772180224307071597
4161372110264697964
1541314305764868880
7795620433997384859
8071074617030605840
6959198701276416880
9182969370948898577
4261994627577237600
5346701106590655563
1359915451034680148
8379511247502801061
5029758139105082158
3673548818834309887
1964326717442051468
3303787189440319000
2766624766807284108
5498872910345056125
6248189705344724718
79448547485227304
1331243253524640958
1457376855730240175
2176404042218271130
7782717883064751107
9139936400127871747
3819225222553552597
2796690641172837535
9091686479497886026
8499212130586560603
1321548769538167181
3505937160820429994
3627205528432995452
6457534100990267645
6934922947387658967
6600686372599508929
4027072770164305675
7285156765188387699
4887392974282974499
6016750766587518904
5711852739759614652
96027953901085758
8975935939887966484
3837599795487752643
8157521737218810632
7162506495759159255
2816880794390828464
7647803857313787623
5975156369728603597
3297811242803673807
5863958185045971902
4529673703638501891
626201042052427286
4834289092575641166
883597836215811016
5780217181512097230
993967416949580233
8790817838290980707
4297342978125972723
5828601345032766196
3437061000311029936
7667642739555668428
3579539652306984542
4023329308944999688
6233173759903484795
7920623923529199901
6462994135296736947
5887357166226480290
4255497738603743401
6454808828681856533
55297132055209532
9215559451452140729
6361507629655270922
469077614286288664
4599241226275202070
8462776134247630857
775444756852732192
2800871955465784850
3740117525862417247
344965790129196750
5136600024573561000
5532234346304256717
6061542455529990734
7350725387437508821
5010700205207486741
9148436770121936149
7097408201167584163
9074953940707662656
5425147763404429576
445332639019549386
9187481942074424339
7418540573916118477
2806151260931506435
8153225694863381451
9036349114443319655
2465323235389100530
5584144018661264933
6409061529092096032
1604060897588296249
4648011895827028915
3548979280087510602
7585632216613640434
7526786082535676716
510576474610343128
5452825081477270774
8506029047353452659
8909592476401624301
7438960115625119262
6895003923574962022
1794469389924846564
1705694338923566572
2541906750506028075
611968931563903294
1977423344895986644
4765623339510520409
4763897072757687432
1897309279498890674
3263268158721200338
8713355610466743032
5225975330446355641
2469831979489680014
409035466881215974
6462126374158136287
4988511877092838396
4141417677542846041
3733820846907666289
6231044620732052353
7993860974103039078
6207959407545755521
2477400815650480507
1450197098075535531
6675327531371648103
7291680256734296880
1602669330507657141
8565615290323216009
5963227111208923438
2301533841040901059
6490127951959641927
7521225486517717366
3066458328721030608
4143667909240277553
3235176519195795453
2882890914493991913
3698780021317053604
7660267190192305046
1086231681727195468
7187314637243220366
190709230565323668
1806427681784017526
2301081530574627804
6900646099800522777
8851581340177612075
8562922707752869503
3273424546633795893
7194970773367733915
6022234991140813413
3489038043669082680
5826424546461573078
2581511406379483385
9185630058538267595
446065207187118494
5483130056125142359
3302036030578028833
1194463379950671112
763081429449322429
1350133438972229733
8918846512686746178
7324010425579924589
3055753118339943071
3635300087151423070
2905737619685330952
5010733624039371894
3962092582035472824
2642705409565816060
4751352128146102978
8724927887490931850
6426292331800407158
5042760088002122130
4765040401360085642
7399560930287425531
6024031180099943886
7539097243084539762
2349596382532109752
8241823346352647099
819086565897724359
5723100890745233154
1305985209027023139
280149589940028324
8472018583935018988
792987485135653137
4875430421990009608
2718668528772156563
9029203902916567201
8662328491559107428
2812505682755731337
1466188933324994933
5973511688149558451
6806576381649968978
2066021407309969188
4030971917991577410
7113355965512741536
4995539122766804999
2688255021805364836
4153596243281177527
2810896151555120086
3411506881744889119
5456984279100239617
6150248642148700744
1310688010904361081
4926714830684155017
5951145958630416021
1184640538008059026
7389667838980519521
8469080181116254984
3441328865188249488
2348872491852467834
1691439922745225690
2775016361023407706
5879751393950144270
1030919532927280879
7468252337194099096
2397064110492523202
6982767458822183509
2584450170753564762
7087812772981802213
4858616884043231887
6586423468160952909
9021372174276820405
523295308297058057
1604958357233271250
7073961208122872687
5596915747339993880
2169361090607379104
8702924309720353171
1681085523418170822
2361484961911542377
4932257466528077391
5627015281960773567
1372635013475761044
2703176706652688649
5321983161158228499
5956828292374523063
5792352638124262973
2994852002547510656
6033406560449267030
9125973133245188195
5398052179558117068
5764455655147968929
3776827884695015804
5314920260991217289
2186280283042196359
1859160279540145202
6730624357975825020
5336695906547480894
261825086743946214
7817196708110540273
5191311554296182030
8193965120717523597
7399785507175425064
3332068014002319934
6819143046413892145
6488227725543881248
7936237807608091349
4109162331087790750
3709925616973711246
8419613177586637273
2152965907391860458
8288985329035509856
4784570625322731756
2235728843314363885
3345636679131132875
4212905256098377465
1570990832425705348
1212246042069151538
6131522888628636809
3915483848923785544
3690102059654865607
1630057662073033007
3499806304211637841
3852803844227071579
8003970536567836286
8916214626099887656
8448696395117874980
4108668162604120632
1232825824254711510
82994483213431883
8476370829872394173
3934150320796197424
3873670109713929858
6471343658057085371
5835866949178213261
8786383029689017594
3364375550675732077
6729454342521775576
4544037678989043409
518051164099102380
3071107974336634649
5132801983925897450
5768746477365552092
540140055256156334
906083583378128641
988841709830408165
5001319686523415059
5291136310535352918
3070537618537825616
4471046503522821388
4184774771974116778
5901824483470029601
2028881261142519804
5289123442634603866
1088610802223444931
6654685908603153402
3233447277908405113
8496963338219133057
8107158183820288254
3296857632521686054
3372428203574956700
7586868685210544755
1427585330553782772
7214992311559151602
3750317178340591418
6092798918379577687
4582076484934417763
2582525432690356979
6823600106611753533
3402594099094403870
2060930624102787177
5869717636609229762
1515013059838621195
3988935393056169340
4608252662512479308
4279048447675057665
3990164452718029064
8742920361499200995
5381708407922965314
6200438248296565674
6446784343587764456
1082149434549326240
5231730039282417505
2477663338321823774
7332444811594201480
2437941195653420518
3672210422298793136
5045327741023957271
5830884447513899056
4912666688708882224
5587532099774367160
2004536842799578296
1750549611812670395
6253155722319109437
4280603420564517447
8806581917322418110
7477146052881420695
4874372311687165129
3580786126060393700
1196615557220841786
1124454714755144229
5425234212432242166
1521927610018303964
152920016897464128
5307146803611016856
3146116575219120767
7172249812537978190
2928966887498951517
8382560204757277532
1244622049970922222
6162334754314039973
1912366554312436635
8023610950261332942
2057681867274150984
4938986726902392127
5553226261376302191
6338341665182389960
1743171324603402456
6036415020436316648
6602213119094437407
8353232315375427588
7653632665892220678
6507951015469743701
6666736966609837476
5159774215708207449
6267666167978591453
350250682146750580
4108045835608887872
3968679870287308103
3512938909508271161
3937438507957332740
6366633382065899931
7002385703997640866
7366623082214231051
7612265530244662470
3823087824085877929
8368578569743531757
750871464033769797
2345677477206593333
3088812725490795951
4224899271361470612
2692899820418585397
405180934413851192
5385353556104314777
1244355472218712978
2144545454291046436
4415777714694785002
5173021888684068555
6159449287348918609
4188102908930529196
5861195857774654487
1085216392246637864
6737169203873183039
1654889196588328482
1728485370743565260
2894359907053426816
2196806934968944433
9209449171151779043
370216345456120396
7317904432270808149
5895336236388636103
39950253464692107
5341751915816903982
1133010796821410940
4003722030690412011
3119407069500418736
2303153735506759532
700168556196490214
8284695032651496099
8955666566310237194
5801895879594902147
3048282245183798255
3387725482486417389
7225406517222890141
1499934841922511469
5902409993322188515
4130633349345269128
600382630509577237
484679716296836412
719601855516187400
5493251960672483443
2220081810486441235
1208679832223729653
9196215234503378086
167461101602260099
3521018912553662700
3704504500210157604
2914724799366994790
1137756949781153452
7967189325981677284
3050810251376334139
1507328002967610930
3376692838143752518
4777284622702124612
6842114163627751330
4351531447407993984
424943545544638768
6588876234152607673
5096753984202884575
4233271828193566520
3730724294245089356
167635225005670881
5815658907706397486
5615776735819489999
6793395241027255546
1625077215506099808
5236604701882728488
3311866965872157172
5674618675401970743
3586167507753780707
6989487362795928280
2931086121747254935
2854417627608261766
7968161718911162166
9021789551675401007
6182762235874164989
2972098673770850058
3094303371302011114
240729082650538057
4772504801970516741
6210075768889084181
7604252236583756560
1238990173401244842
8937726492123198085
7807629701090788547
4690813958313081549
3938810717538121204
5976563515020481972
8169576557222670420
6391231787490132466
4874801020716789642
7351008558927258935
4764117586563307090
2929787015045938497
7463793575201462568
6712788434046353483
2301848802337654732
8690951427908700129
1521847155879943924
4915898732848005742
4012529608966439335
5801227134907193749
3989705392047026719
1432382019178677854
6097418723704216135
8559860992656492379
5779099014430133287
727231470691935333
5721933764213316872
2557190903377808033
5228879722251256639
1500331924798253459
8199171768169898296
8117645365444642305
970107162648594554
3787558898616051442
2814070457734065338
1988452547786519354
7287268692350617016
8433351374941804544
2594560341165738742
3869068645698232036
1161140781000218671
8458266362167026957
1020116297735781583
4757228238575570181
7935646535493759327
3633847953918080012
542783924819084500
184301593575539407
7474299693205722702
7978563763791645824
7498320934580413165
799904557143857713
7762440726653367086
6813232047609755368
6512139526114100346
3414890129800285858
7472087366507279918
5958920926372576814
1432581707789626237
8345321481522703641
527356047680899448
4624601256777579970
1084586360288966582
100790563345699742
5460772755211935490
1531859328910901574
8749246902113442504
6730088052668322336
3907734162757091330
2876745563181087191
7506190906914928351
510466898349485112
8794583970342088226
5708542309946381180
5232942191745129331
6080058107798187970
2660365976075105257
4740021754448510048
3279955004550250093
5754465405982916855
1695372661745057996
7824369732910989973
6494617106209278618
5468555507593874994
2336044937241162709
3609224934925896066
3479613574028785279
195926197926818401
8940455748107658475
3475667837197019766
1370255980103582121
3151576219155108236
4220857783272409607
5662687031863668812
7577854523887812153
6203760982561598394
3072265724317558533
6932615664975548900
6068154776729107531
4386617221570353258
4764748566947071474
5485367677180781561
7058941444865943877
9056681812366373902
7963759042096372675
9013115324424844520
9061436731094671307
1545717196658062837
429350509467981761
8992291675868951720
5318889986442524879
327890146968993129
1843661882645701699
7137450267489497484
3231066733945480754
1683928258028192953
6105259770589249449
1527930778423105693
6594611540997364889
2575641698590382752
2170061122888539001
6748125798596733101
1014667864856733555
7637289182279116444
4608560666363849123
8729708885821647745
7757750740809643115
4764951957004738906
6683928204814711035
1136090185398643281
1731427162843319687
4011315653370481279
4237751308144792720
246303528796774907
1093654137957647914
5520190123329289071
4092282750587193668
5871368740915482870
3179793265690343768
5670278853261454109
3888373120157287260
3152966048789034024
3791947776220905709
7648980182672236558
3414769468592647530
3543754398897729918
496491192899059128
378239630359252953
4716930481485113339
1660431219267060279
3007755565131577918
1705592617630999071
4502068163576148387
3188478049700214702
5402111442869862839
6528156984868608259
6072951517159949196
2570873745319301397
786875624063878763
7404885363157865349
5114249078021650422
4869765963653456172
1459379628786629684
8344213431212116675
7323826813672852573
8715245959059701286
8815288952134559133
2492866494198474702
4842719374819128068
597896786581228959
4652049607121348386
2446806897648623653
6358506733508227433
1732352816112792216
5440697370504326386
2451565785242524081
5532084495849657862
5955372654409598025
4099669897185058855
4681906705468802538
139142251747602549
2702504153141020726
4854212969907698255
1872964840793849283
6170609848473193737
4702515352815003116
3996838351321079938
903158312527817169
7215721030316498660
5274658038801594807
2484854713424595033
3960560127354100934
5348168203210931725
8107058574394105782
2134700598232962150
3978293120179849580
3906338029633557210
1510752239468154711
8507774279578267022
2070007415941181282
1242092514941040282
1452707131610464202
5148658174746647434
241708298467078923
6910954390131729315
2926977702018619715
9188088102132598538
3556253965258280083
1210219980065533763
6249656042476044879
4909724779057667645
6552940481700835387
4658435271105030952
4080422112278060819
6691865849059352673
216632249059986652
7803980739155331966
5780633558296233555
4273121066251141499
1273792240324294126
2057305129906537633
9108514432554569122
7941236216092845345
3903638675444821865
5102780393676440780
4449989924588677340
5923560390780018877
4206457780474900492
809434337344056196
4240264334898667489
7345583160627346761
2144111283009359725
8535299911266059723
3997691108013206874
7219737239560068481
6665648626033956847
5262402954328438379
2974716308086276350
3358842640296209684
7625001921797230186
3576106122676571613
5345252058350710713
1038636136706245372
4538065670441856414
1477218679966032700
7771333067233642575
5190296992935746901
1538091196072690447
2595349236929717954
3411820139158295024
5261296158103543935
977710363621487232
8892949243193188065
54760861534720360
6036900004899779189
4272030949022595827
8433515655136965138
5998170445747425598
1172453094695664651
3989169976172047391
241841351700073874
6499422420749698996
6459280386601459454
8656715165034737133
7866045821320546010
2083637561180097379
7198511044450280949
802953112333074879
4318424151523564817
2657022715684465275
3443750739644229683
1031342300040136833
765049458081545529
3683508346685072797
5101412604102863595
6495980912210507885
6415174290599742364
825917707088835941
489674387964595964
8001793561085045456
8327351310870211551
6727643776461518780
4180381330479060422
355141174486041135
4530056217642539371
4295282372154728527
3922850591537474874
2622904501656676060
6393614538949698455
7184061763358874249
8983416149276659320
2810147012467452178
4387048806046846041
1726657844158563935
3485689289686616652
8306816915428546944
9050306255547811017
3691296306134801159
2256112217483153189
9063178132865264768
8322772702003580849
3478646664236642940
4785514345383414124
3785053171484610903
4160771489205507950
1790709866985177560
3170849211499968143
5492991780354193318
359683239812751362
6707342051254451279
4867645665958904223
3167945390419492720
8335885001275854494
6105101754256949196
6054108859927069925
3489590495307208441
2706829029626678451
7628675060876307622
2431289011631659110
2731657456333816002
6490470114351393353
4244399072498782289
8026963369139527268
3778467740890582333
2448942070941501184
7524075644578012674
8863941310977975897
6295473282126883054
3509967862540595842
2763537272673187892
3895987596903558064
6006719506756901561
3351007626913076674
714366298934489106
1881848695325674344
1790854261691254112
2232092867969546513
6376413718971786962
1270064513728101547
5719472574845026790
7985235869267218412
3711628032666444694
5289966487681863675
2609392169810050348
1775006829024556361
8840919327775824756
8849976082449449808
4509006127383823085
3446684516841788307
8094300267740643508
2736766759041512801
3087926140071120422
4168805440633023422
4782995999439836741
8708965554938340257
9172284138726073995
4473655355883684980
3477020517750275513
3254480877192691928
7316004282579269208
9201755981795365127
3584351517007174638
5693882434657583609
434612301858856306
6967651469962170036
8728104573979724809
7506825866838456529
5535908222701066713
9191765352390863062
1297717705136446250
6019981917530048678
3673677753907014526
7193805284118373587
3423586917078293382
4195786862557353142
2062039916279809573
5863265393325178267
6002695313160784109
6989335789144160572
3046499306055779652
2268486133361196232
7392063026003860893
3058412055398167378
2659710690514161158
1755582909865326846
9054994252158529470
6060112757699055925
6467965803053263344
4532201877372282908
3507301857655715011
1485897992192622084
7669746245503438615
7196454077269407696
5759903907504392448
3794708044278580893
8268517954451815257
239322097324919488
5660690413833319698
2398415018044517068
8867633304517384443
7919318892159828513
5573453701119257833
5503715486829077876
5680537498100374717
304134603227335639
2793665705674367852
5987798681529423456
6526426891761027329
1188873598282338024
6187846641667550373
6123101243327183320
3263123542003669335
4999976561609514283
5168700326808120445
6429005521340327127
1313103015910462261
8099359109490348380
5177770441071638109
8239674853130209525
3370530150498069966
3301010227435292235
293641026277795888
2018168812648820100
6447675608644280075
895321259762300323
7602557879450494802
7167787311212921924
9053703690725372757
474253353867996500
2274595389770077375
4875619030176206840
6973271123969572311
4917633340120460679
4212421147956773929
1314800021773726206
5752276586037303512
1871772486726029468
4884458433120431886
2870017246181341598
6240694554854524432
2737592942471893939
7707185670628235620
5965852215632001791
2513569137352831201
2519036770107711515
3187888580616963754
5833227598770017057
107668855583333475
412354824919806460
5763588326952206137
1085155434282867836
8124810443758523999
8729450314763474015
4917243853697715634
3135866665145613595
4280640014270346564
6730749740562820979
8430611119611546605
9210555804722208079
321465111343297346
2484678495312523566
2129070923828222885
6227913516329483808
1252095534365474102
637410172219671334
5698657436975246555
3741369855849984698
5860691939912538983
7717710095101116450
2959069514934384136
7048836799407891632
4277860820422615587
2353327235743114470
7241088264994720728
3007968974333854534
1396378163670858992
5594204416658784579
2987931265571210840
2908599595048022710
5768564223181808371
8108041451626876739
1788814661688864388
4159066348612717772
5501502745774890294
1509995669274623589
4543783825689213498
436763145099822493
5143055412273496439
8646527662549320451
1710991639079737383
3104656509824561868
6088828739584557405
3569207210641860783
1773705451461148156
1954418980012840296
4748757977674407822
6632007842525368003
2122166387855967786
6303297590509121982
