42
10
 4 18 5 5 10
 1 13
 1 16
 5 1 13 19 20 -11
 2 5 7
 10 13 10 15 4 16 13 6 19 11 4
 5 8 18 10 2 11
 4 14 10 7 7
 2 4 -20
 3 4 10 13
10
 4 13 9 13 13
 9 1 12 11 4 8 11 17 10 14
 7 14 1 17 5 14 20 17
 10 11 16 3 5 5 9 5 5 17 9
 1 12
 1 15
 6 4 6 12 14 1 15
 2 10 -10
 7 17 2 2 8 16 17 6
 3 1 -11 7
2
 1 6
 6 -11 8 12 13 15 10
6
 7 6 10 8 12 -8 8 19
 8 -3 18 10 17 20 19 12 19
 6 -6 3 20 16 1 7
 3 19 6 -9
 6 8 14 4 7 7 8
 10 18 13 16 6 3 8 16 11 18 18
2
 10 7 -15 -6 18 2 3 1 9 19 2
 3 14 16 12
4
 9 11 17 15 1 16 4 5 19 20
 4 16 18 11 15
 1 8
 7 14 2 7 5 17 8 6
8
 5 10 10 5 -3 10
 4 4 1 6 13
 7 19 9 17 -4 1 20 19
 10 4 5 6 5 9 20 6 14 17 4
 3 -7 9 14
 4 2 16 7 17
 9 4 20 18 8 7 -20 11 11 6
 5 8 1 13 13 13
2
 5 6 3 2 7 14
 9 4 15 4 6 15 -3 -3 9 8
3
 3 3 10 -18
 5 7 11 7 6 14
 1 3
3
 2 14 3
 3 18 7 14
 10 18 4 4 6 12 19 7 17 1 20
7
 6 5 19 16 15 7 12
 3 9 2 -5
 10 13 19 9 16 5 11 18 11 13 4
 6 3 13 18 11 10 20
 4 16 13 -8 19
 5 12 9 13 10 -6
 10 2 9 -1 11 5 13 16 17 17 7
6
 9 19 15 2 7 3 -11 17 19 19
 1 1
 4 5 -10 15 20
 2 4 8
 3 10 9 9
 5 2 12 4 20 -8
10
 1 11
 9 15 3 2 2 16 -6 10 8 7
 1 7
 3 15 13 16
 4 16 17 6 13
 9 4 7 13 8 3 15 13 16 3
 10 13 10 4 15 8 9 7 17 4 20
 10 11 12 15 18 -13 7 11 -11 16 7
 7 5 12 20 19 12 17 20
 9 2 -18 6 8 -18 12 20 15 7
5
 4 8 14 16 13
 5 19 8 17 7 17
 3 17 13 16
 5 7 6 3 -14 19
 5 -3 15 2 10 20
4
 1 20
 1 2
 9 5 9 18 12 -18 15 15 17 9
 7 1 14 17 -18 8 3 17
4
 10 11 16 5 5 1 3 8 2 16 7
 3 3 1 14
 5 8 6 10 16 10
 1 13
9
 3 17 3 -9
 1 16
 5 9 18 7 8 -11
 3 10 3 18
 7 -4 15 15 -11 9 8 1
 3 17 16 14
 10 3 19 11 1 1 15 10 5 19 2
 2 7 15
 7 -13 4 7 10 14 11 15
4
 9 12 9 19 17 5 14 4 -6 7
 3 20 4 2
 8 5 -20 10 17 15 6 18 13
 2 20 3
4
 2 17 5
 3 8 7 20
 2 6 14
 10 17 16 16 5 11 8 20 -12 5 7
7
 8 -1 17 7 17 7 15 6 19
 5 8 10 2 18 8
 3 4 3 4
 3 17 17 6
 1 12
 9 2 2 10 18 -3 5 11 4 9
 9 13 3 11 15 18 8 11 2 6
1
 7 -18 7 3 15 11 9 6
3
 4 9 5 18 17
 2 4 6
 1 -19
7
 9 16 16 16 1 1 16 8 -18 6
 9 16 -19 2 6 17 17 2 -1 3
 1 19
 7 5 16 3 12 -2 20 12
 2 5 12
 2 -18 14
 10 10 20 12 -14 1 7 10 12 4 11
10
 9 15 16 16 18 10 -11 16 6 19
 6 15 10 -1 6 17 5
 9 18 17 -20 3 1 20 15 20 13
 9 17 17 8 2 6 13 18 11 20
 10 6 11 12 10 10 -8 17 -15 14 18
 8 6 15 16 18 20 20 -6 -15
 9 4 12 11 6 7 7 3 19 14
 4 9 -3 18 6
 4 10 8 6 2
 6 -4 5 8 12 -1 6
3
 3 6 19 -4
 7 20 3 -13 -7 20 15 2
 9 20 18 11 14 9 3 -17 19 -11
5
 7 15 16 18 -2 10 5 19
 8 19 1 14 12 14 6 -14 -9
 8 10 -1 19 18 20 13 9 8
 3 15 2 19
 7 8 11 14 -7 6 1 17
6
 3 17 9 3
 10 16 20 13 6 12 9 20 18 6 8
 5 16 9 12 6 4
 10 -11 3 11 10 4 15 2 14 8 16
 4 1 4 -6 11
 2 18 2
2
 2 17 9
 4 18 -10 11 13
6
 1 18
 5 18 8 14 7 16
 5 4 9 15 5 9
 2 -2 15
 8 19 14 18 18 -15 17 2 9
 2 -5 16
8
 3 2 10 16
 7 5 12 16 15 8 8 17
 1 1
 2 4 20
 4 16 12 1 16
 5 20 9 9 5 11
 4 17 4 -17 5
 6 5 16 12 7 3 -12
2
 3 19 17 12
 3 8 2 -15
1
 5 16 10 1 15 6
4
 10 17 11 7 -2 7 16 6 17 12 19
 2 14 20
 5 15 6 8 13 5
 7 3 1 10 13 4 14 15
7
 8 16 2 20 1 17 3 18 5
 9 12 11 10 13 17 14 6 1 19
 8 -3 3 17 20 13 17 12 8
 10 13 13 3 7 -4 11 13 -8 3 16
 3 15 16 6
 8 11 1 16 13 -6 14 16 3
 3 16 1 8
4
 10 2 2 10 19 -3 -15 2 18 7 -17
 8 18 15 19 15 4 11 7 7
 4 7 18 11 19
 9 19 5 11 -7 15 12 12 15 16
9
 4 9 5 18 -7
 7 8 2 7 13 6 -3 8
 9 8 3 9 13 18 19 5 4 5
 4 16 8 11 14
 10 15 20 16 3 20 10 4 16 11 5
 6 -1 8 -18 17 5 10
 10 19 9 8 12 9 5 11 9 1 15
 5 3 9 15 9 18
 9 7 1 9 16 1 4 -13 13 -1
5
 9 6 20 7 4 11 6 9 2 3
 4 3 9 4 16
 2 4 -11
 9 10 13 11 19 16 -8 4 19 1
 3 2 15 16
1
 5 15 6 1 20 20
2
 1 7
 1 8
5
 7 11 7 4 10 10 17 19
 10 2 3 10 11 17 -4 9 18 4 12
 4 11 5 7 -15
 6 4 6 6 12 11 12
 9 20 19 20 4 9 7 7 15 14
2
 2 16 2
 4 12 5 -9 15
6
 3 12 9 5
 6 -20 17 20 -10 18 -7
 1 17
 8 2 8 2 13 2 15 15 8
 10 6 9 12 -1 7 17 2 10 9 2
 7 20 20 19 15 1 17 19
