0
1 2 3 4
5 6 7 0
9 10 11 8
13 14 15 12

0
1 2 3 4
5 6 7 8
9 10 0 12
13 14 11 15

0
1 2 3 4
5 6 7 8
9 10 11 12
13 0 14 15

0
1 2 3 4
5 6 7 8
9 10 11 12
13 0 14 15

0
1 2 3 4
5 6 7 8
9 10 0 11
13 14 15 12

0
1 2 3 4
5 6 7 8
9 10 11 12
13 14 15 0

0
1 2 3 4
5 6 7 8
9 10 0 11
13 14 15 12

0
1 2 3 4
5 6 7 8
9 10 11 12
13 0 14 15

0
1 2 3 4
5 6 7 8
9 10 0 11
13 14 15 12

0
1 2 3 4
5 6 7 8
9 10 11 12
13 14 15 0

0
1 2 3 4
5 6 7 8
9 10 0 11
13 14 15 12

0
1 2 3 4
5 6 7 0
9 10 11 8
13 14 15 12

0
1 2 3 4
5 6 7 8
9 10 11 12
13 14 15 0

0
1 2 3 4
5 6 7 8
9 10 11 12
13 14 15 0

0
1 2 3 4
5 6 7 8
9 10 11 12
13 0 14 15

0
1 2 3 4
5 6 7 8
9 10 11 12
13 0 14 15

0
1 2 3 4
5 6 7 8
9 10 11 12
13 14 15 0

0
1 2 3 4
5 6 7 8
9 10 11 12
13 0 14 15

0
1 2 3 4
5 6 7 0
9 10 11 8
13 14 15 12

0
1 2 3 4
5 6 7 0
9 10 11 8
13 14 15 12
