1
1 2 3 4
5 0 7 8
9 6 11 12
13 10 14 15

1
1 2 3 4
5 6 7 8
9 10 11 12
13 0 14 15

1
1 2 3 4
5 6 7 8
9 10 11 12
13 14 15 0

1
1 2 3 4
5 6 7 0
9 10 11 8
13 14 15 12

1
1 2 3 4
5 6 7 8
0 9 11 12
13 10 14 15

1
1 2 3 4
5 6 7 8
9 11 0 12
13 10 14 15

1
1 2 3 4
5 6 7 8
9 10 11 12
13 0 14 15

1
1 2 3 4
5 6 7 8
9 10 15 11
13 0 14 12

1
1 2 3 4
5 6 7 0
9 10 11 8
13 14 15 12

1
1 2 0 3
5 6 7 4
9 10 11 8
13 14 15 12

1
1 2 3 4
5 6 7 8
9 10 0 12
13 14 11 15

1
1 2 3 4
5 6 7 8
9 10 0 11
13 14 15 12

1
1 2 3 4
5 6 7 8
9 10 11 12
13 14 15 0

1
1 2 3 4
5 6 7 8
9 14 10 11
13 0 15 12

1
1 2 3 4
5 6 7 8
9 10 11 12
13 0 14 15

1
1 2 3 4
5 0 6 7
9 10 11 8
13 14 15 12

1
1 2 3 4
5 6 11 7
9 10 0 8
13 14 15 12

1
1 2 3 4
5 6 7 0
9 10 11 8
13 14 15 12

1
1 2 3 4
5 6 7 0
9 10 11 8
13 14 15 12

1
1 2 3 4
5 6 7 8
9 10 11 12
13 14 15 0
