2
1 2 3 4
5 6 7 8
9 10 12 15
13 14 11 0

2
1 2 3 4
5 6 7 8
9 10 15 11
13 0 14 12

2
1 2 0 4
5 6 3 7
9 10 11 8
13 14 15 12

2
1 2 3 4
5 6 7 8
9 10 11 12
13 14 15 0

2
1 2 3 4
5 6 7 8
9 10 0 12
13 14 11 15

2
1 2 3 4
5 6 7 0
9 10 11 8
13 14 15 12

2
1 2 3 4
5 6 7 8
9 10 11 12
13 14 15 0

2
1 2 3 4
5 6 7 8
9 10 11 12
13 14 15 0

2
1 2 3 4
5 6 7 8
9 10 11 12
13 0 14 15

2
1 2 3 4
5 6 7 8
9 10 0 12
13 14 11 15

2
1 2 3 4
5 6 7 8
0 10 11 12
9 13 14 15

2
1 2 3 4
5 6 7 8
9 10 0 11
13 14 15 12

2
1 2 3 4
5 6 7 8
9 10 0 11
13 14 15 12

2
1 2 3 4
5 6 7 8
9 10 0 12
13 14 11 15

2
1 2 3 4
5 6 7 0
9 10 11 8
13 14 15 12

2
1 2 3 4
5 6 7 0
9 10 11 8
13 14 15 12

2
1 2 3 4
5 6 7 8
9 10 0 12
13 14 11 15

2
1 2 3 4
5 6 7 8
9 10 11 12
13 14 15 0

2
1 2 3 4
5 6 7 8
9 10 11 12
13 14 15 0

2
1 2 3 4
5 6 7 8
9 10 11 12
13 14 15 0
