7
0 2 3 4
1 9 7 8
6 5 10 11
13 14 15 12

8
1 2 3 4
14 5 6 7
0 10 11 8
9 13 15 12

9
1 2 3 4
5 6 7 8
10 11 0 12
9 13 14 15

10
2 5 7 3
13 10 6 4
9 1 11 8
14 0 15 12

2
1 2 3 4
5 6 7 0
9 10 11 8
13 14 15 12

4
5 1 3 4
9 2 7 8
0 15 14 11
6 13 10 12

6
1 6 2 4
5 0 3 7
9 10 11 8
13 14 15 12

5
2 3 0 4
1 5 7 10
9 6 12 8
13 14 11 15

10
2 7 6 4
10 3 11 0
1 13 12 8
5 9 14 15

2
1 2 7 3
5 6 4 0
9 10 15 8
13 14 12 11

2
2 6 3 4
1 0 7 8
5 9 10 12
13 14 11 15

9
1 2 0 4
5 7 3 8
10 6 15 11
9 13 14 12

7
5 2 3 4
7 1 8 0
9 6 10 12
13 14 11 15

2
1 2 3 4
5 6 7 8
13 10 11 12
14 9 15 0

5
1 2 3 4
5 10 6 7
9 14 11 8
13 15 12 0

10
1 2 7 3
5 6 11 4
10 13 8 12
9 0 14 15

7
0 1 4 8
5 2 3 12
9 6 11 7
13 10 14 15

9
1 2 3 4
5 6 7 8
9 15 0 11
13 10 14 12

1
1 2 3 4
5 6 11 7
9 10 8 12
13 14 15 0

9
1 2 3 4
5 0 7 8
9 6 10 12
13 14 11 15

10
2 3 7 4
1 6 11 8
5 10 0 14
9 13 15 12

4
1 2 4 7
9 5 6 8
0 14 3 11
10 13 15 12

6
1 2 8 3
5 6 7 0
9 10 11 4
13 14 15 12

8
1 2 3 4
5 7 8 0
9 6 10 12
13 14 11 15

7
1 2 3 4
5 6 7 8
0 9 11 12
13 10 14 15

7
1 2 4 8
5 3 15 11
0 10 6 7
9 13 14 12

6
1 2 3 4
5 6 7 8
9 10 11 12
13 14 15 0

4
1 2 0 3
9 7 8 4
6 5 11 12
13 10 14 15

6
0 2 3 4
1 6 9 7
5 14 10 8
13 11 15 12

8
1 3 0 4
5 2 6 8
9 11 7 12
13 10 14 15
