4
1 6 2 7
5 0 4 3
9 13 10 8
14 11 12 15

1
3 1 6 4
2 10 5 7
9 14 11 8
13 0 15 12

4
0 2 3 4
1 6 8 14
5 9 11 7
13 10 15 12

6
2 5 3 4
10 0 6 8
1 7 11 12
9 13 14 15

10
5 1 2 4
6 3 11 7
9 10 0 8
13 14 15 12

8
1 2 0 3
9 5 7 4
13 14 15 8
11 6 12 10

10
1 2 3 4
5 7 10 0
9 14 12 8
13 11 6 15

4
1 2 3 4
5 6 7 8
0 10 11 12
9 13 14 15

8
1 2 3 4
5 6 7 8
0 11 14 12
10 9 13 15

7
1 2 3 4
5 6 8 11
9 10 0 12
13 14 7 15

3
1 3 4 7
5 2 6 0
13 9 11 8
10 14 15 12

1
1 2 0 3
5 6 7 4
14 13 11 8
9 15 10 12

4
0 2 8 3
1 6 7 4
5 9 10 11
13 14 15 12

6
1 6 2 3
5 10 7 8
0 9 4 12
13 14 11 15

9
1 3 0 4
5 2 7 8
14 6 10 15
9 13 12 11

7
1 2 3 4
5 6 8 12
9 10 11 7
13 0 14 15

5
1 2 3 4
5 6 7 8
9 10 11 12
13 0 14 15

7
1 2 3 4
5 6 8 0
10 11 7 15
9 13 12 14

9
1 2 3 4
5 0 6 8
9 11 7 12
13 10 14 15

3
1 2 3 4
5 6 7 8
10 12 15 14
9 11 13 0

10
5 1 2 3
6 10 8 4
13 9 0 12
14 11 7 15

6
1 2 11 3
5 6 4 0
9 10 8 7
13 14 15 12

5
1 6 2 4
5 0 3 8
9 10 7 11
13 14 15 12

3
1 2 3 4
5 6 11 7
9 10 14 8
15 0 13 12

3
1 2 3 4
9 0 6 7
10 5 11 8
13 14 15 12

7
1 2 4 7
5 10 6 3
9 14 11 8
13 0 15 12

3
1 2 3 4
5 6 7 8
10 13 11 12
9 0 14 15

2
1 3 7 4
5 0 2 8
10 6 12 15
9 13 14 11

2
1 2 3 4
5 6 8 0
9 10 7 11
13 14 15 12

5
1 2 3 4
9 10 5 8
6 7 11 12
13 0 14 15
