1
1 2 3 4
5 6 7 8
9 10 12 15
13 14 11 0

3
2 5 7 3
9 1 11 4
0 6 8 12
13 10 14 15

9
2 5 3 4
1 0 6 8
9 10 7 12
13 14 11 15

5
1 2 3 4
5 6 11 7
9 15 8 12
13 10 14 0

10
1 2 0 7
5 6 4 3
9 10 15 8
13 14 12 11

2
1 2 3 4
5 0 6 8
9 14 7 12
13 11 10 15

1
1 2 3 4
5 6 7 8
9 11 14 12
13 0 10 15

10
1 2 3 4
5 7 8 12
10 6 15 14
9 0 13 11

8
1 3 6 4
5 2 15 7
9 10 0 8
13 14 12 11

1
1 2 3 4
5 6 7 8
11 14 0 12
9 13 10 15

6
1 2 3 4
5 6 7 8
9 11 14 12
13 0 10 15

8
2 3 4 8
1 5 6 11
9 10 0 7
13 14 15 12

3
1 2 3 4
5 0 7 8
9 6 11 12
13 10 14 15

7
1 6 2 7
9 0 4 3
10 5 11 8
13 14 15 12

9
0 2 5 4
10 9 3 8
1 7 6 12
13 14 11 15

6
1 2 3 4
5 10 6 7
9 14 0 8
13 15 11 12

3
6 1 2 4
7 3 8 12
5 9 0 10
13 14 11 15

7
1 6 4 7
5 3 2 0
9 10 11 8
13 14 15 12

6
1 2 3 4
5 0 6 8
9 11 7 12
13 10 14 15

9
2 5 7 3
1 0 6 4
10 11 12 8
9 13 14 15

8
1 2 3 4
9 5 6 7
10 11 0 8
13 14 15 12

10
5 1 2 4
7 6 3 8
9 10 11 12
13 14 15 0

9
1 2 3 4
6 7 11 8
5 10 14 12
9 0 13 15

7
5 3 4 8
2 6 1 7
0 9 10 11
13 14 15 12

1
2 6 0 4
1 7 3 8
5 9 11 12
13 10 14 15

5
7 2 1 4
5 0 3 8
9 6 10 12
13 14 11 15

10
1 2 3 4
10 9 6 7
5 11 0 8
13 14 15 12

5
6 4 1 8
2 3 10 7
5 9 0 11
13 14 15 12

9
1 2 3 4
5 6 12 7
0 13 11 8
10 9 14 15

9
2 3 7 4
6 5 11 8
0 1 10 12
9 13 14 15
