7
1 2 3 4
5 6 11 7
9 10 0 12
13 14 8 15

1
0 2 3 4
1 5 7 8
9 14 10 11
6 13 15 12

2
1 3 0 4
5 2 7 8
9 6 10 15
13 14 12 11

3
1 2 3 4
5 6 7 8
13 9 10 12
14 0 11 15

3
1 2 3 4
5 6 7 0
9 10 12 8
13 14 11 15

3
0 1 2 3
5 6 7 4
9 10 11 8
13 14 15 12

9
1 2 4 8
5 6 3 0
13 9 7 12
14 11 10 15

9
1 3 11 4
5 2 8 0
10 7 6 12
9 13 14 15

10
1 2 3 4
6 0 7 8
5 10 11 12
9 13 14 15

7
1 7 2 3
5 0 8 4
10 6 11 12
9 13 14 15

8
2 3 6 4
10 0 5 7
1 9 11 8
13 14 15 12

1
5 1 2 4
9 7 3 8
13 6 11 12
10 0 14 15

6
1 3 7 4
6 2 8 0
13 9 10 11
14 5 15 12

6
2 3 6 4
1 10 5 8
9 14 7 15
13 0 12 11

9
1 2 3 4
5 0 7 8
14 6 10 12
9 13 11 15

6
3 5 6 4
1 0 2 8
9 10 7 12
13 14 11 15

6
1 2 3 4
5 6 7 8
9 10 0 12
13 14 11 15

9
1 11 6 4
5 0 2 7
9 3 10 8
13 14 15 12

6
1 2 3 4
5 6 7 8
0 9 10 12
13 14 11 15

6
1 6 0 8
5 10 2 3
9 7 4 11
13 14 15 12

1
2 3 7 4
1 5 12 8
9 6 0 15
13 10 14 11

9
1 2 3 4
9 5 6 8
13 10 7 12
14 0 11 15

5
1 2 7 3
5 6 11 4
0 9 10 8
13 14 15 12

4
1 3 6 4
5 2 8 11
9 10 7 12
13 0 14 15

3
5 1 3 4
2 10 6 8
9 14 7 12
13 11 15 0

9
1 4 0 7
5 2 12 3
9 6 10 15
13 14 8 11

3
2 5 4 8
1 6 3 0
9 10 7 11
13 14 15 12

3
0 1 3 7
5 6 2 4
9 10 12 8
13 14 11 15

5
1 2 3 4
14 5 7 8
0 6 10 15
9 13 12 11

10
1 2 3 4
5 6 7 8
9 10 12 15
13 14 11 0
