0 33.961060 34.157204 17.447525 -1.915920
2 -27.462049 19.239357 -16.374249 16.488907
2 24.912689 -5.628376 -11.442001 11.693474
2 -26.733757 -3.555832 -20.051149 -31.625172
1 -32.286903 36.875061 34.022736 45.427444
1 45.810661 -32.388195 -45.220711 38.937195
1 -41.611744 8.712456 24.801476 -2.833797
1 44.521103 7.398083 31.828209 39.100067
1 -27.643970 32.425827 -25.945311 -5.853603
1 -34.814049 -33.723045 25.017517 -18.677267
0 -30.488449 -38.106968 -32.674797 -7.713310
2 -46.418804 -21.478104 42.665733 18.434769
2 30.527115 -20.840723 23.219063 -15.922848
0 20.263741 -19.802393 -0.923702 6.909878
0 -15.087132 -46.322369 -32.175240 19.670677
2 36.134621 -3.607655 4.105778 4.265480
2 15.018585 6.085270 0.523361 -37.442032
0 1.205727 22.095551 -45.148472 -12.643696
2 5.996490 22.186226 -35.287086 -10.968964
2 4.802971 -12.685047 8.305916 -24.324900
1 -38.591419 36.802605 6.916470 44.164589
1 42.252602 -8.643360 39.793266 17.510788
1 -44.716484 25.230629 28.394516 42.898590
1 -6.946228 12.788719 24.367134 -37.934540
0 -48.376232 -10.187416 1.360882 -0.388134
1 10.758842 -40.406139 36.223793 -3.475021
2 -34.735497 -47.761620 29.831841 -18.038118
1 22.396866 18.519272 27.703545 45.735222
1 -33.785088 -43.751152 43.649467 14.352272
2 42.401230 9.774773 28.735771 18.686119
2 33.793144 -11.954102 41.932373 -27.192175
1 22.769371 25.137276 24.757927 -46.431286
1 -25.373455 -3.446030 -40.252846 -7.096500
1 47.717766 -6.679951 47.326363 15.876587
1 24.552109 23.341927 18.790306 5.343517
1 9.516922 15.278236 -4.030884 40.992889
0 -34.758202 32.135017 -11.060364 40.435165
1 28.632469 -21.921598 -36.575516 -16.933315
2 -21.377209 -3.957367 45.312508 -40.318794
0 9.876797 44.179604 14.397537 -48.142368
0 -19.515579 49.528702 2.569691 -15.352917
0 46.123108 21.585220 -9.533524 16.747093
1 5.689171 -17.620289 22.260780 17.767235
1 -41.631092 11.452103 40.915466 -1.603626
1 -46.241951 41.107422 17.642967 25.469528
1 46.687706 22.510300 29.177010 -29.293558
0 -28.091677 38.982452 40.241005 -47.463486
2 13.001831 34.180794 -3.632557 44.923035
0 -34.494858 48.858025 -45.916225 -37.382977
0 -34.234230 23.701530 -19.788660 4.061554
2 19.977814 9.735252 -29.328745 -40.126377
1 32.698845 14.012604 41.608444 0.421368
1 24.165962 29.263252 -45.077152 19.526962
0 -8.228645 -9.269630 11.315014 -9.054565
2 35.431686 -45.308052 -32.740685 42.161629
0 -20.148472 36.386551 32.824394 7.683491
1 -2.680653 -12.180943 30.197701 -15.285713
1 -14.106480 -6.654499 -15.342449 -8.240242
1 -4.303596 -16.172245 -38.978485 -44.299629
0 5.406139 -31.437513 -28.957212 10.153049
0 -17.213600 45.216805 44.847527 -33.926819
0 27.320351 20.741295 -13.503830 -32.601734
2 17.937408 10.910580 -45.626484 -2.225227
1 18.389786 -19.394726 21.238716 22.130074
2 19.978180 -19.276253 6.382885 -7.842220
0 -9.956512 2.046326 45.825676 29.346962
2 41.228371 34.272438 -5.675190 26.655022
2 23.281990 -0.020020 47.942841 -8.506821
2 1.268959 -25.208899 40.612747 -1.027954
2 25.898712 18.939575 -32.828758 -2.932522
1 -44.926205 -32.236946 -38.692039 4.309578
1 46.138344 -17.085117 -14.242317 -1.404278
2 15.675957 -29.577318 10.208900 34.301003
2 22.999084 -46.200844 39.179756 -30.430067
0 43.816277 -33.334419 -19.326059 10.112370
0 44.872520 -36.811760 16.688286 31.491989
1 -3.372875 42.334084 43.389603 4.114262
1 3.217049 35.291084 -44.833767 -6.418407
0 1.959747 -15.142826 -21.615620 0.325329
2 33.602371 -3.504929 -25.306345 41.149757
1 24.097870 20.434158 -23.496170 -3.926998
0 -45.128269 -5.196663 -47.728172 -38.782646
0 -26.059603 -30.005371 10.932888 -27.362530
1 -41.532852 -9.949768 10.365032 -48.194618
1 -3.101505 -34.339794 9.796959 -22.328440
0 26.277138 12.632008 41.389145 -24.441450
0 32.375595 -19.993561 -5.974396 -5.457901
1 13.821377 31.584274 45.137489 26.117584
0 -25.607349 -28.302164 -24.860653 21.045227
0 -29.691641 -23.674276 3.511520 32.045959
1 48.322945 34.673454 -22.946806 18.832939
0 16.211952 -43.612141 -42.059021 -43.723198
1 13.429699 49.616714 13.999298 46.975372
2 7.641376 -15.905544 -24.337717 3.093937
2 40.580093 29.577682 -44.115299 -3.999237
2 39.044952 -44.438400 -37.303200 37.725151
2 -38.229866 29.953888 46.440872 -5.877346
0 -38.176918 -9.311012 -19.939543 7.831081
2 35.556931 22.202492 48.015289 29.811760
1 -23.652210 12.126713 -45.433395 -27.355511
1 47.786980 33.275154 -20.570879 47.020782
0 -40.172554 -22.342569 1.679035 27.374306
2 35.751396 -27.536272 -35.401409 37.848442
1 -8.466415 15.153938 -41.640949 -14.131748
0 -7.276100 -18.253242 -10.777428 -7.139652
2 -3.745598 37.384842 -17.148045 21.542496
0 33.359871 -2.546066 -16.605030 28.295082
0 -12.426373 26.565567 -26.998901 -12.626820
1 34.290840 40.747643 38.135017 -19.404339
0 24.827629 41.822441 -49.913815 -48.584553
1 19.053650 -21.318979 -41.832790 8.748375
1 38.484329 -40.231911 27.480179 16.007446
0 -36.120853 -27.945829 -38.552139 -7.595295
2 42.347176 40.312325 48.735405 26.645287
1 1.452835 3.581745 -19.445265 11.334637
1 0.534897 23.770836 -9.837093 8.611500
2 17.176643 -16.371593 -44.246071 39.034149
2 -18.246376 2.414379 -2.309273 -3.074375
1 -43.671589 -13.407604 -40.042664 -14.084812
1 -21.918242 16.947540 -43.102421 -13.812614
1 -2.534927 19.540970 -16.485794 -25.939939
0 2.459671 -2.858822 -1.254097 -0.474503
2 0.064426 13.556931 -39.539749 5.660542
1 41.436630 28.096222 -42.194496 -33.726341
1 -11.620502 14.060120 -31.891109 23.596054
1 -25.394238 -40.492630 -14.208046 -6.706139
2 -0.589039 44.754601 -5.668629 -10.224861
1 2.673573 7.954773 -1.831509 21.181252
1 15.412766 -28.561998 41.163521 -4.520035
0 -46.604420 -14.200020 -26.501297 -31.959013
0 11.059509 -12.672352 -19.878231 -8.346111
0 -24.217995 3.827206 46.318184 -36.753166
1 42.944550 -20.574663 49.431961 -1.529709
0 6.167850 -43.524643 -2.361492 -20.296701
1 -11.928219 -12.608997 27.901459 -2.748863
1 -19.928495 -9.521896 -0.066624 26.760490
1 -44.922359 15.046051 40.017212 10.483597
0 -27.638935 39.089539 -18.291117 -14.802757
0 -29.306711 1.604481 -33.339516 -48.055542
1 47.235237 0.950500 17.652031 33.722862
2 48.061951 -42.337170 -1.788506 33.404129
1 -11.973511 -29.831964 13.010376 40.369423
0 2.582935 32.489334 -33.591843 3.672993
2 -18.022888 -41.536148 -36.596027 31.089142
2 42.587357 -25.135136 35.736382 47.497147
1 3.046783 49.421158 31.835655 3.948090
0 -17.009949 15.270332 16.999939 49.633293
1 -39.389721 30.048645 -41.629536 19.655418
1 -31.272652 -48.790855 27.665001 39.956879
0 -33.284340 12.211555 43.926056 -32.096653
1 9.909512 -25.475815 -39.775383 12.312416
0 0.532333 3.073246 2.976898 20.243660
0 -28.185858 22.346779 -25.193121 11.620380
1 -18.164984 -37.320168 47.852135 44.121399
0 3.747185 -40.584064 0.182438 41.140480
0 -49.016235 11.319653 -25.174871 -43.657825
0 43.026642 11.564838 14.836845 18.378952
1 -38.013763 43.434402 -4.525681 -5.199989
2 -12.474075 16.804771 34.485275 3.543442
2 -40.004364 -12.235481 -3.028503 47.857079
0 -45.027222 14.275917 -43.050385 -46.682148
1 17.131355 -29.787409 -12.860317 6.470169
2 -44.835934 7.999725 -45.689476 47.677696
1 -45.066559 28.721275 -18.543383 5.131565
1 -28.953428 47.486008 49.320717 13.115726
1 47.200569 -44.581928 16.771568 39.051697
0 -11.142521 -49.552475 -27.160223 -30.372662
0 -15.457535 20.499924 -37.506454 -48.111179
1 6.842983 -6.228004 38.155586 -31.264595
0 -21.177740 9.941895 8.507614 16.847954
0 1.096012 40.133003 29.113281 14.345833
2 -28.098454 2.240730 22.220345 30.255074
1 30.409439 19.800621 42.607529 -12.063572
1 -12.147984 -47.827145 -22.956480 40.886108
2 -39.653370 -16.026184 -24.167974 -20.877132
0 49.191231 -42.922176 14.423355 -2.480881
2 -48.382671 -23.080873 38.346199 -12.358440
1 0.856655 -34.396313 -1.662495 -0.490219
0 43.933075 16.990387 14.137856 -18.142094
2 31.682823 -25.710745 -36.862667 21.784111
2 0.433544 5.849941 -10.942169 30.687920
2 -27.790583 -37.061188 -31.167364 -12.370403
2 1.144474 -23.467421 44.903931 -20.078463
0 -30.146000 37.589615 18.528976 14.168495
0 -43.626301 -7.980255 9.658192 -35.006042
2 -34.046844 31.110779 -19.147007 -12.461899
2 29.103882 28.344521 48.565659 41.886292
1 36.038055 -25.778526 22.969818 -32.288002
1 -14.081699 43.554947 -13.500320 -38.326088
1 15.086670 33.111115 -13.670246 46.695671
0 -5.572834 -43.251991 -45.975647 3.907467
2 29.512314 -27.998169 45.704613 -37.357464
2 41.172981 18.473831 -29.646046 -33.869350
2 -34.567947 -49.958710 -1.486038 43.393234
1 40.204903 -36.273293 3.654041 -10.964233
1 -4.567738 21.980103 -7.977875 -30.838800
1 25.554306 37.107788 40.451126 -32.341469
2 -22.262733 -22.708578 12.831387 -15.301857
0 -25.662771 -17.807945 36.943176 -23.757133
0 17.517899 43.863213 -46.666218 32.401016
2 -32.218178 45.282234 -3.643330 -16.413250
2 39.172371 -14.748344 42.536514 5.589497
2 -11.246071 22.211678 -23.197515 13.440994
0 -3.102085 -44.134708 2.066685 0.715263
0 -24.041445 -22.711874 15.967926 -13.504501
0 -46.126255 20.463181 -3.678364 -13.310646
1 3.550064 -8.517685 -26.930113 8.278023
1 32.018555 -18.863430 -8.222206 35.952850
0 -40.979889 12.176182 15.410416 38.535446
2 30.693901 16.615036 -0.462875 27.495682
2 -33.430740 -5.172031 -29.755882 32.989197
0 -46.976746 -36.570633 18.394424 -18.124332
0 11.334606 9.404491 -1.883724 13.381878
0 32.812340 -28.707418 -8.820705 7.523605
0 -0.534714 45.004547 -29.022125 -38.913509
2 -20.491074 -46.843960 -49.011261 -36.624714
2 7.733879 17.370766 -43.134647 -38.145115
0 44.364143 -13.115391 33.302315 19.261086
1 31.773491 -21.407116 -11.637867 -21.832270
2 6.065678 -35.503738 47.990784 -29.355846
0 35.757774 -47.139225 -29.929655 -25.263039
1 -39.257607 1.554398 25.009827 -22.654682
0 -17.976837 37.260323 16.532913 0.625263
2 -25.493912 -30.291025 21.247993 26.958710
2 33.392654 23.944000 28.087830 -43.180916
1 -25.269508 14.681908 -9.316723 8.866116
1 -48.577595 -17.827023 -46.368938 35.536972
0 -31.810144 -3.694023 -16.163639 19.229561
1 -30.914915 17.347633 37.835106 -15.293648
0 4.121006 32.682640 -31.397594 41.202370
2 46.146065 34.839745 39.647423 15.519852
2 -10.649342 -38.757042 -3.970459 -48.023987
0 -13.687614 -10.159245 -29.504288 -34.585194
2 42.977112 21.609909 -20.384838 7.298134
1 -25.241005 -7.831142 39.183357 -2.172245
2 -24.168890 32.784294 35.332924 -5.120029
1 -12.509232 -44.341106 16.593674 -45.709373
1 -28.807489 13.446426 -7.988068 -0.215645
1 1.804802 -28.980988 -2.340801 35.474594
2 -11.867764 -46.802055 31.988007 -20.422926
1 -26.497025 -39.498398 -45.781731 26.282600
0 -19.492966 -46.508408 -6.738152 -32.147678
0 42.092224 10.025513 48.000641 10.664082
2 25.183632 49.937042 46.853935 -3.160404
2 34.626091 -0.867153 -37.319618 3.099491
0 -42.367016 1.750786 -7.233864 0.285835
0 7.710014 25.983307 20.335396 43.307594
2 28.740501 -16.536789 36.072144 3.808525
1 33.140938 5.116764 -9.618366 -33.716576
1 1.649311 -6.267097 -43.714592 1.557266
1 11.301094 42.567551 -31.269691 16.910858
0 -37.186073 -26.630146 30.420486 -38.569107
0 48.404678 5.718895 14.178017 -48.269478
2 32.319740 -17.437698 48.197456 34.394730
2 5.628620 -12.326000 -0.498672 7.611164
1 -47.959290 46.959412 -47.236946 43.758049
1 42.667107 -14.494949 -10.981384 17.689995
0 -20.509201 35.811333 -35.759422 37.725975
1 22.963379 -41.840939 1.126621 -8.353588
2 -36.601154 44.932709 21.501999 48.261696
1 -24.587328 -48.331371 45.140877 -27.226906
0 44.226051 -37.039917 -38.099674 28.405502
1 -23.674734 44.261879 -13.705467 -10.963318
0 -14.825283 38.345528 -26.562517 38.823967
2 4.509140 -11.382397 -44.395824 27.003021
0 -0.166630 29.889008 -44.905666 -12.368603
2 -12.890469 38.489151 -49.882504 -21.239693
2 14.589035 11.489212 41.942108 -7.442917
1 11.943878 36.852562 38.442093 31.437271
1 -3.559586 -26.688681 -22.687094 -12.542587
1 -35.871334 32.244331 -2.956543 -19.795038
2 -17.013397 -14.148899 -41.143955 36.109863
0 -21.570543 22.667046 14.215401 9.393017
0 -33.724144 -22.449018 -15.129612 3.307472
2 15.601883 32.981842 -22.504410 18.175850
1 -2.002777 -38.188515 2.009216 -11.383495
1 12.659779 39.701317 16.246468 -36.192116
1 39.311287 -21.427626 48.424362 -9.102055
0 -38.876980 15.168221 -46.228310 16.241310
0 -14.426586 -12.766960 -1.223427 22.944122
2 1.497574 45.881134 -3.683277 8.766258
2 -18.578814 38.668663 43.418716 -33.525253
0 19.138191 -36.168766 4.234871 42.697899
1 18.311348 -26.400677 26.572678 -30.604328
0 -42.125065 6.772118 19.108063 10.723198
2 12.716515 22.714195 15.606705 -13.229103
2 -46.035553 -38.022400 -36.673576 47.935730
2 -3.038818 31.857841 -14.307594 -33.475845
1 -32.311989 -23.118137 -16.830013 39.456467
2 44.208321 44.387894 -4.689751 -37.408825
2 -29.119267 -36.338207 -23.568010 -14.514633
1 -11.466934 2.625050 -47.596882 43.213875
2 22.466995 39.940186 -35.307045 20.278908
0 -5.542099 48.273384 -34.427994 43.429825
1 31.322304 40.986084 -8.867184 48.527969
0 -43.094547 29.908447 15.695549 32.686394
1 -19.897182 21.689293 -12.130131 -18.458845
2 -44.630695 -28.757591 23.856163 45.027893
0 35.710106 -12.186531 9.872738 -11.851009
1 41.340889 -45.997223 10.598560 -32.414261
0 -32.588181 -25.784906 28.126686 -26.042818
1 -34.219215 6.027832 -6.545731 10.276222
0 30.945770 -25.525131 10.572620 34.117859
2 -21.182806 -42.283638 -23.534868 30.800529
2 -42.180702 9.350475 -3.996460 -22.217047
2 -31.988739 -23.607929 21.252541 -44.629841
2 9.104252 35.251717 15.223274 49.473923
0 -28.421583 10.583271 45.134987 -24.821680
2 26.943726 25.182320 21.967194 43.380264
1 -20.981628 -28.202337 -5.983459 -10.377117
2 29.354988 8.915157 9.988129 -18.299631
1 -46.186470 -45.781273 -22.619434 -18.210943
1 -31.637470 7.193306 -38.063538 13.196144
2 -9.676411 -40.013977 -33.150059 43.842827
0 21.642418 19.102905 45.846764 32.767418
0 48.867760 13.473007 -42.457657 13.893276
1 34.340614 -12.930508 49.802177 14.689781
1 -40.638386 31.370644 -16.017029 -13.317944
1 -18.842157 -32.184181 48.311104 17.825706
2 6.893642 17.540298 -10.240120 18.271919
2 37.803276 -14.294502 14.721947 44.237953
0 -37.590290 -43.348919 4.547745 -8.138584
1 -35.866299 10.814205 36.244667 42.831474
0 9.347698 49.679192 -49.294991 20.073669
0 30.334175 42.437851 -22.528000 -33.449753
0 30.753349 6.553482 -20.504318 43.678917
2 45.990967 11.196175 -7.683186 5.884579
0 -7.760735 -45.299507 41.222939 -13.164005
2 4.480362 18.038452 -19.363293 4.625080
0 45.244392 -2.894955 42.313942 13.707726
2 -25.628559 7.938873 44.123077 13.560532
2 -29.462873 33.878998 -3.212074 -13.163731
1 -21.855160 -47.501297 -4.082737 -15.221748
1 25.908173 29.347206 10.697075 15.089630
1 -30.913664 47.683556 -14.497330 -33.981781
2 -19.359112 38.445328 49.179787 -37.570511
2 16.348488 17.136147 39.340797 -47.225075
2 -40.244423 -37.104984 -4.170444 46.330666
0 32.511765 -31.453535 -11.915646 -45.835995
0 -31.676931 -18.685873 4.287117 5.528275
0 -28.857754 22.054688 24.651329 -29.403759
1 -43.543320 44.248116 26.436539 28.004822
2 -24.537188 -12.764061 16.592361 9.653797
0 -25.951963 -31.795343 -31.556047 -11.118229
2 -14.049042 44.489151 18.662987 -24.127842
0 -37.968475 -15.739586 43.257973 39.272133
1 35.077637 -1.742149 -30.056795 -7.985840
1 -29.925779 -47.189491 49.205635 -22.690359
2 26.130135 -15.933590 19.858177 -25.488571
1 42.215248 -9.326458 35.102814 8.617756
2 -22.257698 -24.510269 14.664665 -10.335766
0 -46.754417 -44.825985 -14.029327 -24.452467
1 35.017029 46.513351 27.010590 -44.439896
0 20.652824 6.121586 -10.860165 -36.282417
2 -16.412151 -12.094425 7.668385 -25.881466
1 -26.120884 -22.077425 32.354195 -44.140110
1 -39.743340 -41.156345 32.114990 -36.180214
0 -33.419601 24.512558 32.580734 -31.162420
0 -13.408794 -30.267738 -32.092651 -41.846432
0 19.654076 25.521713 -11.279915 27.076660
1 17.684990 -41.445999 -20.595020 -29.743004
0 1.149265 -22.807062 -47.587696 -0.327984
1 12.810631 8.818752 -12.051025 4.217751
2 -0.090580 -4.797050 29.777061 -17.789726
2 -18.450514 -13.138187 -33.260231 -46.265205
0 36.048401 -9.198067 28.333443 4.027740
2 -47.212929 -29.500473 21.996063 15.867241
0 -40.744255 31.720909 -42.354229 43.308571
1 15.349403 21.514572 -3.858547 -10.902340
0 6.582233 -40.778862 47.553726 38.260567
0 -27.357037 -44.266579 22.385727 6.508102
2 0.908138 5.597126 -20.697195 17.700768
2 -26.924101 -43.796623 34.763969 -8.858456
0 -37.140202 4.526627 41.609360 -43.130772
0 -32.090393 25.798882 46.098358 -18.773216
0 -41.354626 35.006531 -10.192207 -6.708244
2 -10.865871 -38.889309 -28.925383 -15.500381
0 -38.748650 -8.651417 -31.146915 -38.845486
1 -44.385876 33.327583 -10.692375 43.989227
0 -3.196938 30.962616 32.220070 37.062012
2 -14.271889 29.624374 -25.469742 -47.024506
0 -23.231117 19.545944 -47.225838 -23.651325
2 24.657463 6.956635 33.502518 6.990570
1 11.205757 -6.042511 14.611069 -45.571644
1 2.989716 12.749016 42.528397 -8.645283
2 -33.473282 15.601517 -3.195442 -8.878139
1 -41.985229 -14.618488 -20.786829 48.436691
1 15.444931 26.713737 46.078430 21.622543
0 -19.366802 12.245583 -1.084843 -16.773613
0 36.938324 -10.355999 46.767876 46.871880
0 48.789360 13.090641 18.871361 7.538437
2 31.408829 19.203438 16.168678 31.743706
1 21.416153 33.031097 15.831169 -10.154575
1 -16.194099 -34.496597 38.627068 42.703239
2 5.650959 -27.437269 31.836876 31.999908
2 -49.529312 36.591202 3.614002 -22.359356
2 15.188454 -7.130894 31.176521 14.567276
2 2.958618 9.705650 37.687004 27.501999
1 47.690697 -22.791803 -34.878689 30.782280
2 25.241219 -38.742851 -0.209938 -38.719200
2 43.810539 19.882446 -13.523911 7.886227
0 5.595997 19.813164 -8.091221 -6.987427
1 38.222694 -40.163731 -24.159491 36.424393
2 27.291878 -41.443527 6.800407 15.761436
2 -27.278481 24.919708 14.426468 32.608261
1 33.992645 -6.982849 -9.508713 -17.677235
2 -30.435255 -13.071598 23.926300 17.700890
0 -49.244850 -34.528732 38.594376 -37.380108
0 11.439713 40.306221 31.906067 -33.809868
1 10.720573 47.388474 -18.623310 48.663048
0 31.328194 -7.500198 -49.870266 -27.100224
2 24.207832 -3.188606 36.024384 -33.401104
0 -27.224648 -13.988770 45.728874 27.775566
2 -10.954803 -30.307749 5.836056 8.926876
1 44.249275 47.830009 -38.153568 -46.499741
0 22.744133 40.120392 3.248787 -18.476974
2 37.037933 20.762321 -49.075962 -25.039980
0 45.651787 -40.825951 13.791130 23.817650
1 3.092594 5.843807 10.795341 24.532242
2 24.644005 9.942657 -19.613209 -14.557022
2 -34.981384 -30.861874 -32.178078 43.815269
2 47.357613 31.222450 43.028992 24.029144
2 32.657890 -27.576036 24.082245 23.398697
2 -37.456161 3.608234 -30.168341 -48.296516
0 -23.970459 -48.828823 49.728050 -31.795038
1 -19.032564 -29.685019 26.965240 -44.634846
2 -9.578053 -12.563313 38.679649 -9.557724
2 -38.484848 -39.808586 -44.871853 25.091461
0 -6.219215 19.491562 31.466080 -47.077610
2 -27.072908 41.153358 27.112335 -6.795036
1 -9.153690 29.751244 15.853386 -32.962952
0 -11.042175 -48.200508 -35.179085 -47.279579
0 -23.623402 -17.457260 6.571461 -39.318153
2 49.932831 -26.605152 -42.090427 -23.779198
2 48.882111 16.034973 33.568100 33.487320
0 -35.286201 -3.152256 -43.820427 -36.192757
2 49.212105 -48.098850 -14.583546 -27.505325
2 -49.848660 21.885040 21.069885 -7.246590
0 -22.296122 -10.394787 -15.597462 12.513809
1 -29.691732 -42.522964 4.207283 34.998291
2 5.051453 -16.769737 19.048096 -24.538530
1 -38.792015 3.799217 -31.898464 17.752098
1 -41.797447 -49.881496 -5.994537 -15.390606
1 36.723351 -22.229774 29.838524 31.400009
0 -8.930965 -48.098881 21.020538 23.511490
2 17.598221 34.597977 30.158882 35.685570
0 -47.730003 0.379620 39.624374 21.045105
0 35.611893 31.923798 -0.267342 -0.028534
0 -38.865383 48.809410 20.002411 -12.879696
1 28.679680 -33.796288 38.880157 43.329597
0 -18.594563 22.050476 -45.262703 -43.192238
2 -23.643543 -46.969574 -42.430466 -23.566301
1 -35.875790 -16.578114 22.441025 -22.462172
2 -11.099918 -23.696127 -32.632710 4.837948
1 -33.324409 25.541031 -19.680502 -8.749718
1 -23.119389 45.629845 -21.746788 49.353737
1 -1.462814 40.581924 -43.935455 42.556625
1 39.418259 -12.812492 -4.034760 18.002716
1 -46.440567 -45.137272 -33.223610 -0.263405
2 -7.381756 -47.317455 20.930115 42.558121
1 7.201668 9.106358 -27.496811 -31.646870
0 -26.226570 48.021332 13.995605 -5.889462
1 45.709221 -22.273506 -49.926723 21.061554
0 -34.452621 -46.875515 -39.772179 29.532913
1 13.348675 38.704704 -3.189308 -0.567982
0 -10.240059 10.971405 49.102203 23.300453
1 39.158516 7.665760 22.094147 -22.072329
2 48.694664 -15.342327 -28.378704 -14.033661
2 20.836998 -4.748589 -4.832302 -0.794731
2 -27.836695 1.076756 14.363960 30.830315
0 -11.991150 46.466293 -16.240242 3.259529
0 -29.983124 7.933254 -36.668629 30.090149
0 -19.190466 4.943665 26.547928 -30.762260
1 26.513657 -35.718742 -8.168430 48.157234
2 12.126102 28.683983 30.937042 -21.362133
2 34.065674 13.783684 -46.336285 -38.023621
2 49.562515 -42.625751 18.628319 16.689384
2 -22.486923 40.530014 23.644310 8.239296
1 32.878052 -2.468430 49.670586 47.633263
2 -1.658466 -1.340160 -30.807184 -6.555252
0 -45.091068 34.052582 -40.275215 -49.013672
0 47.293159 47.336250 -46.616688 39.963654
0 0.443832 -14.084080 1.767876 -49.677906
0 -32.256294 -37.070465 39.698235 -18.261482
0 1.817348 16.403732 4.034424 3.251717
1 -46.841305 -42.274635 24.817162 4.108067
1 -21.272591 -18.093082 0.268929 -32.234718
2 -16.978058 2.193336 28.258797 36.623459
1 -10.392712 4.777184 -49.033997 21.527603
2 41.974091 -33.037933 26.696587 -16.257820
0 31.405380 8.419231 -26.167608 35.730736
2 21.636650 6.274757 40.411636 -33.932800
1 48.482620 -20.503006 -21.161139 12.318768
2 9.848446 -43.032990 40.753899 9.473862
1 48.141029 30.388138 -1.431591 -3.558090
2 -27.066957 11.040009 11.781609 16.155098
0 15.684044 -7.516220 31.733025 8.490524
1 5.275856 6.829189 17.564133 41.448135
1 -3.504440 -15.779045 -6.649494 -28.367687
2 -32.963562 -2.295723 -38.912380 -29.601856
2 48.041748 -17.519394 43.770317 -42.949066
0 4.387188 -14.679890 6.423565 -37.496078
0 28.567856 -5.195168 -42.863125 -2.311623
0 37.374458 4.780602 7.932644 -19.909819
1 -25.789789 -30.586626 21.608871 3.849300
0 -17.531113 -45.183632 -42.098026 -38.604664
2 -46.105930 49.852684 35.332863 8.161198
2 -27.767845 -42.672443 46.282417 43.870171
1 -4.634602 -37.082737 39.431259 30.721581
1 -3.593739 -47.463516 -22.774895 0.483780
2 1.638111 -8.131931 -35.274452 34.428909
1 -0.753227 2.652119 -33.959351 25.145332
2 -12.353771 -11.439499 -19.791529 11.114841
2 30.206459 40.498672 -21.856350 34.806877
1 -43.395519 17.510605 38.022034 2.790367
1 8.248329 -10.876522 -11.374401 -47.467514
1 39.121643 22.796837 44.520370 -15.279121
2 20.257790 42.105316 -47.555679 -34.069397
0 -2.895321 -27.357006 43.522568 -21.227943
2 21.351906 -3.744987 -43.044922 29.972809
1 -15.435741 35.177162 -16.286171 40.151314
1 -10.518143 41.760918 17.760124 -29.509048
0 41.208138 30.840813 -46.040771 -34.071136
1 -16.291664 -34.290413 21.745934 39.676628
2 -43.188576 -29.146915 -35.319588 -17.815304
1 -34.965820 -33.570938 11.835751 -27.168707
0 27.409561 -44.353405 2.032349 -30.079470
2 -34.180885 34.385178 33.534164 47.555008
0 29.996216 -33.098270 -35.965973 35.617355
0 6.710350 -14.464188 -40.095982 39.641594
2 21.243050 38.349312 34.675346 8.144505
0 -6.177555 27.236824 43.322029 -33.706657
1 -33.571823 34.504959 26.970673 35.248634
2 24.712852 -7.875881 32.329964 2.005920
0 26.875275 25.570328 -8.420879 -20.293253
2 1.655659 -32.008972 -48.741600 -5.275795
1 43.406143 -7.487259 43.590530 -6.967407
1 32.936249 21.667412 19.179176 -20.235512
2 -6.792229 -21.562670 -19.992340 -13.988312
0 -4.498672 36.408981 22.258369 -34.345074
1 20.743553 27.422928 12.964783 37.926727
1 46.425491 -29.553331 11.865475 39.596054
1 -30.478867 -37.372356 1.435925 -0.247292
0 26.422623 -38.744713 30.968811 2.806847
0 -47.711845 -23.692007 -24.272743 -13.530930
2 2.164860 -36.100773 15.535477 -41.272224
2 -42.809624 47.061340 49.041107 5.583881
0 4.594288 25.627251 -30.014252 1.021912
2 -17.782829 -4.279457 -0.526718 3.615467
1 13.852840 38.843468 -16.654377 47.677849
1 49.504868 17.526810 -46.421276 -3.744804
1 4.035767 42.802422 20.730003 30.393204
0 1.388836 -30.891689 -15.254189 35.867485
2 -48.180302 -34.012329 11.287941 2.937805
0 -14.877743 4.018311 -7.325268 46.491348
1 -6.747581 10.259682 12.887295 -43.524582
1 8.531998 -39.229378 7.891323 -6.777275
1 0.744072 -21.372448 -37.279060 33.000427
0 -17.811119 -26.931517 -43.935028 24.396133
1 -32.308754 -10.969635 -42.181190 4.231850
2 28.554916 -34.113468 -13.434460 -34.021179
2 -36.675682 30.940155 14.261635 30.639824
1 -35.342846 38.855766 -2.186989 7.663715
2 -41.582905 39.035828 1.849209 15.873894
0 -18.245674 41.646935 -8.828732 -28.078279
1 -36.438553 48.779106 17.195747 -43.150700
0 7.831692 -9.631550 19.037781 4.377422
0 -43.083683 9.567646 -2.162724 28.249245
0 38.206123 3.021301 -22.991211 -4.069401
1 40.809471 -7.621449 -23.939054 -39.655994
2 -11.325024 22.406998 4.182377 18.677849
0 30.432999 -9.433727 27.936523 -28.064638
1 21.119110 -18.809626 -41.579487 26.529617
2 -19.750328 30.871239 5.560715 -31.965696
2 -46.095676 9.705101 26.354774 -37.918636
0 -29.254768 -37.144627 21.951111 13.694176
0 3.432690 -22.823847 3.711052 23.418350
2 -21.054995 -42.972626 10.464279 37.375961
0 -40.589252 -20.048708 -13.227425 -29.269753
1 -23.213385 42.986969 17.193855 37.444351
2 -24.559954 -13.299507 -18.876156 22.511887
0 27.130562 -12.879330 7.649342 -37.996674
1 -39.968262 28.992249 22.841911 -1.644337
1 42.020020 17.854393 28.252754 14.407425
1 -46.282021 -4.196724 -42.344067 -25.477982
2 -44.102909 -17.672901 -6.056580 41.552658
2 -22.791529 -42.001068 48.902985 -38.765160
2 -7.030548 39.729027 29.571304 46.584000
2 20.144630 -40.748192 3.991394 -26.389172
1 22.922638 -36.436356 21.920380 33.080200
2 -25.440718 -0.123234 35.172371 20.923645
2 39.816216 -27.122837 36.250038 -21.783808
0 -23.713766 -22.727623 -33.664391 40.147346
2 -27.589922 7.172337 -32.691734 -39.016815
0 -44.099827 23.701469 -33.085815 9.045654
2 6.466202 12.413097 -44.024994 23.392929
0 10.934505 -9.364666 -16.568928 -13.900356
2 -9.114628 11.356579 20.164711 10.828182
0 29.744011 -5.538803 23.370644 -26.080568
0 -32.006378 4.544907 -4.520950 45.453659
0 0.075260 13.624866 42.535812 25.092255
0 -33.986389 20.775322 0.476242 -1.005463
1 -21.190466 -37.113132 -18.515793 -38.695580
2 27.868248 39.868980 45.443100 2.347454
0 -29.929564 -21.075075 -46.353588 35.661430
2 -10.910976 39.201973 36.337440 21.538132
1 29.571091 -38.348583 25.941345 -13.952026
2 -3.127872 46.869591 -48.757317 21.603470
0 13.333904 19.952362 36.745995 35.738365
0 -28.645283 -18.346050 -45.633198 8.182346
0 38.381058 24.719627 33.570145 34.913269
1 -37.888271 -38.719994 42.446579 27.068573
0 38.282661 -49.331432 25.359077 20.892822
2 6.809105 -0.100895 -21.485184 -22.158026
1 -47.804680 10.129337 22.622910 36.370491
2 -11.967529 27.460922 46.473801 1.069401
1 -24.155064 15.400925 9.194405 25.367165
0 26.654655 -15.254677 26.921051 -18.413221
2 16.433884 -41.014069 40.974274 -19.367718
1 -27.159002 -40.547195 -43.685204 -35.846066
2 -48.694206 -26.294931 7.156620 1.433147
0 16.045654 -32.980225 -22.023621 -3.549271
1 -34.992645 6.950500 -35.233101 -41.285744
1 13.242165 -23.141544 10.723595 6.069767
2 -7.227516 -28.200171 -24.491470 -22.898251
0 -37.708946 -29.356213 13.246193 -18.006836
0 -19.959318 10.003815 -10.464310 45.802299
0 -27.103245 2.211586 -3.213448 -10.865139
0 40.039246 -30.394848 -2.534927 -47.281715
0 23.168251 -21.290689 25.411880 8.018005
2 18.325386 5.766747 37.341591 21.707970
2 37.505966 22.988525 -45.725243 -10.342999
2 25.134865 -49.084568 -28.000061 -0.526993
2 -36.494949 10.964355 47.885223 26.357857
2 -12.968414 18.158424 14.946625 33.692528
2 -15.070621 12.917934 -1.314404 29.558487
2 -21.667837 -19.261909 -3.853420 17.359413
2 49.685051 6.611988 6.253517 16.128212
0 10.711205 -34.326057 -39.439011 39.441910
1 36.241951 19.746452 -48.620045 -33.137882
0 17.902252 46.330177 19.574509 36.610947
2 -44.766838 17.830925 16.211067 38.359108
2 -17.876980 35.061951 6.193855 -6.526932
0 -9.862759 41.115021 -49.278358 35.194679
1 30.393753 41.962952 -7.277809 -6.852840
2 -25.862423 23.922180 -19.867275 45.409744
1 -48.088139 -44.315529 13.138767 1.753105
1 -38.417828 -28.296671 -11.375195 -7.035645
2 -40.280891 47.946472 -42.732201 -11.938660
2 15.064301 -12.510391 22.946716 -8.927395
1 -18.328226 -21.661001 24.625198 -32.187202
2 9.130070 23.297462 17.415939 -41.631855
2 34.828300 12.945129 31.219337 39.680260
0 41.120300 -3.440231 49.462326 34.773369
1 48.425980 -45.174839 45.167152 42.135353
2 21.798424 20.938293 -28.583513 2.885647
1 -42.747917 -2.884518 -37.595112 20.227058
2 -15.677967 -43.952942 -3.190834 -16.227455
2 -1.946381 -12.963440 18.640709 40.101837
1 45.916992 10.805626 17.152321 -25.584581
0 4.295387 30.097656 -9.355358 -13.380352
1 21.425034 49.471359 -23.856441 48.775536
0 -6.304787 -25.140385 7.620747 -2.725487
0 -27.146946 27.995392 2.596790 -19.289865
0 -31.837458 22.391281 -35.614246 1.434307
2 -16.728722 -47.666431 -17.720695 12.857143
2 -12.332378 -14.340527 -28.990723 10.299294
1 26.019928 -47.154758 41.352699 -19.733116
1 -1.204842 -25.852261 12.081425 41.567276
0 44.310402 12.055634 18.398087 -9.893429
0 38.920563 -37.363873 13.485550 -33.791374
0 -9.925228 48.965668 11.180515 -27.671255
2 -30.295664 -49.090519 -31.904659 -32.375744
1 -35.549332 32.891510 43.496384 -30.100346
2 -36.435318 3.830105 21.810020 -1.594044
2 42.712090 -9.368053 -13.221962 -45.846096
1 -47.421764 10.327953 1.412609 17.570084
2 32.896667 43.714500 19.725060 -29.796015
0 12.503830 14.060211 32.512833 -5.886929
2 19.959412 46.694176 28.218697 30.208687
0 -8.053741 -6.608692 -39.061188 27.669304
0 -33.870724 22.088562 33.277473 38.823906
2 38.701622 2.573994 16.998596 11.561783
0 34.380844 -37.339245 3.954041 8.440689
0 9.681049 10.192879 12.668018 -37.751183
0 41.684898 -32.471481 -18.016907 10.990784
0 -47.885891 -37.307655 -28.401989 -12.289345
2 -32.904415 -47.887905 31.786949 -7.711967
0 -29.380138 25.772453 14.501450 14.314491
0 -9.111027 29.356056 32.261971 -42.794640
1 -43.179939 49.229652 -34.401409 41.768761
0 29.016388 15.100677 -49.278023 1.581470
0 38.085999 -43.939636 10.997345 -9.447983
2 24.201790 -7.942047 -17.402691 -22.261330
0 45.379074 17.970459 -35.215431 -46.693138
1 46.215767 -22.306345 15.098633 -44.004852
0 41.592148 -10.542984 -31.165838 -20.255898
0 -35.668873 -45.447830 -19.818720 -40.303291
2 31.950287 31.983948 -11.481857 24.238380
0 -6.175205 44.314217 -30.085573 48.202431
2 -10.493484 15.077942 16.267647 -42.865170
0 -28.230934 39.268532 -6.108494 35.056458
1 -8.798668 -48.942230 47.892975 19.450027
2 -34.628254 -37.961823 33.743279 -31.606739
1 17.963104 7.196388 42.363380 -22.227303
0 30.908844 41.450211 -40.746758 -24.421400
0 2.540207 -38.967896 -9.008911 -9.635456
0 -15.033661 -6.498154 34.156105 3.308815
2 43.797295 9.914303 -6.713951 16.363045
0 -44.602009 46.582047 1.544907 12.003235
1 -45.299934 28.315407 33.774590 -44.783684
1 -43.764366 -29.422743 -15.950317 -28.549822
0 -22.211676 35.593124 47.426376 -25.338083
0 24.884003 -21.648029 -7.298347 -35.564377
2 30.209267 18.363014 -31.356518 -47.679127
2 32.418777 16.471603 -24.210302 -48.383038
0 -12.010651 -22.924406 10.647449 -1.058105
0 33.808952 -35.947754 -49.825466 -21.673239
2 31.777184 7.399975 10.190529 45.120087
2 -9.474503 13.406475 21.574509 16.432480
0 -8.573139 1.229897 -2.568745 1.561600
0 -42.590900 -35.174049 22.400803 -5.043060
0 -15.872707 32.169197 10.185001 -14.716301
2 20.965790 9.533554 27.926392 18.011200
2 -14.049622 33.847038 -39.792961 -17.830074
2 16.575943 47.665733 10.041901 30.826561
1 28.308907 3.986267 -11.684315 48.649010
1 5.556259 26.242775 28.715141 -42.574696
0 -18.486252 -8.576618 0.642262 13.576344
2 -15.265419 -49.429363 -2.354900 9.862118
0 21.018433 -33.117863 -34.274574 29.279518
1 45.309944 19.519455 -20.378063 20.126076
2 19.669640 -6.140965 -18.821924 -0.181828
1 38.396225 -28.232491 -42.114658 -4.157627
2 7.962067 -46.885067 42.867485 -46.575916
0 35.915405 15.506363 42.448318 -34.023163
0 34.557632 -26.396770 42.589859 4.456863
1 -24.459425 21.402847 -31.956572 5.951904
1 -34.209908 -15.167698 -5.284157 36.657677
2 37.311348 12.927181 10.177372 -37.946777
1 20.168312 -45.721214 -0.145451 2.633656
0 -32.515366 -9.388073 -38.123203 -16.132603
0 -32.364452 28.165138 -14.140141 -36.015076
0 33.263710 34.527603 -31.806757 16.867699
0 13.163517 39.315804 -9.894161 25.916412
2 24.394058 27.370918 10.538864 11.283943
0 -14.213234 21.534470 -35.484787 -38.811974
2 -23.649464 41.190193 -34.435287 -9.826473
0 -43.965363 48.626701 -23.041323 19.468613
2 -20.906706 -25.961546 23.703972 8.286537
0 47.526718 -11.547806 -49.017853 -18.800135
2 36.261269 42.879272 -36.200081 21.005707
0 -29.119663 27.853294 8.983704 23.572067
0 -44.669056 -36.006927 41.553085 -4.526260
2 -42.331005 49.597641 1.581837 0.783745
1 30.817131 -7.927761 -47.022278 -26.885952
2 -1.415966 45.217628 32.613815 -7.965790
1 26.156136 -10.727623 -7.222572 28.239693
2 -38.177193 -39.549759 -29.396923 19.301155
2 -4.382030 -42.166538 26.662376 -25.554735
0 48.673698 20.507462 19.263466 -16.488571
0 38.563004 -45.379375 -1.744102 40.120209
2 10.917324 7.260475 -29.710470 8.848721
1 30.722801 21.186775 -28.492233 -23.169897
2 30.644096 27.227516 3.941925 49.279640
2 27.058319 -33.149357 25.562485 -30.389935
2 -3.982666 48.639854 -9.600452 1.545151
0 10.269386 29.943604 17.957062 19.531784
2 -19.976624 -11.551376 -27.857876 -41.516342
1 21.309944 -3.073612 19.959961 -28.643330
0 -26.038912 -14.448776 11.369244 -6.749626
0 5.439774 -41.358471 -29.055361 8.812218
1 -29.034945 -38.615406 12.286201 -4.604145
0 4.530869 -30.327402 -7.963745 14.137428
0 2.851498 -28.019226 45.610611 -25.502762
0 18.677696 11.751549 42.005981 -23.828485
0 24.646324 19.229561 4.508682 -23.283792
2 -5.243538 -2.482315 7.639912 -43.473618
2 11.932400 15.072906 20.975403 -36.082645
0 -11.435925 2.808006 -22.297770 -13.581684
0 13.254738 -40.714165 -48.941071 17.444504
0 -9.329906 -12.824154 32.269844 -42.343578
2 -12.119480 -1.990570 28.916382 -36.057617
2 47.257240 3.619587 -8.234871 -32.774193
0 49.843834 -18.085604 -38.895779 -45.644032
0 -45.865810 44.675041 -25.422621 -39.016357
1 3.044983 -15.586292 -16.622822 5.062012
0 -9.096348 13.216011 -2.130619 39.330696
0 36.838799 -29.661520 47.213997 38.611893
2 -37.917721 31.636986 21.135139 15.459732
1 -3.334789 3.561874 -43.058136 5.419842
1 -30.074495 11.687553 -18.562365 43.030792
0 -42.525467 12.832516 -41.692680 -33.464096
0 -40.071075 4.215065 -5.869808 -34.980835
2 -0.401684 -22.818232 -32.724815 -36.971771
0 47.591812 2.573261 13.385571 -38.862087
0 36.945801 1.326305 33.344521 -26.912107
0 40.153114 -17.402721 -25.862972 7.786552
1 28.588181 -28.878933 35.385910 -28.616261
2 39.778740 -19.045382 24.212105 -4.958191
0 42.552048 8.957428 46.543900 13.066227
1 16.212318 -22.520981 3.627033 -38.088627
1 27.606125 19.665672 18.742638 9.764061
2 16.325508 -19.090151 5.341869 12.041992
0 -8.382580 11.601093 43.405563 35.569809
0 11.442184 -19.586321 48.370338 -8.564289
1 43.295448 37.789848 43.775230 17.987976
1 47.892792 -20.513412 -10.874111 7.603077
0 21.467422 6.910793 5.322582 -43.248940
1 -4.900692 0.445877 -15.613117 -48.898342
0 -31.949339 45.119293 -15.208199 -26.080751
2 44.728569 6.847744 -20.593433 29.690422
2 -41.756401 46.899048 34.061798 -34.608723
0 -48.797386 -2.065586 34.601944 -30.495926
0 -25.237312 -15.111668 -41.156864 34.496292
1 -23.750999 25.747826 -33.946564 -5.157963
1 -43.162907 -38.408855 40.894775 36.329567
1 14.329872 12.970795 -11.136326 24.495560
0 -37.238594 28.672295 30.565475 -22.431990
0 -42.160130 -36.004578 -26.623981 -16.866970
2 0.722771 -42.217934 13.660206 -16.723778
2 6.025513 21.299751 -19.522354 -48.750359
2 -14.013306 -22.823145 5.533432 23.317787
0 46.784813 -4.941772 21.819511 -25.310953
1 -46.024841 24.428055 -43.460220 40.042572
2 -34.023895 -45.851803 -26.084322 -31.111729
0 -29.080904 -25.134983 -47.846645 -8.443344
1 -14.273109 -36.532761 44.850365 -22.095646
0 25.246834 35.704430 -47.172428 -49.282265
2 -15.390484 -19.131962 -20.145603 11.080082
1 9.301765 15.703362 37.629570 -25.333261
0 6.569599 11.175419 45.437332 4.021820
0 28.991425 37.260689 -12.524857 -24.176031
1 -33.725670 -33.199654 -7.799767 -36.484390
1 41.184456 -16.191322 -7.966522 -44.523697
2 -49.776329 12.528244 -22.965605 6.230202
2 16.711571 -49.296059 29.693321 46.981934
0 11.655415 -44.733910 16.257179 -15.334179
0 10.321178 29.276192 -35.991791 -39.152103
1 23.105560 5.001556 -23.527817 46.935089
0 -26.486160 11.842129 23.391586 -12.883144
2 14.582108 3.090275 20.693108 12.729729
2 -35.547592 -36.029297 36.138527 -35.739647
0 42.794456 -21.636646 -21.336618 -26.639851
2 2.751457 41.718437 -17.262978 -18.263039
2 -7.114536 1.565327 -15.538803 -24.821680
0 -37.496475 -48.438217 42.518448 43.166573
1 39.753410 -41.584461 -36.470627 -48.865170
0 48.036102 46.967834 -31.386730 8.315319
2 -41.539810 -40.739647 -40.667011 29.799858
0 26.230568 14.584610 -47.452682 47.407425
1 -32.478439 47.972168 -42.946442 -30.975739
0 -6.599812 18.527145 -2.738762 -29.693197
2 -7.811821 11.582325 17.198677 -48.346416
0 -23.655842 13.807152 -6.514511 -3.536026
0 20.282997 -26.770012 22.867790 -41.541733
2 31.890625 -9.770103 -37.117069 14.830589
1 10.879665 49.495407 4.791283 37.838127
2 -42.356457 -29.314585 25.801231 7.828732
0 16.219002 -20.811701 10.278358 27.015289
2 -5.624378 45.317207 -40.511032 -24.449720
0 11.887753 -6.695274 4.991150 -25.519852
1 10.191536 -0.812279 -31.160315 30.277107
0 -0.450485 -9.726738 21.137856 2.517929
0 40.845726 28.395859 21.772026 -16.217537
2 -22.446180 45.911072 3.366344 -31.149632
2 49.061584 45.769615 -24.154453 -40.679100
1 38.670647 -6.175877 48.468765 -49.104404
2 -40.010071 23.875000 2.286385 -3.635120
2 9.138462 -33.557999 37.106201 18.012482
0 15.688713 7.779961 41.870354 46.624130
1 -7.706169 -14.403484 -7.754784 4.471451
0 44.328682 -3.587513 23.715935 -32.684166
0 -0.604542 23.666954 35.003143 -4.088169
0 -44.645374 -39.919552 -11.404125 36.663628
2 32.993439 12.940063 -12.760582 -37.170811
0 26.684837 12.402477 7.510635 38.815727
2 24.444443 -0.898922 -5.360119 25.309364
1 -29.160345 31.158913 30.604752 -18.585588
1 27.068512 25.805656 16.338631 0.916073
0 5.273262 -3.965149 -21.325907 37.542038
2 38.098633 -34.794823 -24.562151 -14.531937
2 -0.228889 -18.481949 -40.870419 -23.657766
0 48.125679 44.239296 1.239174 22.538834
1 -31.808313 33.958710 -11.017792 -34.110600
1 23.303993 21.587418 45.723320 49.997040
1 -14.299232 0.620960 8.811974 -46.516342
2 -18.711447 -25.481522 -16.076450 -35.091892
1 48.592270 31.080109 -4.584919 -34.894833
1 -25.154179 16.613388 -1.532761 -40.239418
0 7.441879 -21.825556 46.502243 -44.104527
0 -31.559435 6.587269 -14.172977 -31.611927
0 15.316750 -20.473770 47.082825 -37.127110
0 22.979279 -13.669483 13.855129 -27.742516
1 -32.302803 -35.968536 -11.368176 36.254219
0 -26.592821 -18.053347 40.100098 -41.892513
1 -32.724663 -16.693535 -14.573078 -27.626362
2 48.139931 19.113129 27.343330 5.377697
1 30.509232 16.493973 -22.811182 -25.112034
2 -33.515976 -20.343884 -13.127232 1.588215
0 -27.648792 10.702415 -22.021912 -25.642414
0 -15.609303 -15.065189 -10.641926 36.941864
1 10.564228 -6.702568 -42.171299 28.020111
1 -35.783409 -19.397259 13.926785 -26.952574
2 -18.888485 4.917110 -15.547897 -49.743553
2 27.761345 -31.326761 -1.707146 23.930420
2 13.880672 -30.941771 -46.849575 40.508133
1 -15.161564 -41.305702 -13.317150 38.530319
1 -10.893581 -8.984131 -19.535112 20.868065
0 -32.863369 27.355415 45.961456 21.808556
0 -13.086155 -24.534868 -15.329388 -18.142796
1 -1.726280 -0.867794 39.908264 16.528702
2 -5.962982 -12.310982 10.647755 -34.355297
2 -33.150028 25.747887 37.161812 5.852932
0 6.607838 -21.003662 -42.474533 -24.209356
0 44.110535 46.421097 21.051239 -6.757652
2 8.574024 47.868065 2.444443 11.116001
0 24.637810 10.199074 -0.492111 -0.113346
2 28.425888 -13.557236 -8.567005 -33.841667
2 -5.548904 -47.729424 22.609085 6.139347
2 -47.892300 48.726982 21.370918 32.477951
2 28.112183 5.140079 -20.815027 -3.671314
0 47.890503 18.019897 -23.053926 37.464127
0 -14.954956 -22.953794 22.435043 -41.028839
2 31.211067 -46.900723 31.019592 -29.120823
2 -7.593250 34.149666 31.785454 0.964142
1 48.664665 9.348125 33.527634 -7.206367
2 -42.387432 8.925289 14.391647 15.899261
2 28.096893 20.842400 22.588577 48.435623
2 -27.847042 48.989929 5.880520 38.341103
2 48.705345 13.083622 0.479630 12.423840
0 40.762718 3.414104 29.255348 -25.110630
0 10.850338 -11.819485 31.217751 -21.494766
0 -39.557388 -12.480850 -28.515305 4.201180
2 39.520309 24.481247 39.256538 -38.104557
0 -11.585896 41.382767 -0.720299 -46.970551
2 -38.281960 -4.442673 -16.087162 -37.746635
0 -30.067080 -37.112309 -43.930695 -6.150791
1 26.059998 -2.330090 41.195045 -11.170628
0 20.123627 36.273750 -40.676994 -28.072268
2 -11.764763 42.029602 29.338326 32.040710
1 -45.249580 -43.076664 36.280647 -11.131504
2 26.275154 -4.077854 -12.809105 14.268654
1 46.229591 -45.359356 -25.053530 -19.152988
2 43.472153 -20.266762 43.261116 -40.335400
2 -48.649860 -38.887661 -11.980225 37.088501
2 49.871880 25.699333 -47.645710 -14.172855
2 -13.784386 -6.326916 40.389481 30.731804
0 46.180214 34.452652 42.925537 32.984985
0 -45.014252 39.082581 11.039856 -25.789637
2 17.295113 42.753288 -3.824978 46.425766
1 27.201515 -6.135471 -22.172003 -24.215887
0 -21.879269 -8.174992 5.141300 -45.033234
2 -23.052462 18.994751 -19.282755 10.996887
0 27.472031 49.065796 9.228676 7.898281
0 2.967377 3.478470 4.822475 12.744225
2 -41.644276 15.210457 20.365913 7.668964
0 42.224190 -24.252174 41.152504 44.433334
0 -46.653828 23.907440 27.955170 -26.752892
0 48.416916 -39.029846 7.361401 -2.467026
1 -42.216652 37.759758 49.561905 -21.787226
2 36.744591 8.405834 19.258339 3.765190
0 14.734184 -40.203407 -13.459610 4.831112
1 17.886871 -27.980743 16.406876 14.411606
1 -25.301493 -36.289955 31.111176 -37.740837
0 -26.144016 -46.249031 47.989288 4.819118
0 19.535721 -28.359783 -30.566607 10.265938
0 16.207954 -15.669544 -34.651722 29.315254
0 -48.339855 9.440872 15.567154 -41.972473
2 -42.805443 -14.629902 -2.629169 -29.486862
0 31.828484 25.837547 -37.471268 -14.681110
2 49.924530 44.857445 26.270485 -6.483292
1 -36.553421 -6.679157 7.525742 -11.613331
1 28.605331 -35.819054 -28.516525 2.963043
0 -25.121006 25.627769 -32.453293 -6.421307
2 4.577991 25.607529 38.442795 -41.723534
2 38.379684 -19.123203 29.397202 19.049194
0 -39.733574 39.803673 16.057922 -30.909941
1 -18.399395 49.463303 -49.358288 34.182381
1 -3.538376 34.682030 -15.065281 42.635307
0 -49.200325 4.316296 36.359291 -27.599171
2 25.675255 -27.315500 41.838158 -30.862606
2 33.490402 28.689476 -39.229317 -21.620075
0 48.752007 9.709679 -26.234932 40.005646
1 -44.028473 -5.064976 25.273354 5.995636
1 46.651939 -23.622303 48.367928 -33.999329
1 6.575459 40.312294 -28.147678 -18.782343
1 36.423508 8.328594 21.490463 43.718285
0 26.204109 41.440109 41.844688 1.248360
1 -29.983246 -44.108158 -8.642078 -29.220436
1 -49.599842 -46.864559 38.248573 32.122742
2 43.852654 -14.126499 34.639488 -26.820093
2 -13.536209 20.720879 -10.191902 30.355751
2 -7.902370 30.506668 -0.711357 -31.544115
1 -41.413799 23.047150 -25.400066 43.668633
0 -23.482224 11.923977 -41.101109 -39.201241
0 -28.736900 -18.902187 -29.579668 24.977142
2 8.723747 31.967407 -25.593769 42.105347
1 24.995453 -12.260567 -25.454908 -49.696190
1 -32.299080 -49.129215 13.457901 -43.666248
