15
0 1
1 0
2 0
1 2
0 1
1 2
0 2
2 1
214748364 214748364
0 2
0 2
0 1
0 2
214748364 214748364
2 2
1 2
1 2
1 2
2 1
2 2
1 0
214748364 214748364
2 2
1 0
0 1
0 1
2 1
214748364 214748364
214748364 214748364
2 2
0 2
2 0
214748364 214748364
214748364 214748364
0 1
1 0
2 1
0 2
214748364 214748364
214748364 214748364
214748364 214748364
0 2
1 0
214748364 214748364
2 1
0 1
0 2
1 0
214748364 214748364
2 2
0 1
2 1
2 0
214748364 214748364
214748364 214748364
1 2
2 1
2 2
1 0
2 2
1 0
0 2
1 2
1 2
1 2
1 0
0 2
0 1
2 0
214748364 214748364
214748364 214748364
2 0
2 2
0 2
2 1
2 2
214748364 214748364
214748364 214748364
2 2
0 2
0 2
2 1
2 1
1 2
0 2
0 2
2 1
1 2
2 2
214748364 214748364
0 1
214748364 214748364
1 2
0 2
214748364 214748364
1 0
1 2
214748364 214748364
214748364 214748364
1 0
2 2
0 2
2 2
0 1
2 2
214748364 214748364
2 0
0 2
214748364 214748364
214748364 214748364
1 0
0 2
2 0
214748364 214748364
214748364 214748364
214748364 214748364
0 2
0 1
214748364 214748364
2 0
