15
1 1
0 2147483647
0 2147483647
0 2147483647
2147483647 0
1 1
13 13
0 2147483647
13 13
0 2147483647
1 1
13 13
0 2147483647
0 2147483647
0 2147483647
13 13
1 1
13 13
13 13
0 2147483647
0 2147483647
1 1
2147483647 0
1 1
0 2147483647
0 2147483647
2147483647 0
2147483647 0
1 1
0 2147483647
2147483647 0
2147483647 0
2147483647 0
13 13
1 1
13 13
0 2147483647
1 1
0 2147483647
13 13
2147483647 0
13 13
0 2147483647
0 2147483647
0 2147483647
1 1
1 1
0 2147483647
2147483647 0
2147483647 0
2147483647 0
1 1
0 2147483647
13 13
2147483647 0
2147483647 0
13 13
1 1
2147483647 0
2147483647 0
1 1
1 1
13 13
1 1
1 1
2147483647 0
13 13
2147483647 0
13 13
1 1
1 1
13 13
1 1
1 1
2147483647 0
0 2147483647
13 13
1 1
13 13
2147483647 0
0 2147483647
13 13
13 13
1 1
2147483647 0
13 13
13 13
13 13
1 1
0 2147483647
0 2147483647
2147483647 0
2147483647 0
13 13
0 2147483647
0 2147483647
1 1
2147483647 0
0 2147483647
13 13
0 2147483647
2147483647 0
13 13
0 2147483647
1 1
13 13
0 2147483647
13 13
0 2147483647
13 13
0 2147483647
13 13
1 1
1 1
0 2147483647
0 2147483647
2147483647 0
1 1
1 1
0 2147483647
