100 200
100
46 92 90 169
4 136 40 152
23 47 26 112
61 4 84 20
9 36 99 143
1 59 72 69
76 7 80 53
5 88 14 143
44 160 61 174
29 1 81 117
6 64 97 139
13 42 23 151
16 42 23 51
9 42 68 111
55 131 62 149
19 19 87 56
8 104 23 119
8 41 19 183
26 83 58 87
53 24 93 172
69 66 98 157
69 67 74 117
26 71 80 144
39 92 91 101
5 21 19 63
90 71 92 192
33 154 36 170
75 181 87 187
27 19 31 68
2 179 84 200
36 105 82 183
14 58 71 101
32 16 66 123
26 124 65 182
12 58 94 158
19 26 32 130
5 158 33 200
61 32 67 188
44 2 75 10
42 29 92 73
40 105 91 142
10 7 99 68
28 91 45 94
38 83 68 151
30 76 78 152
95 32 96 176
18 49 22 66
16 46 92 120
53 50 91 176
26 1 68 48
17 28 41 87
13 11 15 46
23 101 80 172
25 34 40 160
67 53 81 128
5 75 67 76
4 32 81 149
22 94 46 126
26 84 53 100
55 134 61 161
32 30 94 126
14 102 99 147
38 125 78 149
9 58 22 183
31 167 47 199
37 81 59 122
61 31 98 154
75 138 97 142
64 84 85 107
61 2 96 196
37 122 80 192
9 12 42 23
13 82 98 139
8 42 30 53
25 87 26 141
20 28 51 92
66 71 78 74
3 91 97 188
47 42 74 131
43 53 66 73
50 30 93 110
41 65 53 119
70 29 81 149
90 103 95 148
92 22 98 179
18 1 55 187
16 48 61 91
44 34 100 184
24 107 44 160
70 125 93 145
13 35 38 80
55 49 68 101
14 50 51 182
8 5 36 129
43 57 49 130
13 111 53 193
19 104 29 191
43 18 73 191
19 125 96 186
25 143 39 178
