3318
1331772376
1347661875
1817823404
374920243
1127172648
1794688145
416690451
973290614
874538095
2114581900
1072681403
206430862
1589735227
939633675
174382095
1802165545
1316259140
1380297100
752953005
2077143648
1334106712
1692516245
1681580930
2062772511
1796769208
1356221371
2011616310
630539215
510222108
547985271
198658514
1983591960
2096129853
507330638
1144747876
2127903392
55460588
1134108156
112763451
1135594099
1668960882
715483562
1699683069
1133454426
445530161
500414402
1979516239
2034528145
696422347
1404382735
590433365
987770697
1376621520
781438496
1348147837
565448882
727740952
1468059281
1902989621
712846531
1884225388
871529549
1774956411
936631478
1403949325
377699279
1053840955
56872309
2143791992
1143977700
1106456268
978586686
1366665065
281487744
1361832664
349721059
1775101682
751103129
1175196960
968301924
254187251
972255890
613962493
1183846617
136129547
369265764
2060869930
1000315489
1228535214
666758631
213831813
1679526751
431318085
537656572
662584931
1126143797
2024379413
433007217
297267982
39938016
691205301
1329104163
1189991347
1718958599
1744534619
1195147244
1776159864
1324521814
517975061
470534449
1082873936
1546605965
1062180627
1531776781
1643187080
1257241531
1798388747
476323
1357665749
138054408
1847499240
730830081
133073064
1092690378
1255588349
1392169265
343218212
1787470274
880328379
771772891
1341562002
1361773676
1089318523
1307218237
1648268647
1692287188
1859747518
1413841474
61263715
2086206731
527687014
237246955
762056262
131558149
733805156
2063909133
1144426096
1155830808
1759627189
1116729135
573776345
569707741
82161813
781117068
34855629
280617594
28283001
763838423
1830791765
570001534
864492704
1233523484
869796107
1030071387
2004326102
671247746
1923760025
1030419411
1428792443
643015172
505693712
1945992024
992213899
1507011070
305446836
650106599
1431743423
783959357
588882460
704953580
1651260367
599435167
1619051915
619642232
204278421
719392421
1745938381
1273331616
501538508
1130569176
1781071802
907782998
1897021847
393448702
771334282
497375092
820156694
524706079
1945127461
1946707930
315688673
1259116157
2146834347
1921388337
269399553
1959514773
2024544357
55442154
1704536571
1127620276
1426956610
444313305
451166160
1456394208
787007294
1004830479
152356895
1422490114
1831399236
213350312
253553054
1666318501
1180306072
689581082
1220489511
62301878
1250669396
83655695
1033259022
393896213
1407219394
2022491776
2075493890
226349565
1883834903
296519676
126244737
2077195702
173331037
494972420
828976409
87861589
1813737981
1620547933
1932324849
514359878
255283378
1623497933
447545447
1703604725
2031309598
2120529499
131296167
1898530000
1063852907
98032602
879943984
1415491109
1652468552
1840541260
1931007229
1832999153
593174893
790760809
875999347
969505177
1039231643
1590750658
195163430
1940259123
653270090
1797015653
96720285
1538885272
95643822
1381989345
1560408847
215693443
1669096074
196269174
1603702376
365113005
1968096756
1166934370
1621482910
859220467
289752471
631870328
497193130
1785230721
1154726698
1245740149
2019119839
962088974
2131003158
1312496450
1775381547
358546745
1310807741
1947763017
704688711
507873735
2067360188
361070238
1096163547
2087975594
140863334
1146873731
1507550082
1742487252
557541088
1788061826
1330007069
982728237
1470312418
1819424093
598591690
1040517949
743217492
893019106
1848995486
105194699
352407932
1808835896
2007419262
135614668
917468953
269056268
83862327
1730983325
1501471802
1885770311
1133362770
12771673
924015726
109287340
2080560118
1220613608
954544883
1544989047
1032528413
1749237015
814080863
1902289786
160145487
578936678
1849639856
634596162
211307226
1146274426
1505221724
538697580
304297937
656756097
1392775144
418179230
1239141729
2012947880
1160210310
105022457
1641738789
1669783658
1573880364
992383576
1019232224
987747615
606466293
1078229685
16718415
2129367261
1979730590
1399951152
2051012656
806877301
374905795
502321047
230975488
36193848
1314131315
1452416583
1198061911
2007954164
13889688
641031706
1522116963
550419267
668220042
1295234301
1455608783
492586458
209910692
1646219409
1114709846
824493270
1842406188
109919123
460466402
596301184
1525850151
965862741
1796242302
1936708383
1799257442
410152230
1066846694
1338546491
715032503
1415124930
1566203013
1533773949
59425571
520229035
876289148
1469225868
6958112
699350696
109240061
2130054934
518904509
1363625579
298748329
192912365
1928881714
1931957668
2000776979
1957208961
1023398260
1071673827
677196480
654551223
523337341
1681246861
1167406372
476936009
1607825485
1513136703
1352228631
1435132361
1386759939
227635164
1863275693
1421478175
479910687
1621768394
1543312922
1026903659
189846814
55900101
1851828171
1606018712
1367518056
2048209154
1555615047
671398040
827756067
924666221
329669354
1498044173
1023694046
802888632
424577123
531026374
685249662
1524154773
1841735963
1979666712
1927674428
1278372547
1758856538
961813110
388524313
1598072989
799953473
1478173543
2116324676
264507618
1121177049
1091402327
490855038
684323862
1159347017
967674353
373144597
2059377687
255781120
1264652934
425945272
668523569
1277435105
138987026
1352677621
442961793
485537210
142868452
966039185
2001006764
1081683796
1718666360
62151926
1292948670
633664528
26135244
1559673210
430827774
1386823891
1603596278
1939822450
648947471
1123766815
1299361210
52463278
1616249551
785245481
1477702865
1486802379
583926169
1919346818
690175919
689643016
1270779703
558975361
1775666567
2105813223
915692656
120019463
1957201156
850864061
1910664109
1815560138
1861247542
2121287097
1314063551
167072933
343964141
843820892
346705142
1495039432
1250066756
985661850
1091821318
603649385
215845399
2055851741
1660439542
1206475379
767891755
316543338
702915274
430757667
1801715578
395196952
1340785263
2091361074
1499192333
2129026374
556737752
452599276
622540796
1988538622
224398949
1286877989
961312728
2126446520
197111258
628265016
45629856
578702208
310143662
633313253
900382628
66524142
1218859739
1516206873
1509028677
695127721
1437972060
188834942
417387213
1185118880
1871376634
987926903
2026015178
360950335
944046334
757325445
1174557122
1333877481
1243705614
35844094
1269084460
1702310967
1282725532
222984833
855192857
173590664
336215491
601344056
1654884340
1363966625
1475180919
164593893
1293276307
749587935
105652678
853990781
116141680
952682728
564971590
475984372
867573449
164256353
2111237312
2064587373
4893641
1902728724
721354636
868379681
555421483
1569031691
175927061
1672965476
183236395
676941945
908986543
2140989304
1966954623
400825120
1699521911
1592927006
407931429
1224472899
1243915064
336887781
2066837234
328726806
12186963
925710214
529560193
1279408242
1975354717
81644457
1915695481
1450994274
719957163
834165002
1344534079
2086106886
2122790989
447947721
1244131416
923709508
312986360
223197016
587476584
1924137953
62360394
1290503658
636537027
1557826474
1542433046
4528315
1018332100
794699993
1253982341
2123331839
1475772537
1958146499
2056986747
1288750562
780472584
272660889
722995792
825536176
386818593
578665683
1887676397
887881816
986267206
452395755
1405351780
822830453
1632363460
1144566222
1706531178
1449730909
556373028
700040527
197527305
1403381361
583337814
725403725
1657947754
1382299358
689276067
2131313005
552531947
1070756265
69268212
1430098773
786222382
343974557
166647752
901625415
1200277705
899257653
1311904487
1561593159
618334500
281403470
1326907012
2109700457
1555809664
1116988368
501076106
1266926376
166793921
1999833232
60877439
682648589
391878697
1198573065
711836807
943583505
925256686
213023595
387926347
254208781
1557550200
255237765
552347973
712681010
726933230
1399004892
1042603002
1190203170
708914847
1094042600
1533146179
657392674
871612517
1253543085
414222235
90228674
1629850513
1822139734
1859225479
2012389563
951136660
495321682
1154289044
105010223
1567222785
1009642382
165701442
1339385464
452666961
1272652096
799473354
952951444
50417608
1624442723
1986014271
140164641
1926679904
956734263
1591490896
558921373
1934236474
1712392024
1184214072
266444063
836169873
239554103
399962455
1219837310
595164740
1157555690
1803853437
760686690
736047870
354846727
2080185060
1419958308
1109910327
1641342848
1349541624
1041785993
1623506218
210142228
1760425399
888010499
1469771058
1715566805
750370306
19315319
1014032923
602527183
1277682796
945093030
638067103
2062798822
511141031
114600016
629834065
1548422754
1642950309
1166649205
1807917454
1852506504
157130521
168286912
689251167
182141367
719281013
942236986
354622212
1832049808
1379677659
1245047098
36673208
2073387003
1017065622
1632237683
1686139585
1185530988
2044867798
515196005
1287314865
2030471776
1045467045
713317977
233593052
1411347884
475843924
2081371450
1566745794
1371328975
1881682302
1229328890
1212133000
165967283
2006354856
801227756
1576971432
1434653825
1967556248
445334904
106921290
437122685
395319143
1839057446
1315239736
1266438089
1967896440
1490025790
934949983
115898551
276873319
29064266
465430812
8103179
1121328687
1559875272
1837600316
1995465740
1572080910
422605778
1730523012
1406565930
308685045
1446048544
1400260179
451297191
1130810839
562432025
1879337283
1816193332
1922744907
427946742
1949458021
229697249
726816005
732273230
430870356
455007408
896325578
1820649615
1864417353
769137259
974968040
1539430205
871469440
865244133
13340400
1583429572
1584665406
736180654
1406145159
2025015684
1199743398
2015468843
457146870
1795628558
965444712
351959400
1904780340
32557966
36221686
1496745369
239599575
1954004045
1188554197
1317239019
818931191
146929499
2110248061
372610780
449163004
1211441800
1267170047
335737768
818037598
1473145841
2065288759
1565427379
1892305674
536048616
158278378
174113710
2003615285
266930944
561702489
1007815382
580815980
1368473522
304405795
1445871558
2082610172
535584340
1199103580
1165377880
1388645213
783763066
1337998765
207388761
680163162
1155507581
1662030098
1321313510
1386624269
415514316
1296114883
1076263969
1336785948
714205920
1527498613
1264512034
901519687
1158318919
1243473887
2014137219
1204741771
2073924859
1175462872
1761820003
1996916506
2095520297
725622106
1420782735
1632504280
850777715
1211151349
701312618
542236803
1029359697
83832732
1965871339
1075007133
872800658
1842006307
4047108
1403868903
444525790
991530193
1789712897
770385956
1051192617
694760643
773482351
59256779
403787000
1389414097
1695719115
107120482
1478562009
1037018208
77303118
1786144035
1126169049
962369970
307192215
1842893332
1220593226
2013638891
998216079
1484451788
1425208626
974389708
2081691223
558548342
815165749
2130999274
1911521652
310769216
1361306576
826027604
807784627
78565183
400306727
1133907977
916220059
753285868
1440615931
1692416802
1187836914
1253505589
1723066989
312255406
1742183969
1339487396
122815533
2078883527
1296680042
11570105
1780000975
579565416
99439883
685191903
904553066
173568132
1044328662
450197162
832965579
1106637594
1832263108
1772663680
340287611
980107205
1847961209
1832730753
1300965992
196400618
76074533
1347579751
294886917
828660556
687340528
1245191112
368107032
969453945
709770602
530020644
1585787618
654578645
277032798
1487726039
2077919019
59587634
1227305750
837328121
1305344018
1498173975
880754979
249442225
2135000023
340528925
1215997852
1828898798
1840784606
1360486361
2065526414
1481777240
29465797
1179774028
966270508
1688502935
835821040
1170322823
285750004
1643937769
1848081731
1337060288
1496458331
792152091
1043314584
1342554763
1008977043
1580044880
984888334
515818627
932826529
724514381
1800617071
239205305
210623080
1633316564
667838016
267869635
482237993
443336376
573551237
9402551
1496824717
2131509383
1752541287
1360694953
1016236854
699973993
1698937137
1999570474
779294750
1645838901
162183895
347858369
1333677226
1256769746
2030419459
659788442
1947149753
970691188
1347302385
468953878
1358816204
291696290
204938041
467116799
2091620934
1242615700
1197950961
385785500
1077712302
1778885082
1534663933
314115602
68150096
49190635
1389266339
2022422584
1758281634
317561666
580021779
1668590142
134930912
1261549061
2134102285
1358147020
969504111
734891311
145020400
910907521
1051140715
1244524709
1046054383
1935091952
888268524
742615644
299088355
704620554
1217799022
792658797
746981760
56318889
1663022717
2119452749
1830734735
361525594
1857121990
1621908417
1756056440
794247336
769256244
240602825
960296475
1673201063
583691793
1780102073
1571972505
103110900
1209407818
1980828583
390999433
1654903695
1855883912
1030882361
1686107267
1957771319
1641446872
1408357350
690775017
870071348
856284121
580367859
1457261751
1233009054
902094266
1256559167
144291215
1776062236
1899923590
286052776
1837334916
1117760198
654975595
2111280824
1241437865
579951534
2013264865
970061444
1257189109
1855367752
2123775510
1856007525
987740619
1970016411
282477021
1723271732
984423392
1683851631
527354291
918834873
575123620
331597593
1032729827
448484965
229052743
1446746799
1995783030
1059103168
2098220520
1640340698
11687260
1301555992
567876521
1400167981
2064903606
86608821
1455682395
141391330
329371230
1613474765
426270969
1732417210
1505703887
354812348
207643658
110965946
1116179496
1745028939
1353598262
1861633117
723041423
1220488546
1783824966
2145278244
11188228
644915107
1924795801
1495879729
1593971947
1405882132
1116699569
377258484
885045197
1624175275
991217589
876633591
1566542017
474420091
684725477
956818213
1482856381
1511885843
881219898
1429013998
536398870
1193632363
1273975362
2005907814
1908698364
247356161
724849736
760043771
1993745226
1731129866
223696270
35172134
861357356
327452969
336356618
818864711
401999062
1324148856
1429326985
538258921
601620882
1706823401
481911242
229610090
319920481
1185813050
1077464490
371164118
681394061
588366815
740578018
767120717
1696046188
545396019
1396364491
1564496368
1319330152
1847692916
2104213295
1048308664
826388484
224795656
188019172
821726393
1466131113
322514138
1938482051
831014420
1670984692
623009392
2111821311
549874800
1651543495
735724123
1810574455
620011966
960563884
1899085584
503992753
2024637560
101923081
458584922
609308307
88252461
1954216306
719013333
2062271538
1662281530
1264312804
958571243
452509352
2116241609
1129348892
407407990
1774354306
1238981584
1717002366
787692548
723251469
173080819
1329883377
135824779
1271204708
1557344352
697662152
1942478802
537035871
1095480145
1568918701
1949441839
1944096283
2140890384
460097321
645568632
1959790574
1726356624
1393977856
1510433660
1211250734
1878353718
581987948
1637002309
1719735478
1767193058
1249293922
944158651
1427598256
2094363793
1971467221
2137640782
734205749
863424104
1567884555
56569593
1725071342
691647800
1096314129
1661446759
1005633518
458374431
334595858
476897857
1497104459
1947101589
1088750131
2196816
2083749938
1364791844
793147786
630147556
725845664
388593608
417873113
1635089937
116823445
1588524683
1681097674
1331825055
1934136707
1344163674
1299319387
247909393
2075036710
1503020597
22438314
454407577
259213141
1847970708
1202402864
1685189847
1324615219
821871711
996779259
2115678805
1432193461
2089592037
1780971390
1121706429
1483131451
1860258472
1069717751
1276448897
1097472724
740733756
347813176
1891007717
1930464974
1316011529
2114652886
2064308336
1965620487
192640159
466825659
786659341
1121640225
1859648949
1971087195
1621966916
607970080
556709038
696272828
1771688047
1997895313
1808584681
970454574
1380120489
768324187
1222475245
1785518370
816378469
956148431
460394757
916453763
822164103
897428942
1085146358
759094953
1909114350
1904959487
1647610510
1256230083
325240053
1943980581
452070921
797810259
891658974
113920876
1733054847
1168729849
553839667
1285515177
93315312
979223669
57377002
369225939
1027704865
921549757
4112104
590357655
2056288607
1431826816
1556660402
1220279440
598414112
1485257610
499494656
86699197
501811283
730097920
1407363393
241199739
1358530767
161560955
1542228681
57596276
608295857
314500187
356248085
150947667
1412618849
1622758822
1833901484
1842068450
865517217
1461816804
572392958
470574423
1030573988
2108313654
922102176
367526595
1940086088
1484661835
1185365177
1180053286
49788545
919750151
1914505555
439838722
1609238562
1969747154
361388670
1151168328
1324934417
1369569710
1901750918
1141799899
1787124737
2094563891
607671224
1658726676
917108420
106400051
1532461660
1320970350
1966075937
546717499
1213883457
1015600482
139502873
103483542
1838208303
433686530
1256201640
1811090778
303108940
291289773
906411793
2096464904
68855844
1796894852
2016436711
218480903
324971632
703522599
1726363059
1584404731
2063576137
1098546123
2089182235
2127709548
701352520
564045541
822622908
231300876
1436403747
1830541306
15896139
248990587
1224497881
1714804524
669563494
1363599542
1279299229
1739602977
2052264433
153968120
323814952
597846769
1189252601
36668990
1665438832
995617776
603368609
983785186
60535412
493294451
1938123318
44479032
1495469626
373634400
151317423
689312718
1811351751
130770642
334071098
75278764
543319024
1789418723
988883293
1655205865
257416126
1682475922
1985660575
771951547
353691621
330988660
1785435867
437704264
1076900727
22758185
1669259514
1599359330
1631689807
183692758
1968175141
104602028
1446343617
992293250
1408675983
1781739580
1302293321
1232214628
1071844351
2042589817
128442083
1732044455
308927972
648066297
558543299
931266061
57750651
121352302
758490113
867869454
85463577
1429265421
430252545
298496402
1968829789
125934104
685248638
560324711
219713438
328119166
127332144
1798326025
1815473934
615567669
58542195
1326699935
1021987966
1919501083
1017376778
73963971
1102500450
2058066498
1337147965
1636862675
465918852
8719332
1313371034
626420062
122745110
1428959447
541986685
1544717649
1717476306
1568259751
505712731
716254890
602842030
1196219967
145317142
428911991
1353194928
1719818873
1901067498
539879186
954917329
1990525244
624648704
1867665654
1771839526
1946559469
581085464
1252098618
1172549343
1727900954
684516421
168841957
1597096835
1277591815
1107025808
1285768595
1849704313
1862492120
1314366918
793942544
171981301
615884338
1667007479
476184426
415345299
2119677673
2128372280
1036533251
38950972
842943837
2017081582
1090016603
1496029988
552710357
1465399510
1777162586
464126686
959687176
643124785
1269261257
1232104433
150582595
55287271
277131064
44586519
991083566
1073953894
509815293
996411092
1202870216
1106219839
397816233
955566707
1289324831
1458264669
334015888
210831120
1908974619
223919051
1260124510
1436683062
1163335720
274194297
114741501
1161996620
1004133935
448587329
263429902
478209618
758290837
775700667
1226875505
722819104
959167583
190469708
62554651
600599475
151353486
34433441
365186054
1101468455
991184272
2128989079
1546665175
360867972
1199668862
1224402695
1003995373
1870207171
876070718
1522185242
1924591186
1976346155
55316360
1917505551
452134111
265684107
1923346005
1745856757
1193161099
2123719330
1506723758
1898416328
1651030392
35585521
856545302
962622430
904965503
945682191
112896362
421904964
1166137771
1173218472
1089343404
727850379
1266316515
1675617252
686822044
968644566
562814200
343057826
258078412
1801517527
957852629
680648757
1753857711
361603242
1944970604
100241160
842750393
823617006
645689260
176371052
1483081708
1267560482
293734264
677154276
380085435
1352565106
1905549097
773962600
281184931
192417504
263916960
206805723
905609832
1477612491
2084486505
991030347
1606105348
1804004556
1547129088
983698711
2102182500
198088758
1461334498
1198713148
2069552078
293681302
2037090240
386376284
1953372042
1998255945
643856662
1715526772
210798171
488065690
1172120260
183072349
554146646
1614580120
1251694748
1894160475
1702734933
2144195319
816822411
319542402
585743702
861137963
819007348
1742349060
301805405
1615706012
1779995598
811583276
1288663903
439728987
1701045904
770653025
1983859456
2018853124
18754717
715308926
2068431118
68413902
1344582369
272931577
978726862
22651196
862761866
583309995
1288331540
472984719
1988129072
338583417
1195464400
1015931078
1654287143
1450520479
982784023
1420290212
684403034
2093331867
949796696
1399357394
1625306949
1652476079
1987012659
1713571946
442955602
589261908
500673810
1824631484
1417024638
863792451
2063511627
76446326
1641855333
1220790491
1683953130
150781820
1235437747
136100796
261757756
2123145102
515189070
2133560122
842885312
2116187225
756859932
1646157084
1033170505
982522983
1508057520
1024148676
1479380415
1944010114
201670170
830693175
1867410850
2134481256
346476837
1967420290
1005692467
1713569175
250102528
1057090713
1184891687
267881141
191759301
1220283379
1995685665
97466054
158436188
1839019974
1475307884
628698831
2075231275
421744500
234962948
1545759844
516984816
362602979
3073998
1464734892
742488025
615849814
2023890729
1823644858
1135847118
613403172
1536686474
1404781738
1924953591
1350070845
190009750
691889714
835116473
814625371
1821773956
395522556
1364192813
708013497
22380969
772299134
1678674622
1735319642
67743566
1837418201
23369823
1413436173
74073046
1473510672
1376430311
1011698487
621210424
1910043039
381601869
697451764
1107593125
487191458
1844414163
2132668493
2007734215
626663608
811407613
920249563
209977770
1893825780
1587282742
2041416096
1389220872
1223414121
1838986232
651483831
1014622402
467650580
1878973825
1252532654
202980591
1535597995
1682583516
206719554
244950314
1582644771
492775795
300904046
319075630
143232747
1076878281
1130924285
1619510534
1467914760
168288820
1475029896
816523109
1808944414
1098933011
1543786585
992865516
1537483797
233315570
1119829067
1948864079
1423402019
1996973799
326589045
1104142023
607175904
1221577619
1110875027
410612985
1815349470
1193411555
1394023530
1156588238
873226652
1397409352
852315705
1168663779
1853257624
1500014071
848891211
409572782
1978843332
636279898
2054691694
1044203959
1245274300
516814397
1166409516
712608687
1048164193
185332685
1788365579
1122374191
1730067793
2095132144
862589672
864768577
1768443452
1795925078
1528344482
1748157630
1207233962
1592616766
902057750
1598759382
755868386
1270248238
273089075
923234666
1377098601
10067677
1970416112
864776416
1322353165
1249886335
2122831408
1908906392
159052316
1602652211
655020929
206104538
681059193
1326095034
663039438
1793418230
631037476
1422134039
1534421346
585853081
92040052
140264459
206830901
1571463801
70281618
1311523235
281948559
1786065210
72833801
1677445734
701151743
331989945
351651694
26349601
1287293896
522763716
632741242
314060807
1034628039
1836632850
1673988655
1614860745
377481588
407459396
1026052192
1190895461
1366629993
1555178161
1903652760
93134119
1283288999
1735846662
1131581863
1915714289
653504024
796921999
2028194512
637661270
973924441
302728980
1374153363
1230810284
1098113665
585446843
822358117
1589645069
196204582
81930369
1338962548
1165978345
246382157
1841507504
1461945791
1492815903
211580921
1006543243
200827808
1583327406
1397919940
1125098923
289012183
1967519582
1605681393
1965305021
759148297
185324277
2047841566
43997513
710860877
1461891849
1982958253
139692297
1929755329
980368908
479510402
1148889975
137221834
1870606865
790113996
1214119641
1629483672
1136661543
1770884302
180297617
1304298587
128222010
1566048971
915144725
719196369
895577651
189252732
808271529
319007754
1628212360
112187320
2066654848
1120767944
393520755
963886592
277454039
793709527
517731805
1768051775
660749238
318530470
1238636374
1292111408
859636395
605584067
1412623762
1540274359
658449206
2022234146
231635822
809767350
1421520893
1352906640
391376359
1374827744
719568492
1374404092
655811552
553414716
1756605221
1151077872
671154475
1774172090
1081224361
739570124
1224460567
515036371
1448515727
2007900536
2026412037
1669995734
1183527250
921641149
377263385
986853285
1550360809
1136251147
848365688
1432063884
1389980316
215362535
535500959
297684525
1217824471
94147767
265366558
1948295105
800715947
147795115
2058893495
1194652406
1615978543
1736795810
961421749
2033120050
1391873066
108754883
1654544168
287099615
836528762
606579637
1406154739
1523876613
969607928
1033963083
2079599640
1106925942
378122671
1911060794
833623196
424308380
1306029407
1725187854
217226925
1352666129
732907520
685797649
1730137248
8537597
94634360
2025959921
1740062765
310398460
158644116
1492361785
596229646
1267408076
892610325
40893279
1387908259
2144523174
185281484
540169969
2132648474
437464859
790120567
1720284328
1334504482
503667655
1829284021
1924555462
1032480457
1236363869
1985788808
503632299
231858038
228037453
1402789443
1149574056
1823203568
78441527
1115365211
1729345693
1479739546
803946148
413795621
230524122
691691682
1755541218
188176878
587303288
1327630282
1828230806
1132307598
635028579
346202444
494135452
1899123097
769616277
356020926
306454794
941727297
211984750
99178576
1922480322
633411380
33696476
493479425
1527924682
567205115
1714046699
388993539
1921861258
1212563703
575646985
1152766780
355756400
351844136
748859189
1571250492
2069743210
233058225
419380678
761190139
613349405
30499404
238098525
1821310415
1061278008
1511963078
1054327910
1902016619
1319862878
1001276304
261271578
149916071
1668361220
1432139460
708337448
1698192207
1338997432
1766860971
1933705374
1102296266
73903931
824962390
616340358
1627605774
991294330
1077216466
1903936889
1645996812
281634377
1190203617
1986924450
1950662901
651061178
910273551
939616685
357141035
225621378
1561022250
1003653154
1156743433
112236160
111954436
1285860287
1184513403
1887409238
138589180
105791779
818263791
213676274
1093969267
793935964
1996388664
38411254
1202001747
2102773865
175598629
515795764
139181366
1326473740
845542772
1856458288
2029748617
2062327360
705450857
1006693249
210142603
324300420
1411152286
1911393599
1251515416
1868846920
566707218
344834694
1127524980
1435174982
1906076911
180424677
1664155331
1067170836
1229748780
188327853
1986664845
315147970
1314801101
1573348536
308437731
1242496764
2034471810
393418114
620685059
1239593284
1895914028
919976703
960505144
1911277401
112864068
831356998
887176061
787117280
1749581170
159625935
574361729
1138012219
1325101972
207962332
676101431
1817746573
798693095
1771220297
1389529806
499657097
54591717
1701136406
1152628524
1805086793
932931237
1318824606
1266431071
743007287
1877483993
1983841102
945845449
1484796150
731834364
1226812485
1127993177
155805744
191018944
1506979877
89445196
1633437144
717008750
2037711122
1203392424
1400919798
1158426588
625900654
412022050
1243152997
1933808493
1715579314
215384662
1956015006
637980263
818406588
1829424779
1633713911
1369095173
622219472
282912775
829792915
961202558
1553791405
886094674
35191905
1576195079
2131976203
1983108507
1398335602
1711514554
1511074458
1011046241
202123132
972840024
1833612023
723916880
853261398
462404450
1645755764
1470868488
556143725
2144362169
23425044
702953266
312548860
1919010725
1754691315
1348882259
495975279
2069007323
158530384
737434382
441782171
1650655935
448149221
95134875
290345455
295224287
1369518480
1580586014
1787605753
1760467517
408250223
236438748
652126521
1025651895
1921239278
311909854
1440819844
245945511
749609543
1765964973
1167810689
875219107
1664835893
297471386
1763926071
262792734
1864907432
1129379244
647473280
65900107
2135137663
2067387280
1096704727
458539524
455322947
1732893517
1633518833
327977626
1937507763
420127419
1811415073
78949906
2054521639
1483739990
444391525
394543542
94165628
1120835498
320470505
1261635057
1187026870
2032325735
501028451
1465727916
533859055
1098742624
1438912547
668954430
475556317
321587830
957647579
446666799
1856642720
1707489616
1333091875
2052350383
1414605953
1164081547
1974825382
742269763
1890755018
1823414519
33133395
836178617
1632722391
1250085872
1871241909
1627965103
269419379
26039510
1994805561
677500233
1121958015
1168027081
1187448772
1026015308
2098587170
119155305
2085375656
122725442
1808098091
831247415
1933820062
1446810580
2034601918
952607541
1212791951
53715256
1111953505
255947033
1961854646
240021470
136276730
609161240
1622660487
1033477848
1205732498
482816952
1777940632
1732955144
1838810328
794271834
224956141
1707599065
1589571008
662426402
1154510576
1933331085
899506989
507233316
1518042385
1128389012
1813160368
1096237082
293490677
1427824494
1469747296
1936024148
1593070349
1794339889
1808804428
1522265083
1830218918
154645819
1518181275
941210460
46454968
82587856
968513774
1911066848
2018347032
2114110806
786462342
520212718
1286074055
759835096
464107676
55708066
244753821
839992300
712090022
1251100656
592736331
620780162
2117949405
62117589
348205850
1398128561
2026952770
69985934
1516744579
759199838
1798587574
20667347
311432540
769668475
2139183662
878347520
2107731426
1768345980
612899944
1974725846
1864868356
537943571
692740474
1944857848
1044400146
315634285
1069089299
1510434310
1194574573
229877080
1749808965
1824657478
1600021459
2009576259
204246572
2081698889
623235354
386277823
2088527715
2111685752
2073789822
1364977637
863162815
1174733750
1874162981
1715359796
1775715786
1165423698
693568195
2109269219
858273410
1354704399
2140527769
426617548
1893079911
556274002
921861108
2063539755
1078952846
1775492300
1346095580
833466746
613335313
159612561
2020869843
1898439342
1263980318
1687622996
1118843838
1850942545
1488467751
825912940
515797246
1140250662
1025277341
876079892
928005173
2000466335
309642869
1681375231
1108976231
868522757
508601299
2142949934
1855814766
1101465477
1157478278
663547954
1898187110
570219234
1711087793
1455274455
1045882324
1699915252
744787448
34783019
1618289305
1953065834
1448552039
2094546796
536185957
1273974805
1765064051
710282957
1209138400
1651874044
242584317
13421176
750604201
1406229197
935190498
301894107
2048571265
314505587
1094448179
270291000
1886106962
2094384758
322635188
1077466943
400241502
1358297431
1022001759
1691942933
1587495970
680219846
1146295330
1342205603
1799232394
881642209
1472806698
138325361
131242672
1416595676
855477909
927120160
261200509
645786624
976536007
1129120192
1954945889
1071381878
1204892439
1613793464
517512219
1897401847
1035109580
341726697
1767666742
298648745
1844119617
1043520809
538832365
798126979
16519792
902070282
279271480
1664981614
1936936663
992659344
1786687272
1876545538
1696029336
599276637
1599740402
34878637
223515558
1825752604
1006136031
1612360200
1282757361
1002159334
1641592017
1078540844
2013601342
1050662986
1387090892
1522649872
656053169
1372599940
1789373839
1598186950
832474114
143435547
597619442
759916059
418223219
1168705835
1851547817
1508767579
756532745
652487421
1706121757
1928105388
590131834
1605530964
255124296
1978255381
2126947232
1161581207
369452112
1875518990
398580361
2081327577
1585676049
2098585339
2008275311
1019585294
600932262
2011037123
1322594456
52502872
574734405
520511802
1772081198
275921389
673743333
876514845
1606901842
1449919736
1972999324
2010171345
2088907050
352722316
76643987
1042657382
735499490
2043894948
1486905397
575548198
1420302431
961390851
942985659
1904853098
1928714808
1634711018
297192462
1701721559
669603743
791798595
1637545916
480406151
1670049466
1807237344
1941021776
660278391
690732762
1117315495
660992709
1764250061
1065138373
1876318930
1768183737
1787183193
992437054
1198777240
2007071124
1267260316
943697591
1427021555
316007177
299684796
2141752431
1126863039
1549591713
2048601609
1052014323
654520805
983485579
1776913925
25081341
1411692421
1111089633
1459999453
876830122
883921978
1932226252
1452153196
293226877
1270472486
994636824
1541212705
642307765
729553011
1783876649
1997518231
392152033
366860246
1911134975
1679502451
2044082700
1588323123
2141058391
122916069
415361599
329839641
1094825482
262381912
731296037
2121056996
699581959
1755472799
1889563474
1212913566
554072302
966876391
138994848
763140449
1029659881
1367268255
1007990775
1701748073
1217673026
988658202
2138017347
413934814
450562505
427434202
541281942
248016236
112977688
877116801
1878212693
867789015
1639811585
1161053168
1723330559
928779159
188367733
62194909
775917636
1433041389
16867515
1458395397
958983978
875558213
74843722
1207645026
891620517
2116534216
1604163647
589196734
1878180491
844543554
1352496972
298098350
166348785
494840787
1774128690
1904290063
1605600588
504779505
1781159116
2070015551
116240648
371177737
1302620496
1081717753
323593584
1356373466
1207776386
1724647042
1539903031
2030128609
970676905
190089611
1164342446
155624153
1790361295
380814315
1657760137
1062454527
1703288141
1686741516
1608799400
1720175698
2066116747
1606551443
788702244
1578408500
1621325715
1896157114
402473669
1687500203
1422129036
1395445745
589515478
1087019599
3194699
500607366
1100491244
1178169411
640517310
186411118
181012590
1859442855
719052779
1145298347
59806837
826664483
1737587191
784881683
426006960
128015203
411770949
671495443
1152055191
1355084967
1503595244
664372168
742260077
1948976516
594580845
969498564
2144933785
1801567207
169855016
930801932
1783138037
1240375484
296287635
1518636177
1167386075
1101212685
805335326
649259235
133659041
609462082
1661479465
1800965986
1637237533
1641385458
310966274
564475592
551361815
398035734
459205548
392655127
190537246
62605494
36879306
2142989842
1933470753
1068963803
518337470
1960703213
127938300
1526689178
1676298101
119391764
21194964
260354944
439822175
555119061
315819413
1905911637
1379963892
559238362
1518540196
723588156
711445045
1835666022
1107194630
624978696
1036023085
343427938
2041736670
316776020
1201462876
632401159
1502205311
2135115174
1560253132
1595474606
2010566587
1194243458
788175910
569038735
291984192
420973060
583301374
75846488
87229850
1033998033
1102183757
84795340
788559671
890635294
1659646367
1482990703
1524213943
179388568
462083
1194613389
1165934892
2000823982
376934093
610685871
1576299105
909276000
1088042122
196195060
824166044
1741094013
1907099357
1454159028
75519973
1080992131
897545301
239484332
531594166
504098888
538200977
1602418224
1411640641
1577968833
1830949446
2093655848
1781844227
815494581
1401729275
1106407425
1664408362
38667460
977346937
1956709436
161933358
501702764
63253464
630512492
334971476
667015533
698030229
1186101820
1668588710
722903348
530430867
1953041860
1041784171
2062150354
1625892486
1508501894
1790761134
1442299479
1020053831
1623608906
258850184
538270873
425241881
2117780594
47043006
1873657193
1386019571
2090952825
1881502644
152838568
2146725583
1879716644
1299085416
1430503754
139545973
256179676
891400042
2114863651
298509935
487517859
716229717
561228671
335613760
102101623
1117892631
1162698593
1730958439
2091076841
1543306
1707184682
2006106244
868989454
959542789
1128953391
1027206103
2030161606
1061951667
1685359470
20828210
1351909822
1880633274
955315390
301482917
1680724346
1419030706
263865952
280409885
459008841
34897449
568098535
1167901668
602247953
16186896
563133090
1307474003
23594
