16 11
0 0 1 1 0 0 0 0 1 1 0 0 0 0 0 1
0 0 1 1 0 0 0 0 1 1 0 0 0 0 0 1
1 1 0 1 1 1 1 1 1 1 1 1 1 1 1 1
1 1 1 0 1 0 1 1 1 1 1 1 1 1 1 1
0 0 1 1 0 0 0 0 1 1 0 0 0 0 0 1
0 0 1 0 0 0 0 0 0 1 0 0 0 0 0 1
0 0 1 1 0 0 0 0 1 1 0 0 0 0 0 1
0 0 1 1 0 0 0 0 1 1 0 0 0 0 0 0
1 1 1 1 1 0 1 1 0 1 1 1 1 1 1 1
1 1 1 1 1 1 1 1 1 0 1 1 1 1 1 1
0 0 1 1 0 0 0 0 1 1 0 0 0 0 0 1
0 0 1 1 0 0 0 0 1 1 0 0 0 0 0 1
0 0 1 1 0 0 0 0 1 1 0 0 0 0 0 1
0 0 1 1 0 0 0 0 1 1 0 0 0 0 0 1
0 0 1 1 0 0 0 0 1 1 0 0 0 0 0 1
1 1 1 1 1 1 1 0 1 1 1 1 1 1 1 0
5 2
0 1 1 1 0
1 0 1 1 1
1 1 0 1 0
1 1 1 0 1
0 1 0 1 0
5 2
0 1 1 1 0
1 0 1 1 1
1 1 0 1 1
1 1 1 0 1
0 1 1 1 0
15 11
0 0 0 1 1 0 1 1 1 1 1 1 0 1 1
0 0 0 0 1 0 1 1 0 0 0 0 0 0 0
0 0 0 0 1 0 1 1 0 0 0 0 0 0 0
1 0 0 0 1 0 1 1 0 0 0 0 0 0 0
1 1 1 1 0 0 0 0 1 1 1 0 1 0 0
0 0 0 0 0 0 1 1 0 0 0 0 0 0 0
1 1 1 1 0 1 0 1 1 0 1 0 1 0 1
1 1 1 1 0 1 1 0 1 1 1 1 1 1 1
1 0 0 0 1 0 1 1 0 0 0 0 0 0 0
1 0 0 0 1 0 0 1 0 0 0 0 0 0 0
1 0 0 0 1 0 1 1 0 0 0 0 0 0 0
1 0 0 0 0 0 0 1 0 0 0 0 0 0 0
0 0 0 0 1 0 1 1 0 0 0 0 0 0 0
1 0 0 0 0 0 0 1 0 0 0 0 0 0 0
1 0 0 0 0 0 1 1 0 0 0 0 0 0 0
11 10
0 0 0 0 0 0 1 0 0 0 0
0 0 0 0 0 0 1 0 0 0 0
0 0 0 0 0 0 0 0 0 0 0
0 0 0 0 0 0 1 0 0 0 0
0 0 0 0 0 0 0 0 0 0 0
0 0 0 0 0 0 0 0 0 0 0
1 1 0 1 0 0 0 1 1 1 0
0 0 0 0 0 0 1 0 0 0 0
0 0 0 0 0 0 1 0 0 0 0
0 0 0 0 0 0 1 0 0 0 0
0 0 0 0 0 0 0 0 0 0 0
12 3
0 1 1 0 1 1 1 1 1 1 1 1
1 0 0 0 0 1 1 0 0 1 1 1
1 0 0 0 0 1 1 1 1 1 0 1
0 0 0 0 0 1 1 0 1 1 0 1
1 0 0 0 0 1 1 1 0 0 0 1
1 1 1 1 1 0 1 1 1 1 1 1
1 1 1 1 1 1 0 0 1 1 1 1
1 0 1 0 1 1 0 0 1 1 1 1
1 0 1 1 0 1 1 1 0 1 1 1
1 1 1 1 0 1 1 1 1 0 1 1
1 1 0 0 0 1 1 1 1 1 0 1
1 1 1 1 1 1 1 1 1 1 1 0
5 3
0 0 0 1 1
0 0 0 1 1
0 0 0 1 1
1 1 1 0 1
1 1 1 1 0
6 6
0 0 0 0 0 0
0 0 0 0 0 0
0 0 0 0 0 0
0 0 0 0 0 0
0 0 0 0 0 0
0 0 0 0 0 0
9 7
0 0 1 0 0 0 0 1 0
0 0 1 0 0 0 0 1 0
1 1 0 1 1 1 1 1 1
0 0 1 0 0 0 0 1 0
0 0 1 0 0 0 0 1 0
0 0 1 0 0 0 0 1 0
0 0 1 0 0 0 0 1 0
1 1 1 1 1 1 1 0 1
0 0 1 0 0 0 0 1 0
15 4
0 1 1 1 0 1 0 0 1 1 1 1 1 1 1
1 0 0 1 0 0 1 1 0 1 0 1 0 0 0
1 0 0 1 1 0 1 1 0 1 0 0 0 0 1
1 1 1 0 1 1 0 0 1 0 1 1 1 1 1
0 0 1 1 0 1 1 1 1 1 0 0 1 1 0
1 0 0 1 1 0 0 1 0 0 0 0 1 1 0
0 1 1 0 1 0 0 0 1 1 1 1 0 1 1
0 1 1 0 1 1 0 0 1 1 1 1 1 0 1
1 0 0 1 1 0 1 1 0 1 0 1 1 1 1
1 1 1 0 1 0 1 1 1 0 0 0 1 1 0
1 0 0 1 0 0 1 1 0 0 0 0 1 0 1
1 1 0 1 0 0 1 1 1 0 0 0 1 1 0
1 0 0 1 1 1 0 1 1 1 1 1 0 0 1
1 0 0 1 1 1 1 0 1 1 0 1 0 0 1
1 0 1 1 0 0 1 1 1 0 1 0 1 1 0
5 2
0 0 0 1 1
0 0 0 1 1
0 0 0 1 1
1 1 1 0 0
1 1 1 0 0
13 10
0 1 1 1 1 1 1 1 1 0 1 1 0
1 0 0 1 0 0 1 0 0 0 0 0 0
1 0 0 0 0 0 1 0 0 0 0 0 0
1 1 0 0 1 1 1 1 0 1 0 1 1
1 0 0 1 0 0 0 0 0 0 0 0 0
1 0 0 1 0 0 1 0 0 0 0 0 0
1 1 1 1 0 1 0 1 1 1 0 1 1
1 0 0 1 0 0 1 0 0 0 0 0 0
1 0 0 0 0 0 1 0 0 0 0 0 0
0 0 0 1 0 0 1 0 0 0 0 0 0
1 0 0 0 0 0 0 0 0 0 0 0 0
1 0 0 1 0 0 1 0 0 0 0 0 0
0 0 0 1 0 0 1 0 0 0 0 0 0
15 3
0 1 1 1 1 0 1 1 1 0 1 1 1 0 1
1 0 1 1 0 1 1 1 1 1 1 0 1 0 1
1 1 0 0 1 1 1 1 1 1 1 1 1 1 1
1 1 0 0 1 1 1 1 1 1 1 1 1 1 1
1 0 1 1 0 1 1 1 0 1 1 1 1 1 1
0 1 1 1 1 0 1 1 1 1 1 1 1 1 1
1 1 1 1 1 1 0 1 1 1 1 0 0 1 1
1 1 1 1 1 1 1 0 1 1 1 1 1 1 1
1 1 1 1 0 1 1 1 0 1 0 1 1 0 1
0 1 1 1 1 1 1 1 1 0 1 1 1 0 1
1 1 1 1 1 1 1 1 0 1 0 0 1 1 1
1 0 1 1 1 1 0 1 1 1 0 0 1 1 1
1 1 1 1 1 1 0 1 1 1 1 1 0 1 1
0 0 1 1 1 1 1 1 0 0 1 1 1 0 1
1 1 1 1 1 1 1 1 1 1 1 1 1 1 0
8 3
0 1 1 1 1 1 1 1
1 0 0 1 0 1 1 1
1 0 0 1 0 1 1 1
1 1 1 0 1 0 1 1
1 0 0 1 0 1 1 1
1 1 1 0 1 0 1 1
1 1 1 1 1 1 0 1
1 1 1 1 1 1 1 0
5 3
0 1 1 1 1
1 0 0 0 1
1 0 0 0 1
1 0 0 0 1
1 1 1 1 0
8 7
0 1 0 0 0 0 0 0
1 0 1 1 1 1 1 1
0 1 0 0 0 0 0 0
0 1 0 0 0 0 0 0
0 1 0 0 0 0 0 0
0 1 0 0 0 0 0 0
0 1 0 0 0 0 0 0
0 1 0 0 0 0 0 0
9 5
0 1 0 1 1 1 1 1 1
1 0 1 1 0 1 1 0 1
0 1 0 1 1 1 1 1 0
1 1 1 0 0 0 0 0 1
1 0 1 0 0 0 0 0 1
1 1 1 0 0 0 0 0 1
1 1 1 0 0 0 0 0 1
1 0 1 0 0 0 0 0 1
1 1 0 1 1 1 1 1 0
11 4
0 1 1 1 1 1 1 1 1 1 1
1 0 1 1 1 0 1 1 1 1 1
1 1 0 1 1 1 1 1 1 1 1
1 1 1 0 1 1 1 1 1 1 1
1 1 1 1 0 1 1 1 1 1 1
1 0 1 1 1 0 1 1 0 0 0
1 1 1 1 1 1 0 1 1 1 1
1 1 1 1 1 1 1 0 1 1 1
1 1 1 1 1 0 1 1 0 0 0
1 1 1 1 1 0 1 1 0 0 0
1 1 1 1 1 0 1 1 0 0 0
5 4
0 0 1 0 0
0 0 1 0 0
1 1 0 1 1
0 0 1 0 0
0 0 1 0 0
11 8
0 1 1 1 1 1 1 1 0 1 1
1 0 0 0 0 0 1 0 0 1 0
1 0 0 0 0 0 1 0 0 1 0
1 0 0 0 0 0 0 0 0 1 0
1 0 0 0 0 0 1 0 0 1 0
1 0 0 0 0 0 1 0 0 0 0
1 1 1 0 1 1 0 0 1 1 1
1 0 0 0 0 0 0 0 0 0 0
0 0 0 0 0 0 1 0 0 1 0
1 1 1 1 1 0 1 0 1 0 1
1 0 0 0 0 0 1 0 0 1 0
13 7
0 0 1 1 1 1 1 1 1 1 1 1 1
0 0 1 1 1 1 1 1 1 1 1 1 1
1 1 0 0 1 1 0 0 0 0 1 0 1
1 1 0 0 1 1 0 0 0 0 1 0 1
1 1 1 1 0 1 1 1 1 1 1 1 1
1 1 1 1 1 0 1 1 1 1 1 1 1
1 1 0 0 1 1 0 0 0 0 1 0 1
1 1 0 0 1 1 0 0 0 0 1 0 1
1 1 0 0 1 1 0 0 0 0 1 0 1
1 1 0 0 1 1 0 0 0 0 1 0 0
1 1 1 1 1 1 1 1 1 1 0 1 0
1 1 0 0 1 1 0 0 0 0 1 0 1
1 1 1 1 1 1 1 1 1 0 0 1 0
6 2
0 1 0 0 1 1
1 0 1 1 1 1
0 1 0 1 1 1
0 1 1 0 1 1
1 1 1 1 0 1
1 1 1 1 1 0
8 2
0 1 0 1 1 1 0 1
1 0 1 1 1 1 1 1
0 1 0 1 1 1 1 1
1 1 1 0 1 1 1 1
1 1 1 1 0 1 1 1
1 1 1 1 1 0 1 1
0 1 1 1 1 1 0 1
1 1 1 1 1 1 1 0
5 2
0 1 1 1 1
1 0 0 1 1
1 0 0 1 1
1 1 1 0 1
1 1 1 1 0
8 5
0 0 1 1 1 1 1 1
0 0 0 1 0 0 0 0
1 0 0 1 0 0 0 1
1 1 1 0 1 1 0 1
1 0 0 1 0 0 0 0
1 0 0 1 0 0 0 0
1 0 0 0 0 0 0 0
1 0 1 1 0 0 0 0
14 7
0 0 1 1 0 0 1 0 0 0 1 0 0 1
0 0 0 1 0 0 1 1 0 0 1 0 0 1
1 0 0 0 0 1 0 1 1 1 1 1 0 1
1 1 0 0 0 1 0 0 1 0 1 1 0 1
0 0 0 0 0 0 1 0 1 0 1 0 0 1
0 0 1 1 0 0 0 1 1 0 1 0 0 1
1 1 0 0 1 0 0 1 0 1 0 0 1 1
0 1 1 0 0 1 1 0 0 1 1 0 1 1
0 0 1 1 1 1 0 0 0 1 0 0 1 1
0 0 1 0 0 0 1 1 1 0 1 0 0 1
1 1 1 1 1 1 0 1 0 1 0 1 1 1
0 0 1 1 0 0 0 0 0 0 1 0 0 1
0 0 0 0 0 0 1 1 1 0 1 0 0 1
1 1 1 1 1 1 1 1 1 1 1 1 1 0
14 13
0 0 0 1 0 0 0 0 0 0 0 0 0 0
0 0 0 1 0 0 0 0 0 0 0 0 0 0
0 0 0 1 0 0 0 0 0 0 0 0 0 0
1 1 1 0 1 1 1 1 1 1 1 0 1 1
0 0 0 1 0 0 0 0 0 0 0 0 0 0
0 0 0 1 0 0 0 0 0 0 0 0 0 0
0 0 0 1 0 0 0 0 0 0 0 0 0 0
0 0 0 1 0 0 0 0 0 0 0 0 0 0
0 0 0 1 0 0 0 0 0 0 0 0 0 0
0 0 0 1 0 0 0 0 0 0 0 0 0 0
0 0 0 1 0 0 0 0 0 0 0 0 0 0
0 0 0 0 0 0 0 0 0 0 0 0 0 0
0 0 0 1 0 0 0 0 0 0 0 0 0 0
0 0 0 1 0 0 0 0 0 0 0 0 0 0
15 7
0 1 1 0 1 0 0 0 1 0 0 1 0 1 1
1 0 1 1 0 0 1 1 1 1 1 1 1 1 1
1 1 0 1 1 0 1 1 1 1 0 1 1 1 0
0 1 1 0 1 0 0 0 1 0 0 1 1 1 0
1 0 1 1 0 1 1 0 0 1 1 1 1 1 1
0 0 0 0 1 0 0 0 0 0 0 1 1 1 1
0 1 1 0 1 0 0 0 1 0 0 1 1 1 1
0 1 1 0 0 0 0 0 1 0 0 1 1 0 1
1 1 1 1 0 0 1 1 0 1 1 1 1 0 1
0 1 1 0 1 0 0 0 1 0 0 1 1 0 1
0 1 0 0 1 0 0 0 1 0 0 0 0 0 1
1 1 1 1 1 1 1 1 1 1 0 0 1 1 1
0 1 1 1 1 1 1 1 1 1 0 1 0 0 1
1 1 1 1 1 1 1 0 0 0 0 1 0 0 1
1 1 0 0 1 1 1 1 1 1 1 1 1 1 0
5 3
0 0 0 0 1
0 0 1 0 1
0 1 0 1 1
0 0 1 0 1
1 1 1 1 0
5 2
0 0 1 1 1
0 0 1 1 1
1 1 0 1 1
1 1 1 0 0
1 1 1 0 0
11 10
0 0 1 0 0 0 0 0 0 0 0
0 0 0 0 0 0 0 0 0 0 0
1 0 0 1 1 1 1 1 0 1 1
0 0 1 0 0 0 0 0 0 0 0
0 0 1 0 0 0 0 0 0 0 0
0 0 1 0 0 0 0 0 0 0 0
0 0 1 0 0 0 0 0 0 0 0
0 0 1 0 0 0 0 0 0 0 0
0 0 0 0 0 0 0 0 0 0 0
0 0 1 0 0 0 0 0 0 0 0
0 0 1 0 0 0 0 0 0 0 0
9 2
0 1 1 1 0 0 1 0 0
1 0 1 1 1 1 0 1 1
1 1 0 1 1 1 0 0 1
1 1 1 0 1 1 0 1 1
0 1 1 1 0 1 1 1 1
0 1 1 1 1 0 1 1 0
1 0 0 0 1 1 0 1 1
0 1 0 1 1 1 1 0 1
0 1 1 1 1 0 1 1 0
11 6
0 0 0 1 1 0 1 0 1 0 1
0 0 0 1 1 0 1 0 1 0 1
0 0 0 1 1 0 1 0 1 0 1
1 1 1 0 1 1 1 1 1 1 1
1 1 1 1 0 1 1 1 1 1 1
0 0 0 1 1 0 1 0 1 0 1
1 1 1 1 1 1 0 1 1 1 1
0 0 0 1 1 0 1 0 1 0 1
1 1 1 1 1 1 1 1 0 0 1
0 0 0 1 1 0 1 0 0 0 1
1 1 1 1 1 1 1 1 1 1 0
8 5
0 1 1 0 1 0 1 0
1 0 1 1 0 1 1 0
1 1 0 1 1 1 1 1
0 1 1 0 0 0 0 0
1 0 1 0 0 0 0 0
0 1 1 0 0 0 0 0
1 1 1 0 0 0 0 0
0 0 1 0 0 0 0 0
6 2
0 1 1 1 1 1
1 0 1 1 1 1
1 1 0 1 0 1
1 1 1 0 1 1
1 1 0 1 0 1
1 1 1 1 1 0
13 10
0 0 1 0 0 0 1 0 0 0 1 0 0
0 0 1 0 0 0 1 0 0 0 1 0 0
1 1 0 1 0 1 0 1 1 1 0 1 1
0 0 1 0 0 0 1 0 0 0 1 0 0
0 0 0 0 0 0 1 0 0 0 1 0 0
0 0 1 0 0 0 1 0 0 0 1 0 0
1 1 0 1 1 1 0 0 1 0 1 1 1
0 0 1 0 0 0 0 0 0 0 1 0 0
0 0 1 0 0 0 1 0 0 0 1 0 0
0 0 1 0 0 0 0 0 0 0 1 0 0
1 1 0 1 1 1 1 1 1 1 0 1 1
0 0 1 0 0 0 1 0 0 0 1 0 0
0 0 1 0 0 0 1 0 0 0 1 0 0
5 2
0 1 1 1 1
1 0 0 1 1
1 0 0 1 1
1 1 1 0 1
1 1 1 1 0
13 12
0 0 0 0 0 0 0 0 0 0 0 0 0
0 0 0 0 0 0 0 1 0 0 0 0 0
0 0 0 0 0 0 0 1 0 0 0 0 0
0 0 0 0 0 0 0 1 0 0 0 0 0
0 0 0 0 0 0 0 1 0 0 0 0 0
0 0 0 0 0 0 0 1 0 0 0 0 0
0 0 0 0 0 0 0 1 0 0 0 0 0
0 1 1 1 1 1 1 0 1 1 1 0 1
0 0 0 0 0 0 0 1 0 0 0 0 0
0 0 0 0 0 0 0 1 0 0 0 0 0
0 0 0 0 0 0 0 1 0 0 0 0 0
0 0 0 0 0 0 0 0 0 0 0 0 0
0 0 0 0 0 0 0 1 0 0 0 0 0
5 2
0 1 1 0 1
1 0 1 1 1
1 1 0 1 1
0 1 1 0 1
1 1 1 1 0
5 3
0 1 0 1 0
1 0 1 1 1
0 1 0 1 0
1 1 1 0 1
0 1 0 1 0
13 4
0 1 1 1 1 1 1 1 1 1 1 1 1
1 0 1 0 1 1 1 1 0 1 0 1 1
1 1 0 1 1 1 1 1 1 1 1 1 1
1 0 1 0 1 1 1 1 0 0 0 0 1
1 1 1 1 0 1 1 1 1 1 1 1 1
1 1 1 1 1 0 1 1 1 1 1 1 1
1 1 1 1 1 1 0 1 1 1 1 1 1
1 1 1 1 1 1 1 0 1 1 1 1 1
1 0 1 0 1 1 1 1 0 1 0 1 0
1 1 1 0 1 1 1 1 1 0 1 1 1
1 0 1 0 1 1 1 1 0 1 0 1 1
1 1 1 0 1 1 1 1 1 1 1 0 1
1 1 1 1 1 1 1 1 0 1 1 1 0
11 4
0 1 1 1 0 0 1 1 1 1 1
1 0 0 0 0 1 1 1 0 0 0
1 0 0 0 0 1 1 1 1 1 1
1 0 0 0 0 1 1 1 1 1 1
0 0 0 0 0 1 1 1 0 0 1
0 1 1 1 1 0 1 0 1 1 0
1 1 1 1 1 1 0 1 0 1 1
1 1 1 1 1 0 1 0 1 1 1
1 0 1 1 0 1 0 1 0 1 1
1 0 1 1 0 1 1 1 1 0 1
1 0 1 1 1 0 1 1 1 1 0
12 3
0 1 1 1 1 1 1 1 1 1 1 1
1 0 1 1 1 1 1 0 1 1 1 1
1 1 0 1 1 1 1 1 1 1 1 1
1 1 1 0 0 1 1 1 1 1 1 1
1 1 1 0 0 0 1 1 1 1 1 0
1 1 1 1 0 0 1 1 1 1 1 0
1 1 1 1 1 1 0 1 1 1 1 1
1 0 1 1 1 1 1 0 1 1 1 1
1 1 1 1 1 1 1 1 0 1 0 1
1 1 1 1 1 1 1 1 1 0 1 1
1 1 1 1 1 1 1 1 0 1 0 1
1 1 1 1 0 0 1 1 1 1 1 0
5 3
0 1 1 0 0
1 0 1 1 1
1 1 0 1 1
0 1 1 0 0
0 1 1 0 0
15 4
0 0 0 1 0 0 0 0 0 1 1 0 1 0 1
0 0 0 1 1 0 0 0 1 1 1 0 1 1 1
0 0 0 1 0 0 1 1 0 1 1 0 1 1 1
1 1 1 0 0 1 1 0 1 1 1 1 1 1 1
0 1 0 0 0 1 1 1 1 1 1 0 1 0 0
0 0 0 1 1 0 1 1 1 1 1 0 1 1 1
0 0 1 1 1 1 0 1 0 1 1 0 1 1 0
0 0 1 0 1 1 1 0 0 1 1 0 1 1 1
0 1 0 1 1 1 0 0 0 1 0 1 0 1 0
1 1 1 1 1 1 1 1 1 0 1 0 0 1 1
1 1 1 1 1 1 1 1 0 1 0 0 0 1 1
0 0 0 1 0 0 0 0 1 0 0 0 0 0 0
1 1 1 1 1 1 1 1 0 0 0 0 0 1 0
0 1 1 1 0 1 1 1 1 1 1 0 1 0 0
1 1 1 1 0 1 0 1 0 1 1 0 0 0 0
12 4
0 1 0 1 1 1 0 1 1 1 1 1
1 0 1 0 1 1 0 1 0 0 1 1
0 1 0 1 0 0 0 1 1 1 0 1
1 0 1 0 1 0 0 1 0 1 0 1
1 1 0 1 0 1 1 0 1 1 1 1
1 1 0 0 1 0 0 1 0 1 0 1
0 0 0 0 1 0 0 1 0 1 0 1
1 1 1 1 0 1 1 0 1 1 1 0
1 0 1 0 1 0 0 1 0 0 1 1
1 0 1 1 1 1 1 1 0 0 1 1
1 1 0 0 1 0 0 1 1 1 0 1
1 1 1 1 1 1 1 0 1 1 1 0
5 2
0 1 1 1 1
1 0 1 1 0
1 1 0 1 1
1 1 1 0 1
1 0 1 1 0
12 2
0 1 1 1 1 1 1 1 1 1 1 0
1 0 1 1 1 1 1 1 1 1 1 1
1 1 0 1 1 1 1 1 1 1 1 1
1 1 1 0 1 1 1 1 1 1 1 1
1 1 1 1 0 1 1 1 0 1 1 1
1 1 1 1 1 0 1 1 1 1 1 1
1 1 1 1 1 1 0 1 1 1 1 1
1 1 1 1 1 1 1 0 1 1 0 1
1 1 1 1 0 1 1 1 0 1 1 1
1 1 1 1 1 1 1 1 1 0 1 1
1 1 1 1 1 1 1 0 1 1 0 1
0 1 1 1 1 1 1 1 1 1 1 0
5 3
0 1 1 0 0
1 0 1 1 0
1 1 0 1 1
0 1 1 0 0
0 0 1 0 0
13 12
0 0 0 0 0 0 1 0 0 0 0 0 0
0 0 0 0 0 0 1 0 0 0 0 0 0
0 0 0 0 0 0 1 0 0 0 0 0 0
0 0 0 0 0 0 1 0 0 0 0 0 0
0 0 0 0 0 0 0 0 0 0 0 0 0
0 0 0 0 0 0 1 0 0 0 0 0 0
1 1 1 1 0 1 0 1 1 1 0 1 1
0 0 0 0 0 0 1 0 0 0 0 0 0
0 0 0 0 0 0 1 0 0 0 0 0 0
0 0 0 0 0 0 1 0 0 0 0 0 0
0 0 0 0 0 0 0 0 0 0 0 0 0
0 0 0 0 0 0 1 0 0 0 0 0 0
0 0 0 0 0 0 1 0 0 0 0 0 0
5 3
0 1 1 1 1
1 0 0 0 1
1 0 0 0 1
1 0 0 0 1
1 1 1 1 0
5 2
0 1 1 1 1
1 0 1 1 1
1 1 0 0 1
1 1 0 0 0
1 1 1 0 0
5 2
0 1 1 0 1
1 0 1 1 1
1 1 0 1 1
0 1 1 0 1
1 1 1 1 0
15 5
0 1 1 1 1 1 1 1 1 1 1 1 1 1 1
1 0 0 0 1 1 1 0 1 1 0 1 1 1 1
1 0 0 0 1 1 1 0 1 1 0 1 1 1 1
1 0 0 0 1 1 1 0 1 1 0 1 0 1 1
1 1 1 1 0 1 1 1 1 1 1 1 1 1 1
1 1 1 1 1 0 1 1 1 1 1 1 1 0 1
1 1 1 1 1 1 0 1 1 1 1 1 1 1 1
1 0 0 0 1 1 1 0 1 1 0 1 1 1 1
1 1 1 1 1 1 1 1 0 1 1 1 1 1 0
1 1 1 1 1 1 1 1 1 0 1 1 1 1 1
1 0 0 0 1 1 1 0 1 1 0 1 0 1 1
1 1 1 1 1 1 1 1 1 1 1 0 1 1 1
1 1 1 0 1 1 1 1 1 1 0 1 0 1 1
1 1 1 1 1 0 1 1 1 1 1 1 1 0 1
1 1 1 1 1 1 1 1 0 1 1 1 1 1 0
5 2
0 0 0 1 1
0 0 1 0 0
0 1 0 1 1
1 0 1 0 1
1 0 1 1 0
5 2
0 1 1 1 1
1 0 1 1 1
1 1 0 1 0
1 1 1 0 1
1 1 0 1 0
12 7
0 1 1 1 1 1 1 1 1 1 1 1
1 0 0 0 1 0 0 0 1 1 1 0
1 0 0 0 1 0 0 0 1 1 1 0
1 0 0 0 1 0 0 0 1 1 1 0
1 1 1 1 0 1 1 1 1 1 1 1
1 0 0 0 1 0 0 0 1 0 1 0
1 0 0 0 1 0 0 0 1 1 1 0
1 0 0 0 1 0 0 0 1 1 1 0
1 1 1 1 1 1 1 1 0 1 1 1
1 1 1 1 1 0 1 1 1 0 1 1
1 1 1 1 1 1 1 1 1 1 0 1
1 0 0 0 1 0 0 0 1 1 1 0
7 2
0 1 1 1 0 1 1
1 0 1 0 0 1 1
1 1 0 1 1 1 1
1 0 1 0 0 1 1
0 0 1 0 0 1 1
1 1 1 1 1 0 1
1 1 1 1 1 1 0
10 5
0 1 1 0 0 1 1 1 1 1
1 0 1 0 1 1 0 0 1 0
1 1 0 1 1 1 1 1 1 1
0 0 1 0 0 1 0 0 1 0
0 1 1 0 0 1 1 0 1 1
1 1 1 1 1 0 1 1 1 1
1 0 1 0 1 1 0 0 1 0
1 0 1 0 0 1 0 0 1 0
1 1 1 1 1 1 1 1 0 1
1 0 1 0 1 1 0 0 1 0
6 3
0 0 1 1 0 0
0 0 0 1 0 1
1 0 0 1 0 1
1 1 1 0 1 1
0 0 0 1 0 1
0 1 1 1 1 0
5 2
0 1 1 1 1
1 0 0 1 1
1 0 0 1 1
1 1 1 0 1
1 1 1 1 0
16 7
0 1 0 0 1 0 0 1 1 1 0 1 1 1 0 0
1 0 0 0 1 1 1 0 1 1 1 0 0 1 1 1
0 0 0 0 1 0 0 1 1 1 0 1 0 1 0 0
0 0 0 0 1 0 0 1 1 1 0 0 1 0 1 0
1 1 1 1 0 1 1 1 1 0 0 0 0 0 0 1
0 1 0 0 1 0 0 1 1 1 0 1 0 0 1 0
0 1 0 0 1 0 0 1 1 0 0 1 0 0 1 0
1 0 1 1 1 1 1 0 1 1 1 1 1 0 1 1
1 1 1 1 1 1 1 1 0 0 1 0 0 1 1 1
1 1 1 1 0 1 0 1 0 0 0 1 1 1 0 1
0 1 0 0 0 0 0 1 1 0 0 1 1 1 0 0
1 0 1 0 0 1 1 1 0 1 1 0 1 1 1 1
1 0 0 1 0 0 0 1 0 1 1 1 0 1 1 1
1 1 1 0 0 0 0 0 1 1 1 1 1 0 1 1
0 1 0 1 0 1 1 1 1 0 0 1 1 1 0 1
0 1 0 0 1 0 0 1 1 1 0 1 1 1 1 0
6 2
0 1 1 1 1 1
1 0 1 1 1 1
1 1 0 1 1 1
1 1 1 0 0 1
1 1 1 0 0 1
1 1 1 1 1 0
9 7
0 0 0 0 1 1 0 0 0
0 0 0 0 0 1 0 0 0
0 0 0 0 1 1 0 0 0
0 0 0 0 1 1 0 0 0
1 0 1 1 0 1 1 1 1
1 1 1 1 1 0 1 1 1
0 0 0 0 1 1 0 0 0
0 0 0 0 1 1 0 0 0
0 0 0 0 1 1 0 0 0
16 6
0 1 0 1 1 1 1 1 1 1 1 1 0 1 1 1
1 0 0 1 1 1 1 1 1 1 1 1 1 0 1 1
0 0 0 1 1 1 1 1 1 1 1 1 1 1 1 1
1 1 1 0 1 1 1 1 1 1 1 1 1 1 1 1
1 1 1 1 0 1 1 1 1 0 1 1 1 1 1 1
1 1 1 1 1 0 1 0 0 0 1 1 1 1 0 0
1 1 1 1 1 1 0 1 1 1 1 1 1 1 1 1
1 1 1 1 1 0 1 0 0 0 1 1 1 0 0 0
1 1 1 1 1 0 1 0 0 0 1 1 1 1 0 0
1 1 1 1 0 0 1 0 0 0 1 1 1 0 0 0
1 1 1 1 1 1 1 1 1 1 0 1 1 1 1 1
1 1 1 1 1 1 1 1 1 1 1 0 1 1 1 1
0 1 1 1 1 1 1 1 1 1 1 1 0 1 1 1
1 0 1 1 1 1 1 0 1 0 1 1 1 0 1 1
1 1 1 1 1 0 1 0 0 0 1 1 1 1 0 0
1 1 1 1 1 0 1 0 0 0 1 1 1 1 0 0
15 2
0 0 0 0 1 0 0 1 1 0 1 1 1 0 1
0 0 1 0 1 1 1 0 1 1 0 1 1 1 1
0 1 0 1 1 0 1 1 1 1 1 1 1 1 1
0 0 1 0 0 1 0 1 1 1 1 1 1 1 1
1 1 1 0 0 0 1 1 1 1 0 0 1 1 1
0 1 0 1 0 0 1 1 1 1 1 1 1 0 0
0 1 1 0 1 1 0 1 0 1 1 0 1 1 0
1 0 1 1 1 1 1 0 1 1 1 1 1 1 1
1 1 1 1 1 1 0 1 0 0 1 1 1 1 1
0 1 1 1 1 1 1 1 0 0 1 1 1 1 1
1 0 1 1 0 1 1 1 1 1 0 1 1 1 1
1 1 1 1 0 1 0 1 1 1 1 0 1 1 1
1 1 1 1 1 1 1 1 1 1 1 1 0 1 1
0 1 1 1 1 0 1 1 1 1 1 1 1 0 1
1 1 1 1 1 0 0 1 1 1 1 1 1 1 0
5 3
0 1 1 1 1
1 0 0 0 0
1 0 0 1 0
1 0 1 0 1
1 0 0 1 0
14 11
0 1 1 1 0 0 0 0 0 0 0 0 0 0
1 0 1 1 1 1 1 1 1 1 1 1 1 0
1 1 0 1 1 1 1 1 1 1 1 1 1 1
1 1 1 0 1 1 1 1 1 1 1 1 1 1
0 1 1 1 0 0 0 0 0 0 0 0 0 0
0 1 1 1 0 0 0 0 0 0 0 0 0 0
0 1 1 1 0 0 0 0 0 0 0 0 0 0
0 1 1 1 0 0 0 0 0 0 0 0 0 0
0 1 1 1 0 0 0 0 0 0 0 0 0 0
0 1 1 1 0 0 0 0 0 0 0 0 0 0
0 1 1 1 0 0 0 0 0 0 0 0 0 0
0 1 1 1 0 0 0 0 0 0 0 0 0 0
0 1 1 1 0 0 0 0 0 0 0 0 0 0
0 0 1 1 0 0 0 0 0 0 0 0 0 0
12 4
0 0 1 1 1 1 1 0 1 1 0 1
0 0 1 1 1 1 1 0 1 0 0 1
1 1 0 1 1 1 1 1 1 1 0 1
1 1 1 0 1 1 0 1 1 1 1 1
1 1 1 1 0 1 1 1 1 1 1 1
1 1 1 1 1 0 1 1 1 1 0 0
1 1 1 0 1 1 0 1 1 0 1 0
0 0 1 1 1 1 1 0 1 0 0 1
1 1 1 1 1 1 1 1 0 1 1 1
1 0 1 1 1 1 0 0 1 0 1 1
0 0 0 1 1 0 1 0 1 1 0 1
1 1 1 1 1 0 0 1 1 1 1 0
12 6
0 1 1 1 1 0 1 0 1 1 0 1
1 0 0 0 1 1 0 1 1 0 0 0
1 0 0 0 0 1 1 0 1 1 1 1
1 0 0 0 1 1 0 0 1 0 0 0
1 1 0 1 0 0 1 1 1 1 1 1
0 1 1 1 0 0 1 1 1 0 1 1
1 0 1 0 1 1 0 0 1 0 0 0
0 1 0 0 1 1 0 0 0 0 1 0
1 1 1 1 1 1 1 0 0 1 1 0
1 0 1 0 1 0 0 0 1 0 0 0
0 0 1 0 1 1 0 1 1 0 0 0
1 0 1 0 1 1 0 0 0 0 0 0
14 7
0 1 1 1 1 1 1 1 1 0 1 1 1 1
1 0 1 0 0 0 1 0 1 1 0 0 1 1
1 1 0 1 1 1 1 1 1 1 1 0 1 1
1 0 1 0 0 0 1 0 1 1 0 0 1 1
1 0 1 0 0 0 1 0 1 1 0 0 1 1
1 0 1 0 0 0 1 0 1 1 0 0 1 1
1 1 1 1 1 1 0 1 1 1 1 1 1 1
1 0 1 0 0 0 1 0 1 1 0 0 1 1
1 1 1 1 1 1 1 1 0 1 1 1 1 1
0 1 1 1 1 1 1 1 1 0 1 1 1 1
1 0 1 0 0 0 1 0 1 1 0 0 1 1
1 0 0 0 0 0 1 0 1 1 0 0 1 1
1 1 1 1 1 1 1 1 1 1 1 1 0 1
1 1 1 1 1 1 1 1 1 1 1 1 1 0
5 2
0 1 1 0 1
1 0 1 1 1
1 1 0 1 1
0 1 1 0 1
1 1 1 1 0
5 2
0 1 1 0 0
1 0 1 1 1
1 1 0 0 1
0 1 0 0 1
0 1 1 1 0
8 6
0 0 0 1 0 1 0 0
0 0 0 1 0 0 0 0
0 0 0 1 0 1 0 0
1 1 1 0 1 1 1 0
0 0 0 1 0 1 0 0
1 0 1 1 1 0 1 1
0 0 0 1 0 1 0 0
0 0 0 0 0 1 0 0
5 3
0 1 0 0 1
1 0 1 1 1
0 1 0 0 1
0 1 0 0 1
1 1 1 1 0
6 4
0 0 1 0 0 1
0 0 1 0 0 0
1 1 0 1 1 1
0 0 1 0 0 1
0 0 1 0 0 1
1 0 1 1 1 0
5 2
0 0 1 0 1
0 0 1 1 1
1 1 0 1 1
0 1 1 0 1
1 1 1 1 0
5 2
0 1 1 1 1
1 0 1 1 0
1 1 0 1 1
1 1 1 0 1
1 0 1 1 0
6 5
0 0 1 0 0 0
0 0 1 0 0 0
1 1 0 1 1 1
0 0 1 0 0 0
0 0 1 0 0 0
0 0 1 0 0 0
8 2
0 1 1 0 1 0 0 1
1 0 1 1 1 0 0 1
1 1 0 1 1 1 1 1
0 1 1 0 0 1 1 1
1 1 1 0 0 1 1 1
0 0 1 1 1 0 1 1
0 0 1 1 1 1 0 0
1 1 1 1 1 1 0 0
11 2
0 1 1 1 1 0 0 1 1 1 1
1 0 1 1 1 1 1 1 1 1 1
1 1 0 1 1 1 1 1 1 1 1
1 1 1 0 1 1 1 1 1 0 1
1 1 1 1 0 0 1 1 1 0 1
0 1 1 1 0 0 1 1 1 1 1
0 1 1 1 1 1 0 1 1 1 0
1 1 1 1 1 1 1 0 1 1 1
1 1 1 1 1 1 1 1 0 1 0
1 1 1 0 0 1 1 1 1 0 1
1 1 1 1 1 1 0 1 0 1 0
7 5
0 1 1 0 0 0 0
1 0 1 1 1 1 1
1 1 0 1 1 1 1
0 1 1 0 0 0 0
0 1 1 0 0 0 0
0 1 1 0 0 0 0
0 1 1 0 0 0 0
6 6
0 0 0 0 0 0
0 0 0 0 0 0
0 0 0 0 0 0
0 0 0 0 0 0
0 0 0 0 0 0
0 0 0 0 0 0
6 6
0 0 0 0 0 0
0 0 0 0 0 0
0 0 0 0 0 0
0 0 0 0 0 0
0 0 0 0 0 0
0 0 0 0 0 0
5 2
0 1 1 0 0
1 0 1 0 1
1 1 0 1 1
0 0 1 0 1
0 1 1 1 0
5 2
0 1 1 1 1
1 0 1 1 1
1 1 0 0 1
1 1 0 0 0
1 1 1 0 0
12 3
0 0 1 1 1 1 0 1 1 1 1 0
0 0 1 0 1 1 1 1 0 1 1 0
1 1 0 1 0 1 1 1 1 1 1 1
1 0 1 0 1 1 0 1 1 1 0 0
1 1 0 1 0 1 1 0 1 0 1 1
1 1 1 1 1 0 1 1 1 1 0 1
0 1 1 0 1 1 0 0 1 0 1 0
1 1 1 1 0 1 0 0 1 0 1 1
1 0 1 1 1 1 1 1 0 1 1 1
1 1 1 1 0 1 0 0 1 0 1 0
1 1 1 0 1 0 1 1 1 1 0 0
0 0 1 0 1 1 0 1 1 0 0 0
5 2
0 1 1 1 1
1 0 0 1 0
1 0 0 1 1
1 1 1 0 1
1 0 1 1 0
15 12
0 0 1 1 0 1 0 1 1 0 1 1 1 0 0
0 0 0 0 0 1 0 0 0 0 0 0 0 0 0
1 0 0 1 0 0 0 1 1 0 1 0 0 0 0
1 0 1 0 0 1 0 0 0 0 0 0 0 0 0
0 0 0 0 0 1 0 0 0 0 0 0 0 0 0
1 1 0 1 1 0 1 1 1 1 0 1 1 1 0
0 0 0 0 0 1 0 0 0 0 0 0 0 0 0
1 0 1 0 0 1 0 0 0 0 0 0 0 0 0
1 0 1 0 0 1 0 0 0 0 0 0 0 0 0
0 0 0 0 0 1 0 0 0 0 0 0 0 0 0
1 0 1 0 0 0 0 0 0 0 0 0 0 0 0
1 0 0 0 0 1 0 0 0 0 0 0 0 0 0
1 0 0 0 0 1 0 0 0 0 0 0 0 0 0
0 0 0 0 0 1 0 0 0 0 0 0 0 0 0
0 0 0 0 0 0 0 0 0 0 0 0 0 0 0
10 3
0 0 1 1 1 1 1 1 1 1
0 0 1 1 1 1 1 1 1 1
1 1 0 1 1 1 1 0 0 1
1 1 1 0 1 1 1 1 1 1
1 1 1 1 0 1 1 1 1 1
1 1 1 1 1 0 1 1 1 1
1 1 1 1 1 1 0 1 1 1
1 1 0 1 1 1 1 0 0 1
1 1 0 1 1 1 1 0 0 1
1 1 1 1 1 1 1 1 1 0
14 8
0 1 1 0 0 0 0 1 0 0 0 1 1 1
1 0 1 1 1 1 1 1 1 1 1 1 1 1
1 1 0 1 0 1 1 1 0 1 1 0 1 1
0 1 1 0 0 0 0 1 0 0 0 1 1 0
0 1 0 0 0 0 0 1 0 0 0 1 1 1
0 1 1 0 0 0 0 1 0 0 0 1 1 1
0 1 1 0 0 0 0 1 0 0 0 1 1 1
1 1 1 1 1 1 1 0 1 1 1 1 1 1
0 1 0 0 0 0 0 1 0 0 0 1 1 1
0 1 1 0 0 0 0 1 0 0 0 1 1 0
0 1 1 0 0 0 0 1 0 0 0 1 1 1
1 1 0 1 1 1 1 1 1 1 1 0 1 1
1 1 1 1 1 1 1 1 1 1 1 1 0 1
1 1 1 0 1 1 1 1 1 0 1 1 1 0
5 2
0 1 1 0 1
1 0 1 1 1
1 1 0 0 1
0 1 0 0 1
1 1 1 1 0
14 6
0 1 1 0 1 1 1 1 0 1 1 0 1 1
1 0 0 1 0 1 1 1 1 1 0 0 1 0
1 0 0 1 0 1 1 0 1 1 0 0 1 0
0 1 1 0 1 0 0 1 1 1 1 1 1 1
1 0 0 1 0 1 1 1 1 1 0 0 1 0
1 1 1 0 1 0 1 1 1 1 1 1 0 1
1 1 1 0 1 1 0 1 1 0 1 1 1 1
1 1 0 1 1 1 1 0 1 1 1 1 1 1
0 1 1 1 1 1 1 1 0 1 1 1 1 1
1 1 1 1 1 1 0 1 1 0 1 1 1 1
1 0 0 1 0 1 1 1 1 1 0 0 1 0
0 0 0 1 0 1 1 1 1 1 0 0 1 0
1 1 1 1 1 0 1 1 1 1 1 1 0 1
1 0 0 1 0 1 1 1 1 1 0 0 1 0
5 2
0 1 1 1 1
1 0 1 0 0
1 1 0 1 1
1 0 1 0 1
1 0 1 1 0
6 5
0 1 0 0 0 0
1 0 1 1 1 1
0 1 0 0 0 0
0 1 0 0 0 0
0 1 0 0 0 0
0 1 0 0 0 0
6 2
0 1 1 1 0 1
1 0 1 1 1 1
1 1 0 0 1 0
1 1 0 0 1 1
0 1 1 1 0 1
1 1 0 1 1 0
5 3
0 1 0 0 1
1 0 1 1 1
0 1 0 0 1
0 1 0 0 1
1 1 1 1 0
13 8
0 0 0 1 0 0 0 1 0 0 0 0 1
0 0 1 1 1 1 1 0 1 1 1 1 1
0 1 0 1 0 1 0 1 0 0 0 0 1
1 1 1 0 1 1 1 1 1 1 1 1 1
0 1 0 1 0 1 0 1 0 0 0 0 1
0 1 1 1 1 0 1 1 1 1 1 1 1
0 1 0 1 0 1 0 0 0 0 0 0 0
1 0 1 1 1 1 0 0 1 1 1 1 1
0 1 0 1 0 1 0 1 0 0 0 0 1
0 1 0 1 0 1 0 1 0 0 0 0 1
0 1 0 1 0 1 0 1 0 0 0 0 1
0 1 0 1 0 1 0 1 0 0 0 0 0
1 1 1 1 1 1 0 1 1 1 1 0 0
6 2
0 0 1 1 1 1
0 0 1 1 1 1
1 1 0 1 1 0
1 1 1 0 1 1
1 1 1 1 0 1
1 1 0 1 1 0
5 2
0 1 0 1 1
1 0 1 1 1
0 1 0 1 1
1 1 1 0 1
1 1 1 1 0
