5 2
0 1 1 1 0
1 0 1 1 1
1 1 0 1 1
1 1 1 0 1
0 1 1 1 0
8 4
0 1 1 0 1 1 1 1
1 0 0 1 1 0 0 1
1 0 0 1 1 0 0 1
0 1 1 0 1 1 1 1
1 1 1 1 0 1 1 1
1 0 0 1 1 0 0 1
1 0 0 1 1 0 0 1
1 1 1 1 1 1 1 0
7 2
0 1 1 1 1 1 1
1 0 1 1 1 1 1
1 1 0 1 0 1 0
1 1 1 0 1 1 1
1 1 0 1 0 1 1
1 1 1 1 1 0 1
1 1 0 1 1 1 0
12 7
0 1 1 0 1 1 1 0 0 1 0 1
1 0 0 1 1 1 0 1 0 1 1 1
1 0 0 0 0 0 0 1 1 0 0 1
0 1 0 0 0 0 0 1 1 0 0 1
1 1 0 0 0 0 0 0 1 0 0 0
1 1 0 0 0 0 0 1 0 0 0 1
1 0 0 0 0 0 0 0 1 0 0 0
0 1 1 1 0 1 0 0 0 0 1 1
0 0 1 1 1 0 1 0 0 1 1 1
1 1 0 0 0 0 0 0 1 0 0 1
0 1 0 0 0 0 0 1 1 0 0 1
1 1 1 1 0 1 0 1 1 1 1 0
5 2
0 1 1 1 0
1 0 0 1 1
1 0 0 1 0
1 1 1 0 0
0 1 0 0 0
11 8
0 0 1 0 0 0 0 0 0 0 1
0 0 1 0 0 0 0 0 0 0 1
1 1 0 0 1 1 1 0 1 1 1
0 0 0 0 0 1 0 0 0 0 0
0 0 1 0 0 1 0 0 0 0 1
0 0 1 1 1 0 0 0 1 1 1
0 0 1 0 0 0 0 0 0 0 0
0 0 0 0 0 0 0 0 0 0 1
0 0 1 0 0 1 0 0 0 0 1
0 0 1 0 0 1 0 0 0 0 0
1 1 1 0 1 1 0 1 1 0 0
5 2
0 1 1 1 1
1 0 0 1 1
1 0 0 1 1
1 1 1 0 1
1 1 1 1 0
9 8
0 0 0 0 0 0 0 1 0
0 0 0 0 0 0 0 1 0
0 0 0 0 0 0 0 0 0
0 0 0 0 0 0 0 1 0
0 0 0 0 0 0 0 1 0
0 0 0 0 0 0 0 1 0
0 0 0 0 0 0 0 1 0
1 1 0 1 1 1 1 0 0
0 0 0 0 0 0 0 0 0
5 2
0 1 1 0 1
1 0 1 1 1
1 1 0 1 1
0 1 1 0 1
1 1 1 1 0
16 16
0 0 0 0 0 0 0 0 0 0 0 0 0 0 0 0
0 0 0 0 0 0 0 0 0 0 0 0 0 0 0 0
0 0 0 0 0 0 0 0 0 0 0 0 0 0 0 0
0 0 0 0 0 0 0 0 0 0 0 0 0 0 0 0
0 0 0 0 0 0 0 0 0 0 0 0 0 0 0 0
0 0 0 0 0 0 0 0 0 0 0 0 0 0 0 0
0 0 0 0 0 0 0 0 0 0 0 0 0 0 0 0
0 0 0 0 0 0 0 0 0 0 0 0 0 0 0 0
0 0 0 0 0 0 0 0 0 0 0 0 0 0 0 0
0 0 0 0 0 0 0 0 0 0 0 0 0 0 0 0
0 0 0 0 0 0 0 0 0 0 0 0 0 0 0 0
0 0 0 0 0 0 0 0 0 0 0 0 0 0 0 0
0 0 0 0 0 0 0 0 0 0 0 0 0 0 0 0
0 0 0 0 0 0 0 0 0 0 0 0 0 0 0 0
0 0 0 0 0 0 0 0 0 0 0 0 0 0 0 0
0 0 0 0 0 0 0 0 0 0 0 0 0 0 0 0
12 4
0 1 1 1 1 1 1 1 1 1 1 1
1 0 1 1 0 1 1 1 1 1 1 0
1 1 0 1 0 0 1 1 1 1 1 0
1 1 1 0 1 1 1 1 1 1 1 1
1 0 0 1 0 0 1 1 1 1 1 0
1 1 0 1 0 0 1 1 1 1 1 0
1 1 1 1 1 1 0 0 1 1 0 1
1 1 1 1 1 1 0 0 1 1 1 1
1 1 1 1 1 1 1 1 0 1 1 1
1 1 1 1 1 1 1 1 1 0 1 1
1 1 1 1 1 1 0 1 1 1 0 1
1 0 0 1 0 0 1 1 1 1 1 0
8 8
0 0 0 0 0 0 0 0
0 0 0 0 0 0 0 0
0 0 0 0 0 0 0 0
0 0 0 0 0 0 0 0
0 0 0 0 0 0 0 0
0 0 0 0 0 0 0 0
0 0 0 0 0 0 0 0
0 0 0 0 0 0 0 0
10 2
0 1 0 1 1 1 0 1 1 1
1 0 0 1 1 1 0 1 1 1
0 0 0 1 1 0 1 1 1 1
1 1 1 0 0 1 1 0 0 1
1 1 1 0 0 1 1 1 1 1
1 1 0 1 1 0 0 1 1 1
0 0 1 1 1 0 0 1 0 1
1 1 1 0 1 1 1 0 1 1
1 1 1 0 1 1 0 1 0 1
1 1 1 1 1 1 1 1 1 0
14 2
0 1 1 0 1 1 0 1 1 0 1 1 1 1
1 0 1 1 1 1 1 1 1 1 1 1 1 1
1 1 0 0 1 1 1 1 1 0 1 1 1 1
0 1 0 0 1 1 1 1 0 1 1 1 1 1
1 1 1 1 0 1 1 1 1 0 1 1 1 1
1 1 1 1 1 0 1 1 1 1 1 1 1 1
0 1 1 1 1 1 0 1 1 0 0 0 1 1
1 1 1 1 1 1 1 0 1 0 1 1 1 1
1 1 1 0 1 1 1 1 0 1 1 1 1 1
0 1 0 1 0 1 0 0 1 0 0 1 0 0
1 1 1 1 1 1 0 1 1 0 0 1 1 1
1 1 1 1 1 1 0 1 1 1 1 0 0 1
1 1 1 1 1 1 1 1 1 0 1 0 0 1
1 1 1 1 1 1 1 1 1 0 1 1 1 0
16 2
0 1 1 1 1 1 1 1 1 1 0 0 1 1 0 1
1 0 1 1 1 1 1 1 1 1 1 1 0 1 1 1
1 1 0 1 1 1 1 1 1 1 0 1 1 1 1 1
1 1 1 0 1 1 1 1 0 1 1 1 1 1 1 1
1 1 1 1 0 1 1 1 1 1 1 1 1 1 1 1
1 1 1 1 1 0 0 1 1 0 1 1 1 1 1 1
1 1 1 1 1 0 0 1 1 1 1 1 0 1 1 1
1 1 1 1 1 1 1 0 1 0 1 1 0 1 1 1
1 1 1 0 1 1 1 1 0 0 1 1 1 1 1 1
1 1 1 1 1 0 1 0 0 0 1 0 1 1 1 1
0 1 0 1 1 1 1 1 1 1 0 1 1 1 1 1
0 1 1 1 1 1 1 1 1 0 1 0 1 1 1 1
1 0 1 1 1 1 0 0 1 1 1 1 0 1 1 1
1 1 1 1 1 1 1 1 1 1 1 1 1 0 0 1
0 1 1 1 1 1 1 1 1 1 1 1 1 0 0 1
1 1 1 1 1 1 1 1 1 1 1 1 1 1 1 0
13 2
0 1 1 1 1 1 1 1 1 1 1 1 1
1 0 0 1 1 1 1 1 1 1 1 0 1
1 0 0 1 1 1 1 1 1 1 1 1 1
1 1 1 0 1 1 1 1 1 1 1 1 1
1 1 1 1 0 1 1 1 1 1 1 1 1
1 1 1 1 1 0 1 1 1 1 1 1 1
1 1 1 1 1 1 0 1 1 1 1 1 1
1 1 1 1 1 1 1 0 1 1 1 1 1
1 1 1 1 1 1 1 1 0 1 1 1 1
1 1 1 1 1 1 1 1 1 0 0 1 1
1 1 1 1 1 1 1 1 1 0 0 1 1
1 0 1 1 1 1 1 1 1 1 1 0 1
1 1 1 1 1 1 1 1 1 1 1 1 0
5 2
0 1 1 0 1
1 0 1 1 1
1 1 0 1 1
0 1 1 0 1
1 1 1 1 0
7 3
0 1 1 1 1 1 0
1 0 1 1 1 1 1
1 1 0 1 0 0 1
1 1 1 0 1 1 1
1 1 0 1 0 0 1
1 1 0 1 0 0 1
0 1 1 1 1 1 0
16 2
0 1 1 0 1 1 1 1 0 1 0 1 1 0 0 1
1 0 1 0 0 0 1 1 1 1 1 0 1 1 1 1
1 1 0 1 0 0 1 1 0 1 1 1 0 1 1 1
0 0 1 0 1 1 1 1 1 1 1 1 1 1 0 1
1 0 0 1 0 1 0 1 0 0 1 1 1 1 0 1
1 0 0 1 1 0 1 1 0 0 0 1 1 0 1 1
1 1 1 1 0 1 0 1 1 0 0 1 1 1 1 0
1 1 1 1 1 1 1 0 1 0 1 1 1 1 0 1
0 1 0 1 0 0 1 1 0 1 1 1 1 1 1 1
1 1 1 1 0 0 0 0 1 0 0 1 0 0 1 1
0 1 1 1 1 0 0 1 1 0 0 0 1 0 0 1
1 0 1 1 1 1 1 1 1 1 0 0 1 0 1 0
1 1 0 1 1 1 1 1 1 0 1 1 0 1 1 0
0 1 1 1 1 0 1 1 1 0 0 0 1 0 1 1
0 1 1 0 0 1 1 0 1 1 0 1 1 1 0 0
1 1 1 1 1 1 0 1 1 1 1 0 0 1 0 0
5 2
0 1 0 1 1
1 0 1 1 1
0 1 0 0 1
1 1 0 0 1
1 1 1 1 0
5 5
0 0 0 0 0
0 0 0 0 0
0 0 0 0 0
0 0 0 0 0
0 0 0 0 0
5 2
0 0 1 1 1
0 0 0 1 1
1 0 0 1 1
1 1 1 0 1
1 1 1 1 0
7 2
0 1 1 1 1 0 0
1 0 1 1 1 1 1
1 1 0 1 1 1 1
1 1 1 0 1 1 1
1 1 1 1 0 1 1
0 1 1 1 1 0 1
0 1 1 1 1 1 0
16 13
0 0 1 1 0 0 1 0 0 0 0 0 0 0 0 0
0 0 1 1 0 0 1 0 0 0 0 0 0 0 0 0
1 1 0 1 1 1 1 1 1 1 1 1 1 1 1 1
1 1 1 0 1 0 1 1 1 1 1 1 1 1 1 1
0 0 1 1 0 0 1 0 0 0 0 0 0 0 0 0
0 0 1 0 0 0 1 0 0 0 0 0 0 0 0 0
1 1 1 1 1 1 0 0 1 1 1 1 1 1 1 1
0 0 1 1 0 0 0 0 0 0 0 0 0 0 0 0
0 0 1 1 0 0 1 0 0 0 0 0 0 0 0 0
0 0 1 1 0 0 1 0 0 0 0 0 0 0 0 0
0 0 1 1 0 0 1 0 0 0 0 0 0 0 0 0
0 0 1 1 0 0 1 0 0 0 0 0 0 0 0 0
0 0 1 1 0 0 1 0 0 0 0 0 0 0 0 0
0 0 1 1 0 0 1 0 0 0 0 0 0 0 0 0
0 0 1 1 0 0 1 0 0 0 0 0 0 0 0 0
0 0 1 1 0 0 1 0 0 0 0 0 0 0 0 0
10 8
0 0 1 0 0 0 1 0 0 0
0 0 0 0 0 0 1 0 0 0
1 0 0 1 1 1 1 0 0 0
0 0 1 0 0 0 0 0 0 0
0 0 1 0 0 0 0 0 0 0
0 0 1 0 0 0 1 0 0 0
1 1 1 0 0 1 0 1 1 1
0 0 0 0 0 0 1 0 0 0
0 0 0 0 0 0 1 0 0 0
0 0 0 0 0 0 1 0 0 0
5 2
0 1 1 1 0
1 0 1 0 1
1 1 0 1 1
1 0 1 0 1
0 1 1 1 0
7 2
0 1 1 1 1 0 1
1 0 1 0 1 1 1
1 1 0 1 1 1 1
1 0 1 0 1 1 0
1 1 1 1 0 1 1
0 1 1 1 1 0 0
1 1 1 0 1 0 0
5 3
0 1 1 1 1
1 0 0 0 1
1 0 0 0 1
1 0 0 0 1
1 1 1 1 0
15 3
0 1 1 1 1 1 1 1 1 1 1 1 0 1 1
1 0 1 1 1 1 1 1 1 1 1 1 1 1 1
1 1 0 1 1 1 1 1 1 1 1 1 0 1 1
1 1 1 0 1 1 0 1 1 1 1 1 1 1 1
1 1 1 1 0 1 1 1 0 1 1 1 0 1 1
1 1 1 1 1 0 1 1 1 1 1 1 1 1 0
1 1 1 0 1 1 0 1 1 1 1 1 1 1 0
1 1 1 1 1 1 1 0 1 1 1 1 1 1 1
1 1 1 1 0 1 1 1 0 1 1 1 0 1 1
1 1 1 1 1 1 1 1 1 0 1 1 1 1 1
1 1 1 1 1 1 1 1 1 1 0 1 1 1 1
1 1 1 1 1 1 1 1 1 1 1 0 1 1 1
0 1 0 1 0 1 1 1 0 1 1 1 0 1 1
1 1 1 1 1 1 1 1 1 1 1 1 1 0 1
1 1 1 1 1 0 0 1 1 1 1 1 1 1 0
12 11
0 0 0 0 0 0 0 0 0 0 0 0
0 0 0 0 0 0 0 0 0 0 1 0
0 0 0 0 0 0 0 0 0 0 1 0
0 0 0 0 0 0 0 0 0 0 1 0
0 0 0 0 0 0 0 0 0 0 1 0
0 0 0 0 0 0 0 0 0 0 0 0
0 0 0 0 0 0 0 0 0 0 0 0
0 0 0 0 0 0 0 0 0 0 1 0
0 0 0 0 0 0 0 0 0 0 0 0
0 0 0 0 0 0 0 0 0 0 1 0
0 1 1 1 1 0 0 1 0 1 0 1
0 0 0 0 0 0 0 0 0 0 1 0
6 2
0 1 1 1 1 1
1 0 1 1 0 1
1 1 0 1 1 1
1 1 1 0 1 1
1 0 1 1 0 1
1 1 1 1 1 0
6 5
0 0 1 1 1 1
0 0 0 0 0 0
1 0 0 0 0 0
1 0 0 0 0 0
1 0 0 0 0 0
1 0 0 0 0 0
5 4
0 1 0 0 0
1 0 1 1 1
0 1 0 0 0
0 1 0 0 0
0 1 0 0 0
5 2
0 1 1 1 0
1 0 0 1 1
1 0 0 0 1
1 1 0 0 1
0 1 1 1 0
16 11
0 1 0 0 0 0 1 0 0 0 0 1 1 0 0 1
1 0 1 1 1 1 1 1 1 1 1 1 1 1 1 1
0 1 0 0 0 0 1 0 0 0 0 1 1 0 0 1
0 1 0 0 0 0 1 0 0 0 0 1 1 0 0 1
0 1 0 0 0 0 1 0 0 0 0 1 0 0 0 0
0 1 0 0 0 0 1 0 0 0 0 1 0 0 0 1
1 1 1 1 1 1 0 1 1 1 1 1 1 1 1 1
0 1 0 0 0 0 1 0 0 0 0 1 1 0 0 1
0 1 0 0 0 0 1 0 0 0 0 1 1 0 0 1
0 1 0 0 0 0 1 0 0 0 0 1 1 0 0 1
0 1 0 0 0 0 1 0 0 0 0 1 1 0 0 1
1 1 1 1 1 1 1 1 1 1 1 0 1 1 1 1
1 1 1 1 0 0 1 1 1 1 1 1 0 1 1 1
0 1 0 0 0 0 1 0 0 0 0 1 1 0 0 1
0 1 0 0 0 0 1 0 0 0 0 1 1 0 0 1
1 1 1 1 0 1 1 1 1 1 1 1 1 1 1 0
6 2
0 1 1 1 1 1
1 0 1 0 1 1
1 1 0 1 1 1
1 0 1 0 1 1
1 1 1 1 0 0
1 1 1 1 0 0
9 7
0 0 0 1 0 1 0 0 0
0 0 0 1 0 1 0 0 0
0 0 0 0 0 1 0 0 0
1 1 0 0 1 1 1 1 1
0 0 0 1 0 1 0 0 0
1 1 1 1 1 0 1 1 1
0 0 0 1 0 1 0 0 0
0 0 0 1 0 1 0 0 0
0 0 0 1 0 1 0 0 0
7 3
0 0 1 1 1 1 0
0 0 1 1 1 1 0
1 1 0 1 1 1 1
1 1 1 0 1 1 1
1 1 1 1 0 1 1
1 1 1 1 1 0 1
0 0 1 1 1 1 0
9 2
0 1 1 1 1 1 1 1 1
1 0 1 1 1 1 1 1 1
1 1 0 1 1 1 1 1 1
1 1 1 0 1 0 1 1 1
1 1 1 1 0 1 0 0 0
1 1 1 0 1 0 1 1 0
1 1 1 1 0 1 0 0 1
1 1 1 1 0 1 0 0 1
1 1 1 1 0 0 1 1 0
15 9
0 0 0 0 1 1 0 0 1 1 0 1 0 0 1
0 0 0 0 1 0 0 0 1 1 0 1 0 0 1
0 0 0 0 1 1 0 0 1 1 0 1 0 0 0
0 0 0 0 1 1 0 0 1 1 0 1 0 0 1
1 1 1 1 0 1 1 1 1 1 1 0 1 1 1
1 0 1 1 1 0 1 0 1 1 1 1 1 1 1
0 0 0 0 1 1 0 0 1 1 0 1 0 0 1
0 0 0 0 1 0 0 0 1 1 0 1 0 0 1
1 1 1 1 1 1 1 1 0 1 1 0 1 1 1
1 1 1 1 1 1 1 1 1 0 1 1 1 0 1
0 0 0 0 1 1 0 0 1 1 0 1 0 0 1
1 1 1 1 0 1 1 1 0 1 1 0 1 1 1
0 0 0 0 1 1 0 0 1 1 0 1 0 0 1
0 0 0 0 1 1 0 0 1 0 0 1 0 0 0
1 1 0 1 1 1 1 1 1 1 1 1 1 0 0
6 4
0 1 1 1 1 1
1 0 1 0 0 0
1 1 0 1 1 1
1 0 1 0 0 0
1 0 1 0 0 0
1 0 1 0 0 0
12 10
0 0 0 0 1 0 0 0 0 0 1 0
0 0 0 0 1 0 0 0 0 0 1 0
0 0 0 0 1 0 0 0 0 0 1 0
0 0 0 0 1 0 0 0 0 0 1 0
1 1 1 1 0 0 1 1 1 0 1 1
0 0 0 0 0 0 0 0 0 0 1 0
0 0 0 0 1 0 0 0 0 0 0 0
0 0 0 0 1 0 0 0 0 0 1 0
0 0 0 0 1 0 0 0 0 0 1 0
0 0 0 0 0 0 0 0 0 0 1 0
1 1 1 1 1 1 0 1 1 1 0 1
0 0 0 0 1 0 0 0 0 0 1 0
11 10
0 0 0 0 0 0 0 0 0 1 0
0 0 0 0 0 0 0 0 0 1 0
0 0 0 0 0 0 0 0 0 0 0
0 0 0 0 0 0 0 0 0 0 0
0 0 0 0 0 0 0 0 0 1 0
0 0 0 0 0 0 0 0 0 1 0
0 0 0 0 0 0 0 0 0 1 0
0 0 0 0 0 0 0 0 0 1 0
0 0 0 0 0 0 0 0 0 1 0
1 1 0 0 1 1 1 1 1 0 1
0 0 0 0 0 0 0 0 0 1 0
6 5
0 0 0 1 0 0
0 0 0 1 0 0
0 0 0 1 0 0
1 1 1 0 1 1
0 0 0 1 0 0
0 0 0 1 0 0
5 2
0 0 1 1 1
0 0 1 1 1
1 1 0 1 1
1 1 1 0 1
1 1 1 1 0
12 2
0 1 0 1 1 1 1 1 1 0 1 1
1 0 1 1 1 1 1 1 1 1 1 0
0 1 0 1 0 1 1 1 1 1 1 0
1 1 1 0 1 1 1 0 1 1 0 1
1 1 0 1 0 1 1 0 1 1 1 0
1 1 1 1 1 0 1 1 1 1 0 1
1 1 1 1 1 1 0 0 1 0 1 1
1 1 1 0 0 1 0 0 1 1 1 1
1 1 1 1 1 1 1 1 0 1 1 1
0 1 1 1 1 1 0 1 1 0 1 1
1 1 1 0 1 0 1 1 1 1 0 1
1 0 0 1 0 1 1 1 1 1 1 0
12 11
0 0 0 1 0 0 0 0 0 0 0 0
0 0 0 1 0 0 0 0 0 0 0 0
0 0 0 1 0 0 0 0 0 0 0 0
1 1 1 0 1 1 1 0 1 1 1 1
0 0 0 1 0 0 0 0 0 0 0 0
0 0 0 1 0 0 0 0 0 0 0 0
0 0 0 1 0 0 0 0 0 0 0 0
0 0 0 0 0 0 0 0 0 0 0 0
0 0 0 1 0 0 0 0 0 0 0 0
0 0 0 1 0 0 0 0 0 0 0 0
0 0 0 1 0 0 0 0 0 0 0 0
0 0 0 1 0 0 0 0 0 0 0 0
5 2
0 1 1 0 0
1 0 0 1 1
1 0 0 0 0
0 1 0 0 0
0 1 0 0 0
6 4
0 0 0 1 1 0
0 0 0 1 1 0
0 0 0 0 1 0
1 1 0 0 1 1
1 1 1 1 0 1
0 0 0 1 1 0
8 2
0 1 1 1 1 1 0 0
1 0 1 1 1 0 1 0
1 1 0 0 1 0 0 1
1 1 0 0 1 1 1 1
1 1 1 1 0 1 1 1
1 0 0 1 1 0 1 1
0 1 0 1 1 1 0 0
0 0 1 1 1 1 0 0
5 2
0 1 1 1 1
1 0 1 1 1
1 1 0 1 1
1 1 1 0 0
1 1 1 0 0
13 7
0 1 1 1 1 1 1 1 1 1 1 1 1
1 0 1 1 1 1 1 0 1 1 1 0 1
1 1 0 0 1 1 1 0 1 1 1 1 0
1 1 0 0 0 1 0 0 0 1 1 0 0
1 1 1 0 0 1 0 0 0 1 1 0 0
1 1 1 1 1 0 1 1 1 1 0 0 1
1 1 1 0 0 1 0 0 0 1 1 0 0
1 0 0 0 0 1 0 0 0 0 1 0 0
1 1 1 0 0 1 0 0 0 1 1 0 0
1 1 1 1 1 1 1 0 1 0 1 1 1
1 1 1 1 1 0 1 1 1 1 0 0 1
1 0 1 0 0 0 0 0 0 1 0 0 0
1 1 0 0 0 1 0 0 0 1 1 0 0
10 9
0 0 0 0 0 0 0 0 0 0
0 0 0 0 0 0 1 0 0 0
0 0 0 0 0 0 1 0 0 0
0 0 0 0 0 0 1 0 0 0
0 0 0 0 0 0 1 0 0 0
0 0 0 0 0 0 1 0 0 0
0 1 1 1 1 1 0 1 1 0
0 0 0 0 0 0 1 0 0 0
0 0 0 0 0 0 1 0 0 0
0 0 0 0 0 0 0 0 0 0
14 10
0 0 0 0 0 0 1 1 0 1 0 1 0 0
0 0 0 0 0 0 1 1 0 1 0 1 0 0
0 0 0 0 0 0 1 0 0 1 0 1 0 0
0 0 0 0 0 0 1 1 0 1 0 1 0 0
0 0 0 0 0 0 1 1 0 1 0 1 0 0
0 0 0 0 0 0 1 1 0 1 0 1 0 0
1 1 1 1 1 1 0 1 1 1 1 1 1 1
1 1 0 1 1 1 1 0 1 1 1 1 1 1
0 0 0 0 0 0 1 1 0 1 0 1 0 0
1 1 1 1 1 1 1 1 1 0 1 1 1 1
0 0 0 0 0 0 1 1 0 1 0 1 0 0
1 1 1 1 1 1 1 1 1 1 1 0 1 1
0 0 0 0 0 0 1 1 0 1 0 1 0 0
0 0 0 0 0 0 1 1 0 1 0 1 0 0
12 11
0 0 0 0 0 0 0 0 0 0 1 0
0 0 0 0 0 0 0 0 0 0 1 0
0 0 0 0 0 0 0 0 0 0 1 0
0 0 0 0 0 0 0 0 0 0 1 0
0 0 0 0 0 0 0 0 0 0 1 0
0 0 0 0 0 0 0 0 0 0 1 0
0 0 0 0 0 0 0 0 0 0 1 0
0 0 0 0 0 0 0 0 0 0 1 0
0 0 0 0 0 0 0 0 0 0 0 0
0 0 0 0 0 0 0 0 0 0 1 0
1 1 1 1 1 1 1 1 0 1 0 1
0 0 0 0 0 0 0 0 0 0 1 0
11 10
0 0 1 0 0 0 0 0 0 0 0
0 0 1 0 0 0 0 0 0 0 0
1 1 0 1 1 1 1 1 1 1 1
0 0 1 0 0 0 0 0 0 0 0
0 0 1 0 0 0 0 0 0 0 0
0 0 1 0 0 0 0 0 0 0 0
0 0 1 0 0 0 0 0 0 0 0
0 0 1 0 0 0 0 0 0 0 0
0 0 1 0 0 0 0 0 0 0 0
0 0 1 0 0 0 0 0 0 0 0
0 0 1 0 0 0 0 0 0 0 0
5 3
0 0 1 1 0
0 0 1 1 0
1 1 0 1 1
1 1 1 0 1
0 0 1 1 0
7 5
0 0 0 0 0 1 1
0 0 0 0 0 1 1
0 0 0 0 0 1 1
0 0 0 0 0 1 1
0 0 0 0 0 1 1
1 1 1 1 1 0 1
1 1 1 1 1 1 0
5 2
0 1 1 1 1
1 0 1 0 0
1 1 0 1 1
1 0 1 0 1
1 0 1 1 0
5 2
0 1 1 1 1
1 0 1 0 1
1 1 0 1 1
1 0 1 0 1
1 1 1 1 0
5 2
0 1 0 1 0
1 0 1 0 1
0 1 0 1 1
1 0 1 0 1
0 1 1 1 0
12 2
0 1 1 1 1 1 0 1 1 1 1 1
1 0 1 1 1 1 1 1 1 1 1 0
1 1 0 0 1 1 1 1 1 1 0 1
1 1 0 0 1 1 1 0 1 1 1 1
1 1 1 1 0 1 1 1 1 1 1 1
1 1 1 1 1 0 1 1 1 1 1 1
0 1 1 1 1 1 0 1 1 1 0 1
1 1 1 0 1 1 1 0 1 1 1 1
1 1 1 1 1 1 1 1 0 1 1 1
1 1 1 1 1 1 1 1 1 0 1 1
1 1 0 1 1 1 0 1 1 1 0 0
1 0 1 1 1 1 1 1 1 1 0 0
7 6
0 1 1 1 1 1 1
1 0 0 0 0 0 0
1 0 0 0 0 0 0
1 0 0 0 0 0 0
1 0 0 0 0 0 0
1 0 0 0 0 0 0
1 0 0 0 0 0 0
9 4
0 1 0 1 1 1 0 0 1
1 0 1 1 1 1 1 1 1
0 1 0 0 1 1 0 0 1
1 1 0 0 1 1 1 1 1
1 1 1 1 0 1 1 1 1
1 1 1 1 1 0 1 0 1
0 1 0 1 1 1 0 0 1
0 1 0 1 1 0 0 0 1
1 1 1 1 1 1 1 1 0
5 2
0 1 1 1 1
1 0 1 1 1
1 1 0 1 1
1 1 1 0 0
1 1 1 0 0
5 2
0 1 0 1 1
1 0 1 1 1
0 1 0 1 1
1 1 1 0 1
1 1 1 1 0
10 2
0 1 0 1 1 0 1 1 1 1
1 0 1 1 1 0 1 1 1 1
0 1 0 1 1 1 1 0 0 1
1 1 1 0 1 1 0 1 1 1
1 1 1 1 0 1 1 1 1 0
0 0 1 1 1 0 1 1 0 0
1 1 1 0 1 1 0 1 1 0
1 1 0 1 1 1 1 0 1 1
1 1 0 1 1 0 1 1 0 1
1 1 1 1 0 0 0 1 1 0
14 2
0 1 1 1 1 1 1 1 1 1 1 1 1 1
1 0 1 1 1 1 1 1 1 1 1 1 1 1
1 1 0 1 1 1 1 1 1 1 1 1 1 1
1 1 1 0 1 1 1 1 1 1 1 1 0 1
1 1 1 1 0 1 1 1 1 1 1 1 1 0
1 1 1 1 1 0 1 1 1 1 1 1 1 1
1 1 1 1 1 1 0 1 0 1 1 1 1 1
1 1 1 1 1 1 1 0 1 1 1 1 1 1
1 1 1 1 1 1 0 1 0 1 1 1 1 1
1 1 1 1 1 1 1 1 1 0 1 1 1 0
1 1 1 1 1 1 1 1 1 1 0 1 1 1
1 1 1 1 1 1 1 1 1 1 1 0 1 1
1 1 1 0 1 1 1 1 1 1 1 1 0 1
1 1 1 1 0 1 1 1 1 0 1 1 1 0
6 6
0 0 0 0 0 0
0 0 0 0 0 0
0 0 0 0 0 0
0 0 0 0 0 0
0 0 0 0 0 0
0 0 0 0 0 0
5 2
0 1 1 0 0
1 0 1 1 0
1 1 0 1 1
0 1 1 0 1
0 0 1 1 0
9 3
0 1 1 1 1 1 1 1 1
1 0 1 1 1 0 1 0 1
1 1 0 1 1 1 1 1 1
1 1 1 0 1 1 1 1 1
1 1 1 1 0 1 1 1 1
1 0 1 1 1 0 1 0 1
1 1 1 1 1 1 0 1 1
1 0 1 1 1 0 1 0 1
1 1 1 1 1 1 1 1 0
10 2
0 1 1 1 1 1 0 1 1 1
1 0 1 1 1 1 1 1 1 1
1 1 0 1 1 1 1 1 1 1
1 1 1 0 1 1 1 1 1 1
1 1 1 1 0 1 1 1 1 1
1 1 1 1 1 0 1 1 1 1
0 1 1 1 1 1 0 1 1 0
1 1 1 1 1 1 1 0 1 1
1 1 1 1 1 1 1 1 0 1
1 1 1 1 1 1 0 1 1 0
5 2
0 1 1 1 1
1 0 1 1 1
1 1 0 1 1
1 1 1 0 0
1 1 1 0 0
5 2
0 1 0 1 1
1 0 1 1 1
0 1 0 1 1
1 1 1 0 1
1 1 1 1 0
8 6
0 0 0 0 0 1 0 1
0 0 0 0 0 1 0 1
0 0 0 0 0 0 0 1
0 0 0 0 0 1 0 1
0 0 0 0 0 1 0 1
1 1 0 1 1 0 1 1
0 0 0 0 0 1 0 1
1 1 1 1 1 1 1 0
12 9
0 1 0 0 1 0 0 0 0 0 1 0
1 0 1 1 1 1 1 1 1 1 1 1
0 1 0 0 1 0 0 0 0 0 1 0
0 1 0 0 1 0 0 0 0 0 1 0
1 1 1 1 0 1 1 1 1 1 1 0
0 1 0 0 1 0 0 0 0 0 1 0
0 1 0 0 1 0 0 0 0 0 1 0
0 1 0 0 1 0 0 0 0 0 1 0
0 1 0 0 1 0 0 0 0 0 1 0
0 1 0 0 1 0 0 0 0 0 1 0
1 1 1 1 1 1 1 1 1 1 0 1
0 1 0 0 0 0 0 0 0 0 1 0
10 6
0 0 1 1 0 0 0 0 0 0
0 0 1 1 0 0 0 1 1 0
1 1 0 1 1 1 1 1 1 1
1 1 1 0 1 1 1 1 1 1
0 0 1 1 0 0 0 1 1 0
0 0 1 1 0 0 0 1 1 0
0 0 1 1 0 0 0 1 1 0
0 1 1 1 1 1 1 0 1 1
0 1 1 1 1 1 1 1 0 1
0 0 1 1 0 0 0 1 1 0
5 2
0 1 1 1 1
1 0 0 1 1
1 0 0 0 1
1 1 0 0 1
1 1 1 1 0
7 6
0 0 0 1 0 0 0
0 0 0 1 0 0 0
0 0 0 1 0 0 0
1 1 1 0 1 1 1
0 0 0 1 0 0 0
0 0 0 1 0 0 0
0 0 0 1 0 0 0
5 3
0 0 1 1 1
0 0 1 0 1
1 1 0 0 0
1 0 0 0 0
1 1 0 0 0
16 9
0 0 1 1 1 0 0 0 0 1 0 0 1 1 1 0
0 0 1 1 1 0 0 0 0 0 0 0 1 1 1 0
1 1 0 0 1 1 1 1 1 1 0 1 1 1 1 1
1 1 0 0 1 1 1 1 1 1 1 1 1 1 1 1
1 1 1 1 0 1 1 1 1 0 1 1 1 1 1 1
0 0 1 1 1 0 0 0 0 1 0 0 1 1 1 0
0 0 1 1 1 0 0 0 0 1 0 0 1 1 1 0
0 0 1 1 1 0 0 0 0 1 0 0 1 1 1 0
0 0 1 1 1 0 0 0 0 1 0 0 1 1 1 0
1 0 1 1 0 1 1 1 1 0 1 1 1 1 1 1
0 0 0 1 1 0 0 0 0 1 0 0 1 1 1 0
0 0 1 1 1 0 0 0 0 1 0 0 1 1 1 0
1 1 1 1 1 1 1 1 1 1 1 1 0 1 1 1
1 1 1 1 1 1 1 1 1 1 1 1 1 0 1 1
1 1 1 1 1 1 1 1 1 1 1 1 1 1 0 1
0 0 1 1 1 0 0 0 0 1 0 0 1 1 1 0
11 2
0 1 1 1 1 1 1 1 0 1 1
1 0 1 1 1 1 1 1 1 1 1
1 1 0 1 1 0 1 1 1 1 1
1 1 1 0 1 1 1 1 1 1 1
1 1 1 1 0 1 1 1 1 1 1
1 1 0 1 1 0 0 1 1 1 1
1 1 1 1 1 0 0 1 0 1 1
1 1 1 1 1 1 1 0 1 1 1
0 1 1 1 1 1 0 1 0 1 1
1 1 1 1 1 1 1 1 1 0 1
1 1 1 1 1 1 1 1 1 1 0
10 2
0 1 0 1 1 1 1 1 1 1
1 0 1 1 1 1 0 1 1 1
0 1 0 1 1 0 1 1 1 1
1 1 1 0 1 1 1 1 1 1
1 1 1 1 0 0 1 1 1 1
1 1 0 1 0 0 1 1 1 1
1 0 1 1 1 1 0 1 1 1
1 1 1 1 1 1 1 0 1 1
1 1 1 1 1 1 1 1 0 1
1 1 1 1 1 1 1 1 1 0
11 11
0 0 0 0 0 0 0 0 0 0 0
0 0 0 0 0 0 0 0 0 0 0
0 0 0 0 0 0 0 0 0 0 0
0 0 0 0 0 0 0 0 0 0 0
0 0 0 0 0 0 0 0 0 0 0
0 0 0 0 0 0 0 0 0 0 0
0 0 0 0 0 0 0 0 0 0 0
0 0 0 0 0 0 0 0 0 0 0
0 0 0 0 0 0 0 0 0 0 0
0 0 0 0 0 0 0 0 0 0 0
0 0 0 0 0 0 0 0 0 0 0
5 3
0 0 1 1 0
0 0 0 1 0
1 0 0 1 1
1 1 1 0 1
0 0 1 1 0
13 4
0 1 1 0 1 1 1 1 1 1 1 0 1
1 0 1 1 1 1 1 1 1 1 0 1 1
1 1 0 0 1 1 1 1 1 0 1 0 1
0 1 0 0 1 1 1 0 1 0 1 0 1
1 1 1 1 0 1 1 1 1 1 1 1 1
1 1 1 1 1 0 1 1 1 1 0 1 1
1 1 1 1 1 1 0 1 1 1 1 1 1
1 1 1 0 1 1 1 0 0 0 1 1 1
1 1 1 1 1 1 1 0 0 1 1 1 1
1 1 0 0 1 1 1 0 1 0 1 0 1
1 0 1 1 1 0 1 1 1 1 0 1 1
0 1 0 0 1 1 1 1 1 0 1 0 1
1 1 1 1 1 1 1 1 1 1 1 1 0
13 9
0 1 0 1 1 1 1 1 0 0 1 1 0
1 0 0 0 0 0 1 0 0 0 0 0 1
0 0 0 1 0 0 0 0 0 0 0 0 1
1 0 1 0 1 1 0 0 1 1 1 1 0
1 0 0 1 0 0 1 0 0 0 0 0 1
1 0 0 1 0 0 1 0 0 0 0 0 1
1 1 0 0 1 1 0 1 0 1 1 1 1
1 0 0 0 0 0 1 0 0 0 0 0 1
0 0 0 1 0 0 0 0 0 0 0 0 1
0 0 0 1 0 0 1 0 0 0 0 0 1
1 0 0 1 0 0 1 0 0 0 0 0 1
1 0 0 1 0 0 1 0 0 0 0 0 1
0 1 1 0 1 1 1 1 1 1 1 1 0
5 2
0 1 1 1 1
1 0 1 1 1
1 1 0 1 0
1 1 1 0 1
1 1 0 1 0
16 12
0 0 0 0 0 0 1 0 1 0 1 0 0 0 0 0
0 0 0 0 0 0 1 0 1 0 1 0 0 0 0 0
0 0 0 0 1 1 0 1 1 0 1 1 1 0 1 1
0 0 0 0 0 0 0 0 1 0 1 0 0 0 0 0
0 0 1 0 0 0 1 0 0 0 1 0 0 0 0 0
0 0 1 0 0 0 1 0 0 0 1 0 0 0 0 0
1 1 0 0 1 1 0 1 0 0 0 1 1 1 1 1
0 0 1 0 0 0 1 0 1 0 0 0 0 0 0 0
1 1 1 1 0 0 0 1 0 1 1 0 1 1 1 1
0 0 0 0 0 0 0 0 1 0 0 0 0 0 0 0
1 1 1 1 1 1 0 0 1 0 0 0 1 1 1 1
0 0 1 0 0 0 1 0 0 0 0 0 0 0 0 0
0 0 1 0 0 0 1 0 1 0 1 0 0 0 0 0
0 0 0 0 0 0 1 0 1 0 1 0 0 0 0 0
0 0 1 0 0 0 1 0 1 0 1 0 0 0 0 0
0 0 1 0 0 0 1 0 1 0 1 0 0 0 0 0
5 5
0 0 0 0 0
0 0 0 0 0
0 0 0 0 0
0 0 0 0 0
0 0 0 0 0
7 6
0 0 0 1 0 0 0
0 0 0 1 0 0 0
0 0 0 1 0 0 0
1 1 1 0 1 1 1
0 0 0 1 0 0 0
0 0 0 1 0 0 0
0 0 0 1 0 0 0
9 2
0 1 1 1 0 1 1 1 1
1 0 1 1 1 0 1 0 1
1 1 0 1 1 1 1 1 1
1 1 1 0 1 1 0 1 1
0 1 1 1 0 1 1 1 1
1 0 1 1 1 0 1 1 0
1 1 1 0 1 1 0 1 1
1 0 1 1 1 1 1 0 1
1 1 1 1 1 0 1 1 0
5 2
0 1 1 0 0
1 0 0 1 1
1 0 0 1 1
0 1 1 0 1
0 1 1 1 0
10 2
0 1 1 1 1 1 1 1 1 1
1 0 1 1 1 1 1 1 1 1
1 1 0 1 1 1 0 0 1 1
1 1 1 0 1 1 1 1 1 1
1 1 1 1 0 1 1 1 1 1
1 1 1 1 1 0 1 1 1 1
1 1 0 1 1 1 0 1 1 1
1 1 0 1 1 1 1 0 1 1
1 1 1 1 1 1 1 1 0 1
1 1 1 1 1 1 1 1 1 0
14 10
0 1 0 0 0 0 1 0 0 1 0 1 0 0
1 0 1 1 1 1 1 1 1 1 1 1 1 1
0 1 0 0 0 0 0 0 0 1 0 1 0 0
0 1 0 0 0 0 1 0 0 1 0 0 0 0
0 1 0 0 0 0 1 0 0 1 0 1 0 0
0 1 0 0 0 0 1 0 0 1 0 1 0 0
1 1 0 1 1 1 0 1 1 1 1 1 1 1
0 1 0 0 0 0 1 0 0 1 0 1 0 0
0 1 0 0 0 0 1 0 0 1 0 1 0 0
1 1 1 1 1 1 1 1 1 0 1 1 1 1
0 1 0 0 0 0 1 0 0 1 0 0 0 0
1 1 1 0 1 1 1 1 1 1 0 0 1 1
0 1 0 0 0 0 1 0 0 1 0 1 0 0
0 1 0 0 0 0 1 0 0 1 0 1 0 0
16 5
0 1 1 1 0 1 1 1 1 1 1 1 1 1 0 1
1 0 1 1 1 1 1 1 1 1 0 1 1 0 0 1
1 1 0 1 1 1 1 1 0 1 1 1 1 1 1 1
1 1 1 0 1 1 1 1 1 1 1 1 1 1 0 1
0 1 1 1 0 0 0 1 0 1 1 1 0 1 1 0
1 1 1 1 0 0 1 1 1 1 1 1 1 1 0 1
1 1 1 1 0 1 0 1 1 0 1 1 1 1 1 0
1 1 1 1 1 1 1 0 1 1 1 1 1 1 1 1
1 1 0 1 0 1 1 1 0 1 1 1 1 1 1 1
1 1 1 1 1 1 0 1 1 0 0 1 0 0 1 0
1 0 1 1 1 1 1 1 1 0 0 1 0 0 1 0
1 1 1 1 1 1 1 1 1 1 1 0 0 1 1 1
1 1 1 1 0 1 1 1 1 0 0 0 0 0 1 0
1 0 1 1 1 1 1 1 1 0 0 1 0 0 1 0
0 0 1 0 1 0 1 1 1 1 1 1 1 1 0 1
1 1 1 1 0 1 0 1 1 0 0 1 0 0 1 0
5 2
0 0 1 1 1
0 0 1 0 0
1 1 0 1 1
1 0 1 0 1
1 0 1 1 0
8 4
0 1 0 1 1 0 1 0
1 0 1 1 1 1 1 1
0 1 0 1 1 0 1 0
1 1 1 0 1 1 1 1
1 1 1 1 0 0 1 1
0 1 0 1 0 0 1 0
1 1 1 1 1 1 0 1
0 1 0 1 1 0 1 0
10 2
0 1 1 1 1 0 0 0 1 0
1 0 1 1 0 0 1 0 1 1
1 1 0 1 0 0 1 0 1 0
1 1 1 0 1 1 1 0 1 1
1 0 0 1 0 1 1 0 1 1
0 0 0 1 1 0 1 0 0 1
0 1 1 1 1 1 0 1 1 0
0 0 0 0 0 0 1 0 0 1
1 1 1 1 1 0 1 0 0 1
0 1 0 1 1 1 0 1 1 0
7 3
0 0 1 1 1 1 1
0 0 1 1 0 1 1
1 1 0 1 0 0 0
1 1 1 0 1 0 0
1 0 0 1 0 1 0
1 1 0 0 1 0 0
1 1 0 0 0 0 0
