13 10
0 1 0 0 1 0 0 0 0 0 1 1 0
1 0 0 0 0 0 0 0 0 0 0 0 1
0 0 0 0 0 0 0 0 0 0 0 0 0
0 0 0 0 0 0 0 1 1 0 0 0 0
1 0 0 0 0 0 0 0 0 0 0 0 1
0 0 0 0 0 0 0 0 0 0 0 0 0
0 0 0 0 0 0 0 1 0 0 0 1 0
0 0 0 1 0 0 1 0 0 0 0 0 0
0 0 0 1 0 0 0 0 0 0 0 0 0
0 0 0 0 0 0 0 0 0 0 0 1 0
1 0 0 0 0 0 0 0 0 0 0 0 0
1 0 0 0 0 0 1 0 0 1 0 0 1
0 1 0 0 1 0 0 0 0 0 0 1 0
14 13
0 0 0 0 0 0 0 1 0 0 0 0 0 0
0 0 0 1 0 0 0 0 0 1 0 0 0 0
0 0 0 0 0 0 0 0 0 0 0 1 0 0
0 1 0 0 0 0 1 0 0 0 0 0 0 0
0 0 0 0 0 0 0 0 0 0 0 0 0 0
0 0 0 0 0 0 0 0 0 0 1 0 0 1
0 0 0 1 0 0 0 0 0 0 0 0 1 0
1 0 0 0 0 0 0 0 0 1 0 0 0 0
0 0 0 0 0 0 0 0 0 0 0 0 0 0
0 1 0 0 0 0 0 1 0 0 1 0 1 0
0 0 0 0 0 1 0 0 0 1 0 0 0 0
0 0 1 0 0 0 0 0 0 0 0 0 1 0
0 0 0 0 0 0 1 0 0 1 0 1 0 0
0 0 0 0 0 1 0 0 0 0 0 0 0 0
8 5
0 0 0 1 0 0 0 0
0 0 1 1 0 1 1 0
0 1 0 1 0 0 0 0
1 1 1 0 0 0 0 0
0 0 0 0 0 1 0 0
0 1 0 0 1 0 0 0
0 1 0 0 0 0 0 1
0 0 0 0 0 0 1 0
5 2
0 0 0 1 1
0 0 0 1 0
0 0 0 0 1
1 1 0 0 1
1 0 1 1 0
5 2
0 0 1 1 1
0 0 1 0 1
1 1 0 0 0
1 0 0 0 0
1 1 0 0 0
8 6
0 0 0 0 1 0 0 0
0 0 0 1 0 0 0 1
0 0 0 0 0 0 0 0
0 1 0 0 1 0 0 0
1 0 0 1 0 1 0 0
0 0 0 0 1 0 0 1
0 0 0 0 0 0 0 0
0 1 0 0 0 1 0 0
11 6
0 0 0 0 0 0 0 0 0 0 1
0 0 0 0 1 0 0 0 0 0 0
0 0 0 0 0 0 0 1 0 0 1
0 0 0 0 0 0 0 0 0 0 0
0 1 0 0 0 1 1 1 0 1 1
0 0 0 0 1 0 0 0 0 0 0
0 0 0 0 1 0 0 0 0 0 0
0 0 1 0 1 0 0 0 1 0 0
0 0 0 0 0 0 0 1 0 0 0
0 0 0 0 1 0 0 0 0 0 0
1 0 1 0 1 0 0 0 0 0 0
5 2
0 0 1 1 0
0 0 0 0 0
1 0 0 1 1
1 0 1 0 0
0 0 1 0 0
9 5
0 0 0 0 0 0 1 0 0
0 0 1 0 1 0 0 0 1
0 1 0 0 0 0 1 0 0
0 0 0 0 0 0 0 1 0
0 1 0 0 0 0 0 0 0
0 0 0 0 0 0 0 1 0
1 0 1 0 0 0 0 0 0
0 0 0 1 0 1 0 0 0
0 1 0 0 0 0 0 0 0
12 10
0 0 0 0 0 0 1 1 1 0 0 0
0 0 0 1 0 0 0 0 0 0 0 0
0 0 0 0 1 0 0 0 0 0 1 1
0 1 0 0 0 0 0 0 0 1 0 0
0 0 1 0 0 0 0 0 0 0 0 0
0 0 0 0 0 0 0 0 0 0 0 1
1 0 0 0 0 0 0 0 0 0 0 0
1 0 0 0 0 0 0 0 0 0 0 0
1 0 0 0 0 0 0 0 0 0 1 0
0 0 0 1 0 0 0 0 0 0 0 0
0 0 1 0 0 0 0 0 1 0 0 0
0 0 1 0 0 1 0 0 0 0 0 0
9 2
0 0 0 0 0 0 0 0 0
0 0 0 0 0 0 1 1 0
0 0 0 0 1 0 1 0 0
0 0 0 0 1 1 0 0 1
0 0 1 1 0 0 0 0 0
0 0 0 1 0 0 0 0 1
0 1 1 0 0 0 0 0 0
0 1 0 0 0 0 0 0 1
0 0 0 1 0 1 0 1 0
14 2
0 0 0 0 0 1 0 0 1 0 0 0 0 0
0 0 0 0 0 0 0 0 0 0 0 0 0 0
0 0 0 0 0 0 1 0 0 0 0 0 0 0
0 0 0 0 0 0 0 0 0 1 1 0 0 0
0 0 0 0 0 0 1 0 0 0 0 0 0 0
1 0 0 0 0 0 1 0 0 1 0 0 0 0
0 0 1 0 1 1 0 0 1 0 0 0 0 0
0 0 0 0 0 0 0 0 0 0 0 0 1 0
1 0 0 0 0 0 1 0 0 0 0 0 0 1
0 0 0 1 0 1 0 0 0 0 0 1 1 0
0 0 0 1 0 0 0 0 0 0 0 0 0 0
0 0 0 0 0 0 0 0 0 1 0 0 0 0
0 0 0 0 0 0 0 1 0 1 0 0 0 0
0 0 0 0 0 0 0 0 1 0 0 0 0 0
5 2
0 0 0 0 1
0 0 0 1 0
0 0 0 1 0
0 1 1 0 1
1 0 0 1 0
5 2
0 0 1 1 0
0 0 0 0 0
1 0 0 0 0
1 0 0 0 1
0 0 0 1 0
5 4
0 0 0 0 1
0 0 1 0 0
0 1 0 1 0
0 0 1 0 0
1 0 0 0 0
10 2
0 1 0 0 0 0 0 1 0 0
1 0 0 0 1 0 0 0 0 0
0 0 0 0 0 1 0 0 1 0
0 0 0 0 0 0 0 0 0 0
0 1 0 0 0 0 1 0 0 0
0 0 1 0 0 0 0 0 0 0
0 0 0 0 1 0 0 1 1 0
1 0 0 0 0 0 1 0 1 0
0 0 1 0 0 0 1 1 0 0
0 0 0 0 0 0 0 0 0 0
13 9
0 0 0 1 0 1 0 0 0 0 0 0 0
0 0 1 0 0 0 0 0 0 1 1 0 0
0 1 0 0 0 0 0 0 1 0 0 0 0
1 0 0 0 0 0 0 0 0 0 1 0 1
0 0 0 0 0 0 0 0 0 1 0 0 0
1 0 0 0 0 0 0 1 0 0 0 0 0
0 0 0 0 0 0 0 0 0 1 0 0 0
0 0 0 0 0 1 0 0 0 0 1 1 0
0 0 1 0 0 0 0 0 0 0 0 0 0
0 1 0 0 1 0 1 0 0 0 0 0 0
0 1 0 1 0 0 0 1 0 0 0 0 0
0 0 0 0 0 0 0 1 0 0 0 0 0
0 0 0 1 0 0 0 0 0 0 0 0 0
10 9
0 0 1 0 1 0 1 0 0 0
0 0 0 0 0 0 0 0 0 0
1 0 0 0 0 1 0 0 1 0
0 0 0 0 0 0 1 0 0 1
1 0 0 0 0 0 0 0 0 0
0 0 1 0 0 0 0 1 1 0
1 0 0 1 0 0 0 0 0 0
0 0 0 0 0 1 0 0 0 0
0 0 1 0 0 1 0 0 0 0
0 0 0 1 0 0 0 0 0 0
5 3
0 0 0 0 1
0 0 1 0 0
0 1 0 0 1
0 0 0 0 0
1 0 1 0 0
14 3
0 1 0 0 0 0 0 0 0 1 0 0 0 0
1 0 0 0 0 0 1 0 0 0 0 0 0 0
0 0 0 0 1 0 0 0 0 0 1 0 0 0
0 0 0 0 1 0 1 0 1 0 0 1 0 0
0 0 1 1 0 0 0 0 0 0 1 0 0 0
0 0 0 0 0 0 0 1 1 0 0 0 0 0
0 1 0 1 0 0 0 0 0 0 0 0 0 0
0 0 0 0 0 1 0 0 0 0 0 0 0 0
0 0 0 1 0 1 0 0 0 0 0 0 0 0
1 0 0 0 0 0 0 0 0 0 0 0 0 0
0 0 1 0 1 0 0 0 0 0 0 0 0 0
0 0 0 1 0 0 0 0 0 0 0 0 1 0
0 0 0 0 0 0 0 0 0 0 0 1 0 0
0 0 0 0 0 0 0 0 0 0 0 0 0 0
5 4
0 0 1 0 0
0 0 1 1 0
1 1 0 1 1
0 1 1 0 0
0 0 1 0 0
6 5
0 0 0 1 1 0
0 0 0 0 0 0
0 0 0 1 1 0
1 0 1 0 0 0
1 0 1 0 0 1
0 0 0 0 1 0
10 3
0 0 1 0 0 0 0 0 1 0
0 0 0 1 0 1 0 0 0 0
1 0 0 0 0 0 0 0 1 0
0 1 0 0 0 0 0 1 0 0
0 0 0 0 0 0 0 0 1 0
0 1 0 0 0 0 0 0 0 0
0 0 0 0 0 0 0 0 0 0
0 0 0 1 0 0 0 0 1 0
1 0 1 0 1 0 0 1 0 1
0 0 0 0 0 0 0 0 1 0
5 2
0 1 1 0 0
1 0 1 0 0
1 1 0 1 0
0 0 1 0 1
0 0 0 1 0
9 8
0 1 0 0 0 0 1 0 1
1 0 1 0 0 0 1 0 0
0 1 0 0 0 0 0 1 0
0 0 0 0 0 0 0 0 0
0 0 0 0 0 0 0 0 0
0 0 0 0 0 0 0 0 0
1 1 0 0 0 0 0 0 0
0 0 1 0 0 0 0 0 1
1 0 0 0 0 0 0 1 0
15 10
0 0 1 0 0 0 0 0 0 0 1 0 0 0 0
0 0 0 0 0 0 0 0 0 0 0 0 0 0 0
1 0 0 0 0 0 0 0 1 0 0 0 0 0 0
0 0 0 0 0 0 0 0 0 1 0 1 0 0 0
0 0 0 0 0 0 0 0 0 0 0 0 0 1 0
0 0 0 0 0 0 0 0 0 0 1 1 0 0 0
0 0 0 0 0 0 0 0 1 0 0 0 0 0 0
0 0 0 0 0 0 0 0 0 0 0 0 0 0 1
0 0 1 0 0 0 1 0 0 0 0 0 0 1 0
0 0 0 1 0 0 0 0 0 0 1 0 0 0 0
1 0 0 0 0 1 0 0 0 1 0 0 0 0 0
0 0 0 1 0 1 0 0 0 0 0 0 0 0 0
0 0 0 0 0 0 0 0 0 0 0 0 0 1 0
0 0 0 0 1 0 0 0 1 0 0 0 1 0 0
0 0 0 0 0 0 0 1 0 0 0 0 0 0 0
8 5
0 0 0 0 0 0 0 1
0 0 0 0 0 0 0 0
0 0 0 1 0 1 0 1
0 0 1 0 1 0 0 0
0 0 0 1 0 1 1 0
0 0 1 0 1 0 0 1
0 0 0 0 1 0 0 0
1 0 1 0 0 1 0 0
5 3
0 0 0 0 0
0 0 1 1 1
0 1 0 0 1
0 1 0 0 0
0 1 1 0 0
5 2
0 0 0 1 0
0 0 0 0 1
0 0 0 0 1
1 0 0 0 0
0 1 1 0 0
15 15
0 1 1 0 0 0 0 0 1 0 0 0 0 0 0
1 0 0 0 1 0 0 0 0 0 0 0 1 0 0
1 0 0 1 0 0 0 0 0 0 0 1 0 0 1
0 0 1 0 0 0 0 0 0 0 0 0 0 1 0
0 1 0 0 0 0 0 0 0 0 0 0 0 1 0
0 0 0 0 0 0 0 0 0 0 0 0 0 0 0
0 0 0 0 0 0 0 1 0 0 0 0 0 0 0
0 0 0 0 0 0 1 0 1 0 0 0 0 0 0
1 0 0 0 0 0 0 1 0 0 1 0 0 0 0
0 0 0 0 0 0 0 0 0 0 0 0 0 0 0
0 0 0 0 0 0 0 0 1 0 0 1 0 0 0
0 0 1 0 0 0 0 0 0 0 1 0 0 0 0
0 1 0 0 0 0 0 0 0 0 0 0 0 0 0
0 0 0 1 1 0 0 0 0 0 0 0 0 0 1
0 0 1 0 0 0 0 0 0 0 0 0 0 1 0
5 3
0 1 1 0 1
1 0 0 1 0
1 0 0 0 0
0 1 0 0 1
1 0 0 1 0
5 2
0 0 0 1 1
0 0 0 0 1
0 0 0 1 0
1 0 1 0 0
1 1 0 0 0
10 4
0 0 0 1 0 1 0 0 1 0
0 0 0 0 0 0 0 0 0 1
0 0 0 0 0 0 0 1 0 0
1 0 0 0 1 0 0 0 0 0
0 0 0 1 0 0 0 0 0 0
1 0 0 0 0 0 0 0 0 0
0 0 0 0 0 0 0 0 1 1
0 0 1 0 0 0 0 0 0 0
1 0 0 0 0 0 1 0 0 0
0 1 0 0 0 0 1 0 0 0
8 6
0 0 0 1 0 0 1 1
0 0 0 0 0 0 0 0
0 0 0 1 1 1 1 0
1 0 1 0 0 0 0 0
0 0 1 0 0 0 1 0
0 0 1 0 0 0 0 0
1 0 1 0 1 0 0 0
1 0 0 0 0 0 0 0
14 14
0 1 0 0 0 0 0 1 0 0 0 0 0 0
1 0 0 0 0 0 1 1 0 0 0 1 1 1
0 0 0 0 0 0 0 0 1 0 0 0 0 0
0 0 0 0 0 0 0 0 0 0 0 0 0 0
0 0 0 0 0 0 0 0 0 0 1 0 0 0
0 0 0 0 0 0 0 0 0 0 0 1 0 0
0 1 0 0 0 0 0 0 0 0 0 0 0 0
1 1 0 0 0 0 0 0 0 0 0 0 0 1
0 0 1 0 0 0 0 0 0 0 0 0 1 0
0 0 0 0 0 0 0 0 0 0 0 0 0 0
0 0 0 0 1 0 0 0 0 0 0 1 0 1
0 1 0 0 0 1 0 0 0 0 1 0 0 0
0 1 0 0 0 0 0 0 1 0 0 0 0 0
0 1 0 0 0 0 0 1 0 0 1 0 0 0
12 11
0 0 0 0 0 0 0 1 0 0 1 0
0 0 0 0 1 0 0 0 1 0 0 0
0 0 0 0 0 0 0 0 1 0 1 1
0 0 0 0 0 0 0 0 0 0 0 0
0 1 0 0 0 0 0 0 0 0 1 0
0 0 0 0 0 0 0 1 1 0 0 0
0 0 0 0 0 0 0 0 1 0 0 0
1 0 0 0 0 1 0 0 0 0 0 0
0 1 1 0 0 1 1 0 0 0 0 0
0 0 0 0 0 0 0 0 0 0 0 0
1 0 1 0 1 0 0 0 0 0 0 0
0 0 1 0 0 0 0 0 0 0 0 0
16 6
0 0 0 0 0 0 0 0 0 0 0 0 0 0 0 0
0 0 0 0 0 0 0 0 0 0 0 0 0 0 0 0
0 0 0 0 0 0 0 0 1 0 0 0 0 0 0 0
0 0 0 0 0 0 0 0 0 0 0 0 0 0 0 0
0 0 0 0 0 0 0 0 0 0 1 0 0 0 1 0
0 0 0 0 0 0 1 1 0 1 0 0 0 0 0 0
0 0 0 0 0 1 0 0 1 0 0 0 0 0 0 0
0 0 0 0 0 1 0 0 0 1 0 1 0 0 0 0
0 0 1 0 0 0 1 0 0 0 0 1 1 0 1 0
0 0 0 0 0 1 0 1 0 0 0 0 1 0 0 0
0 0 0 0 1 0 0 0 0 0 0 0 0 0 0 1
0 0 0 0 0 0 0 1 1 0 0 0 0 0 1 0
0 0 0 0 0 0 0 0 1 1 0 0 0 0 0 0
0 0 0 0 0 0 0 0 0 0 0 0 0 0 0 0
0 0 0 0 1 0 0 0 1 0 0 1 0 0 0 0
0 0 0 0 0 0 0 0 0 0 1 0 0 0 0 0
7 4
0 0 0 1 0 1 0
0 0 0 1 0 0 0
0 0 0 0 0 0 0
1 1 0 0 0 0 0
0 0 0 0 0 0 1
1 0 0 0 0 0 1
0 0 0 0 1 1 0
12 6
0 0 0 0 0 0 0 0 1 1 1 0
0 0 0 0 0 0 1 0 0 0 0 0
0 0 0 0 0 0 0 0 0 0 0 0
0 0 0 0 0 0 0 0 0 0 1 0
0 0 0 0 0 0 0 1 0 0 1 0
0 0 0 0 0 0 1 0 0 0 0 0
0 1 0 0 0 1 0 0 0 0 0 0
0 0 0 0 1 0 0 0 0 0 0 1
1 0 0 0 0 0 0 0 0 0 0 0
1 0 0 0 0 0 0 0 0 0 1 0
1 0 0 1 1 0 0 0 0 1 0 1
0 0 0 0 0 0 0 1 0 0 1 0
5 2
0 1 0 0 0
1 0 1 0 1
0 1 0 0 1
0 0 0 0 0
0 1 1 0 0
11 4
0 0 1 0 0 0 0 0 1 0 0
0 0 1 0 0 1 0 0 0 0 1
1 1 0 1 0 0 0 0 0 0 0
0 0 1 0 0 0 0 1 0 0 0
0 0 0 0 0 0 0 1 0 0 0
0 1 0 0 0 0 0 0 0 0 0
0 0 0 0 0 0 0 0 0 0 0
0 0 0 1 1 0 0 0 0 0 0
1 0 0 0 0 0 0 0 0 0 1
0 0 0 0 0 0 0 0 0 0 0
0 1 0 0 0 0 0 0 1 0 0
13 6
0 0 0 0 0 0 0 0 0 0 0 0 0
0 0 1 1 0 0 1 0 0 0 0 0 0
0 1 0 1 1 0 0 0 0 0 1 0 1
0 1 1 0 1 1 0 0 0 0 0 0 0
0 0 1 1 0 0 0 0 0 0 0 0 0
0 0 0 1 0 0 0 0 0 1 0 0 0
0 1 0 0 0 0 0 0 1 0 0 0 0
0 0 0 0 0 0 0 0 0 0 0 0 0
0 0 0 0 0 0 1 0 0 0 0 0 0
0 0 0 0 0 1 0 0 0 0 0 0 0
0 0 1 0 0 0 0 0 0 0 0 0 0
0 0 0 0 0 0 0 0 0 0 0 0 0
0 0 1 0 0 0 0 0 0 0 0 0 0
9 9
0 1 0 0 0 0 0 0 0
1 0 0 0 0 1 0 0 0
0 0 0 0 1 1 0 0 0
0 0 0 0 0 0 1 0 0
0 0 1 0 0 1 0 0 0
0 1 1 0 1 0 1 0 0
0 0 0 1 0 1 0 0 1
0 0 0 0 0 0 0 0 0
0 0 0 0 0 0 1 0 0
5 2
0 1 1 1 0
1 0 0 0 0
1 0 0 0 0
1 0 0 0 0
0 0 0 0 0
5 2
0 0 0 1 0
0 0 0 1 0
0 0 0 1 0
1 1 1 0 1
0 0 0 1 0
11 4
0 0 1 0 0 0 1 0 0 0 1
0 0 0 0 0 0 0 0 0 1 0
1 0 0 0 0 0 0 1 0 0 0
0 0 0 0 1 0 1 0 0 0 0
0 0 0 1 0 0 0 0 0 0 0
0 0 0 0 0 0 0 1 0 0 0
1 0 0 1 0 0 0 0 0 0 1
0 0 1 0 0 1 0 0 0 0 1
0 0 0 0 0 0 0 0 0 0 0
0 1 0 0 0 0 0 0 0 0 0
1 0 0 0 0 0 1 1 0 0 0
11 11
0 0 0 0 0 0 0 1 1 0 0
0 0 0 0 0 0 0 1 0 0 0
0 0 0 1 0 0 0 0 0 1 0
0 0 1 0 0 1 0 0 0 0 0
0 0 0 0 0 1 0 0 0 1 1
0 0 0 1 1 0 0 0 1 0 0
0 0 0 0 0 0 0 0 0 0 0
1 1 0 0 0 0 0 0 0 0 0
1 0 0 0 0 1 0 0 0 0 0
0 0 1 0 1 0 0 0 0 0 0
0 0 0 0 1 0 0 0 0 0 0
5 2
0 0 0 0 0
0 0 0 1 0
0 0 0 1 0
0 1 1 0 1
0 0 0 1 0
6 2
0 1 0 1 1 0
1 0 1 0 0 0
0 1 0 1 0 1
1 0 1 0 0 0
1 0 0 0 0 0
0 0 1 0 0 0
15 2
0 0 0 0 0 0 1 0 0 1 0 0 0 0 0
0 0 0 0 1 0 0 0 0 0 0 0 0 0 1
0 0 0 0 0 0 0 0 0 0 1 1 0 0 0
0 0 0 0 0 0 0 0 0 0 0 0 0 0 1
0 1 0 0 0 0 0 0 1 1 0 1 0 0 0
0 0 0 0 0 0 0 0 1 0 0 0 1 0 0
1 0 0 0 0 0 0 0 1 0 0 0 1 0 0
0 0 0 0 0 0 0 0 0 0 0 1 0 0 0
0 0 0 0 1 1 1 0 0 0 0 0 0 0 0
1 0 0 0 1 0 0 0 0 0 0 0 0 0 0
0 0 1 0 0 0 0 0 0 0 0 0 0 0 0
0 0 1 0 1 0 0 1 0 0 0 0 0 0 0
0 0 0 0 0 1 1 0 0 0 0 0 0 0 0
0 0 0 0 0 0 0 0 0 0 0 0 0 0 0
0 1 0 1 0 0 0 0 0 0 0 0 0 0 0
12 2
0 0 0 0 0 1 1 0 0 0 1 0
0 0 0 0 0 1 0 0 1 0 0 0
0 0 0 0 0 1 0 0 0 0 1 0
0 0 0 0 0 0 0 0 0 0 0 0
0 0 0 0 0 0 0 0 0 0 0 0
1 1 1 0 0 0 0 0 0 0 0 0
1 0 0 0 0 0 0 0 0 0 0 0
0 0 0 0 0 0 0 0 0 0 0 0
0 1 0 0 0 0 0 0 0 0 0 1
0 0 0 0 0 0 0 0 0 0 0 1
1 0 1 0 0 0 0 0 0 0 0 0
0 0 0 0 0 0 0 0 1 1 0 0
14 14
0 1 0 0 1 0 0 0 1 0 0 0 0 0
1 0 1 0 1 0 0 0 0 0 0 0 0 0
0 1 0 0 0 0 0 0 0 0 0 0 0 0
0 0 0 0 0 0 0 0 1 0 0 0 1 1
1 1 0 0 0 0 0 0 0 0 0 0 0 0
0 0 0 0 0 0 0 0 0 0 0 0 0 0
0 0 0 0 0 0 0 1 0 0 1 0 0 0
0 0 0 0 0 0 1 0 1 0 0 0 0 0
1 0 0 1 0 0 0 1 0 0 0 0 0 1
0 0 0 0 0 0 0 0 0 0 1 1 0 0
0 0 0 0 0 0 1 0 0 1 0 0 0 0
0 0 0 0 0 0 0 0 0 1 0 0 0 0
0 0 0 1 0 0 0 0 0 0 0 0 0 0
0 0 0 1 0 0 0 0 1 0 0 0 0 0
12 5
0 0 0 0 1 0 1 0 0 0 0 0
0 0 0 0 0 0 1 0 0 0 0 0
0 0 0 1 0 0 0 0 0 0 0 0
0 0 1 0 1 0 1 0 0 0 0 0
1 0 0 1 0 0 0 1 1 1 0 0
0 0 0 0 0 0 0 0 0 0 0 0
1 1 0 1 0 0 0 0 0 0 1 0
0 0 0 0 1 0 0 0 0 0 0 0
0 0 0 0 1 0 0 0 0 0 0 1
0 0 0 0 1 0 0 0 0 0 0 0
0 0 0 0 0 0 1 0 0 0 0 1
0 0 0 0 0 0 0 0 1 0 1 0
8 6
0 1 1 1 0 0 1 0
1 0 0 0 0 0 0 0
1 0 0 0 0 0 0 0
1 0 0 0 0 0 0 0
0 0 0 0 0 0 1 0
0 0 0 0 0 0 0 1
1 0 0 0 1 0 0 1
0 0 0 0 0 1 1 0
5 4
0 0 0 1 0
0 0 0 1 1
0 0 0 0 0
1 1 0 0 1
0 1 0 1 0
9 2
0 0 0 0 1 0 0 0 0
0 0 0 0 0 1 0 0 0
0 0 0 0 1 0 1 0 0
0 0 0 0 1 1 0 0 0
1 0 1 1 0 0 1 0 0
0 1 0 1 0 0 0 0 0
0 0 1 0 1 0 0 0 0
0 0 0 0 0 0 0 0 1
0 0 0 0 0 0 0 1 0
16 16
0 0 0 0 1 0 0 0 0 0 0 1 0 0 0 0
0 0 0 0 1 0 0 0 0 0 1 0 0 0 1 0
0 0 0 0 0 0 0 0 0 0 0 0 0 1 0 0
0 0 0 0 1 0 0 0 0 0 0 1 0 0 0 0
1 1 0 1 0 0 0 0 0 0 0 0 0 0 0 0
0 0 0 0 0 0 1 0 0 0 0 0 0 0 1 0
0 0 0 0 0 1 0 0 0 0 0 0 0 0 0 0
0 0 0 0 0 0 0 0 0 0 0 0 0 1 0 0
0 0 0 0 0 0 0 0 0 0 0 0 1 1 0 0
0 0 0 0 0 0 0 0 0 0 1 0 0 0 0 0
0 1 0 0 0 0 0 0 0 1 0 0 0 1 0 0
1 0 0 1 0 0 0 0 0 0 0 0 0 0 0 0
0 0 0 0 0 0 0 0 1 0 0 0 0 0 0 0
0 0 1 0 0 0 0 1 1 0 1 0 0 0 0 0
0 1 0 0 0 1 0 0 0 0 0 0 0 0 0 0
0 0 0 0 0 0 0 0 0 0 0 0 0 0 0 0
7 4
0 0 0 1 0 0 0
0 0 0 0 0 1 1
0 0 0 1 0 1 0
1 0 1 0 0 0 0
0 0 0 0 0 1 0
0 1 1 0 1 0 1
0 1 0 0 0 1 0
5 2
0 0 1 0 0
0 0 1 0 1
1 1 0 0 1
0 0 0 0 0
0 1 1 0 0
6 2
0 0 0 0 0 0
0 0 1 1 0 0
0 1 0 0 0 1
0 1 0 0 1 0
0 0 0 1 0 0
0 0 1 0 0 0
11 7
0 1 0 0 0 1 0 0 0 0 1
1 0 0 0 0 0 1 0 0 0 0
0 0 0 0 0 0 0 0 0 0 1
0 0 0 0 0 1 1 0 0 0 0
0 0 0 0 0 0 0 0 1 1 1
1 0 0 1 0 0 0 0 0 0 0
0 1 0 1 0 0 0 0 1 0 0
0 0 0 0 0 0 0 0 0 0 0
0 0 0 0 1 0 1 0 0 0 0
0 0 0 0 1 0 0 0 0 0 0
1 0 1 0 1 0 0 0 0 0 0
13 12
0 0 0 0 0 0 0 0 0 1 0 1 0
0 0 0 0 0 0 0 0 0 0 0 0 0
0 0 0 0 0 0 1 0 0 0 0 0 0
0 0 0 0 0 0 0 0 0 0 0 0 0
0 0 0 0 0 0 0 0 1 1 0 0 0
0 0 0 0 0 0 0 0 0 0 0 0 0
0 0 1 0 0 0 0 1 0 1 1 0 1
0 0 0 0 0 0 1 0 0 0 0 1 0
0 0 0 0 1 0 0 0 0 1 0 0 0
1 0 0 0 1 0 1 0 1 0 0 0 1
0 0 0 0 0 0 1 0 0 0 0 1 0
1 0 0 0 0 0 0 1 0 0 1 0 0
0 0 0 0 0 0 1 0 0 1 0 0 0
5 2
0 0 1 0 1
0 0 1 0 0
1 1 0 0 0
0 0 0 0 1
1 0 0 1 0
12 8
0 0 1 0 0 0 0 0 1 0 0 0
0 0 0 0 0 0 0 0 1 0 0 0
1 0 0 0 0 0 0 0 0 1 0 0
0 0 0 0 0 0 0 0 1 0 0 0
0 0 0 0 0 0 1 0 0 0 0 0
0 0 0 0 0 0 0 1 1 0 0 0
0 0 0 0 1 0 0 0 1 1 0 0
0 0 0 0 0 1 0 0 0 0 1 0
1 1 0 1 0 1 1 0 0 0 0 0
0 0 1 0 0 0 1 0 0 0 0 0
0 0 0 0 0 0 0 1 0 0 0 1
0 0 0 0 0 0 0 0 0 0 1 0
5 5
0 1 0 1 0
1 0 0 1 1
0 0 0 0 0
1 1 0 0 0
0 1 0 0 0
10 9
0 0 0 0 1 1 0 0 1 0
0 0 0 0 0 0 0 0 0 0
0 0 0 0 1 0 1 1 0 0
0 0 0 0 0 0 0 0 0 0
1 0 1 0 0 0 0 1 0 0
1 0 0 0 0 0 0 0 1 0
0 0 1 0 0 0 0 0 0 0
0 0 1 0 1 0 0 0 1 0
1 0 0 0 0 1 0 1 0 0
0 0 0 0 0 0 0 0 0 0
5 2
0 1 0 1 0
1 0 0 0 0
0 0 0 1 0
1 0 1 0 1
0 0 0 1 0
12 8
0 0 0 0 0 0 0 0 0 0 0 0
0 0 0 1 0 0 0 0 0 0 0 0
0 0 0 0 0 0 0 0 0 0 1 1
0 1 0 0 0 0 0 0 0 1 0 0
0 0 0 0 0 0 0 1 1 0 0 1
0 0 0 0 0 0 0 0 1 1 0 0
0 0 0 0 0 0 0 0 0 1 0 0
0 0 0 0 1 0 0 0 0 0 0 0
0 0 0 0 1 1 0 0 0 0 0 0
0 0 0 1 0 1 1 0 0 0 0 0
0 0 1 0 0 0 0 0 0 0 0 1
0 0 1 0 1 0 0 0 0 0 1 0
5 2
0 1 0 1 1
1 0 0 0 0
0 0 0 1 0
1 0 1 0 1
1 0 0 1 0
14 7
0 0 0 1 0 0 1 0 0 1 0 0 0 0
0 0 0 0 0 0 0 0 0 0 0 1 0 0
0 0 0 0 0 0 0 0 0 1 0 1 0 0
1 0 0 0 1 0 0 0 0 0 0 0 0 0
0 0 0 1 0 0 0 0 0 0 0 1 0 0
0 0 0 0 0 0 0 0 0 0 0 0 0 0
1 0 0 0 0 0 0 0 1 0 0 0 0 0
0 0 0 0 0 0 0 0 0 0 0 0 0 0
0 0 0 0 0 0 1 0 0 0 0 0 0 1
1 0 1 0 0 0 0 0 0 0 0 0 0 0
0 0 0 0 0 0 0 0 0 0 0 1 1 0
0 1 1 0 1 0 0 0 0 0 1 0 0 0
0 0 0 0 0 0 0 0 0 0 1 0 0 0
0 0 0 0 0 0 0 0 1 0 0 0 0 0
5 2
0 1 1 0 0
1 0 0 1 0
1 0 0 0 1
0 1 0 0 0
0 0 1 0 0
11 2
0 0 0 0 0 0 1 0 0 0 1
0 0 0 1 0 0 0 0 1 0 0
0 0 0 0 0 1 0 0 0 1 0
0 1 0 0 0 0 0 0 1 0 0
0 0 0 0 0 0 0 0 1 0 0
0 0 1 0 0 0 1 0 1 0 0
1 0 0 0 0 1 0 0 0 0 0
0 0 0 0 0 0 0 0 0 0 1
0 1 0 1 1 1 0 0 0 0 0
0 0 1 0 0 0 0 0 0 0 0
1 0 0 0 0 0 0 1 0 0 0
16 5
0 0 0 1 0 0 0 0 0 0 0 0 0 0 0 0
0 0 0 0 0 0 0 0 1 0 0 0 0 0 1 0
0 0 0 0 0 0 0 0 1 0 0 0 0 0 0 0
1 0 0 0 1 0 0 0 0 0 0 0 0 0 1 0
0 0 0 1 0 0 0 0 0 0 0 0 0 0 0 0
0 0 0 0 0 0 0 0 0 0 0 1 0 0 0 1
0 0 0 0 0 0 0 0 0 0 0 0 0 0 1 0
0 0 0 0 0 0 0 0 0 0 1 0 1 1 0 0
0 1 1 0 0 0 0 0 0 0 0 0 0 0 0 0
0 0 0 0 0 0 0 0 0 0 0 0 0 0 0 0
0 0 0 0 0 0 0 1 0 0 0 1 0 0 0 0
0 0 0 0 0 1 0 0 0 0 1 0 1 0 0 0
0 0 0 0 0 0 0 1 0 0 0 1 0 0 1 0
0 0 0 0 0 0 0 1 0 0 0 0 0 0 0 0
0 1 0 1 0 0 1 0 0 0 0 0 1 0 0 0
0 0 0 0 0 1 0 0 0 0 0 0 0 0 0 0
14 6
0 0 0 0 0 0 0 0 0 1 0 0 0 0
0 0 0 1 1 0 0 0 0 0 0 0 0 0
0 0 0 0 0 0 1 0 0 0 0 0 0 0
0 1 0 0 0 0 1 0 0 0 0 0 0 0
0 1 0 0 0 0 0 0 0 0 0 0 0 0
0 0 0 0 0 0 0 0 0 0 0 0 0 1
0 0 1 1 0 0 0 0 0 0 1 0 0 1
0 0 0 0 0 0 0 0 0 0 0 0 0 1
0 0 0 0 0 0 0 0 0 0 0 0 1 0
1 0 0 0 0 0 0 0 0 0 0 0 0 0
0 0 0 0 0 0 1 0 0 0 0 0 0 1
0 0 0 0 0 0 0 0 0 0 0 0 0 0
0 0 0 0 0 0 0 0 1 0 0 0 0 0
0 0 0 0 0 1 1 1 0 0 1 0 0 0
5 2
0 1 0 1 0
1 0 0 0 0
0 0 0 1 0
1 0 1 0 1
0 0 0 1 0
15 6
0 0 0 0 0 0 0 0 0 0 0 0 0 0 1
0 0 0 0 0 1 0 0 0 0 0 0 1 0 0
0 0 0 1 0 0 0 1 1 0 0 0 0 0 0
0 0 1 0 0 0 0 0 0 0 0 0 0 0 0
0 0 0 0 0 0 0 0 0 0 1 0 0 0 0
0 1 0 0 0 0 0 0 0 0 0 0 0 1 0
0 0 0 0 0 0 0 0 0 0 0 0 1 0 1
0 0 1 0 0 0 0 0 0 1 0 0 0 0 0
0 0 1 0 0 0 0 0 0 0 0 1 0 0 0
0 0 0 0 0 0 0 1 0 0 0 0 0 0 0
0 0 0 0 1 0 0 0 0 0 0 0 1 0 0
0 0 0 0 0 0 0 0 1 0 0 0 0 0 0
0 1 0 0 0 0 1 0 0 0 1 0 0 0 1
0 0 0 0 0 1 0 0 0 0 0 0 0 0 0
1 0 0 0 0 0 1 0 0 0 0 0 1 0 0
13 6
0 0 0 0 0 0 0 0 1 0 0 0 0
0 0 0 0 0 0 0 0 0 0 0 0 0
0 0 0 0 0 0 0 0 0 0 0 0 0
0 0 0 0 0 0 0 0 1 0 0 1 1
0 0 0 0 0 0 0 1 1 1 0 1 0
0 0 0 0 0 0 0 0 0 0 1 0 0
0 0 0 0 0 0 0 0 0 1 0 0 0
0 0 0 0 1 0 0 0 0 0 1 0 0
1 0 0 1 1 0 0 0 0 0 0 0 0
0 0 0 0 1 0 1 0 0 0 0 0 0
0 0 0 0 0 1 0 1 0 0 0 0 0
0 0 0 1 1 0 0 0 0 0 0 0 0
0 0 0 1 0 0 0 0 0 0 0 0 0
5 2
0 1 0 0 1
1 0 1 0 1
0 1 0 1 0
0 0 1 0 0
1 1 0 0 0
5 2
0 0 0 1 0
0 0 0 0 0
0 0 0 1 1
1 0 1 0 1
0 0 1 1 0
16 15
0 0 0 0 0 1 0 0 0 0 0 0 0 0 1 0
0 0 0 0 1 0 0 0 1 0 0 0 0 0 0 0
0 0 0 1 0 0 0 0 0 0 0 0 0 0 1 0
0 0 1 0 0 0 0 1 0 0 0 0 0 0 0 0
0 1 0 0 0 0 0 0 1 0 0 0 0 0 0 1
1 0 0 0 0 0 0 0 0 0 0 0 0 1 0 0
0 0 0 0 0 0 0 0 0 0 0 0 0 0 1 0
0 0 0 1 0 0 0 0 0 0 0 1 0 0 0 0
0 1 0 0 1 0 0 0 0 0 0 1 0 0 0 0
0 0 0 0 0 0 0 0 0 0 0 0 0 0 0 0
0 0 0 0 0 0 0 0 0 0 0 0 0 0 0 1
0 0 0 0 0 0 0 1 1 0 0 0 0 0 0 0
0 0 0 0 0 0 0 0 0 0 0 0 0 0 0 0
0 0 0 0 0 1 0 0 0 0 0 0 0 0 0 1
1 0 1 0 0 0 1 0 0 0 0 0 0 0 0 1
0 0 0 0 1 0 0 0 0 0 1 0 0 1 1 0
5 3
0 0 1 1 0
0 0 0 1 1
1 0 0 0 1
1 1 0 0 0
0 1 1 0 0
7 5
0 0 1 1 0 0 0
0 0 0 0 1 0 1
1 0 0 1 0 0 0
1 0 1 0 0 0 0
0 1 0 0 0 0 0
0 0 0 0 0 0 0
0 1 0 0 0 0 0
5 2
0 0 0 0 1
0 0 1 0 1
0 1 0 1 0
0 0 1 0 1
1 1 0 1 0
8 2
0 0 0 0 0 0 0 0
0 0 1 1 0 0 0 0
0 1 0 0 0 1 1 0
0 1 0 0 0 0 1 0
0 0 0 0 0 0 0 0
0 0 1 0 0 0 0 1
0 0 1 1 0 0 0 0
0 0 0 0 0 1 0 0
7 7
0 0 0 0 0 1 0
0 0 1 0 0 0 0
0 1 0 0 1 1 0
0 0 0 0 0 0 0
0 0 1 0 0 1 1
1 0 1 0 1 0 0
0 0 0 0 1 0 0
5 2
0 0 0 0 1
0 0 0 1 1
0 0 0 0 0
0 1 0 0 1
1 1 0 1 0
5 2
0 1 0 0 0
1 0 1 0 0
0 1 0 1 1
0 0 1 0 1
0 0 1 1 0
5 2
0 1 0 0 1
1 0 0 0 0
0 0 0 0 1
0 0 0 0 0
1 0 1 0 0
5 3
0 0 0 0 0
0 0 0 1 1
0 0 0 0 1
0 1 0 0 1
0 1 1 1 0
5 4
0 1 0 0 1
1 0 0 1 1
0 0 0 0 0
0 1 0 0 1
1 1 0 1 0
11 7
0 1 0 0 0 0 0 0 0 0 1
1 0 0 1 0 0 0 0 0 0 1
0 0 0 0 0 0 0 0 1 1 0
0 1 0 0 0 0 0 0 0 1 0
0 0 0 0 0 0 0 0 1 1 0
0 0 0 0 0 0 0 0 0 0 0
0 0 0 0 0 0 0 0 0 0 0
0 0 0 0 0 0 0 0 0 0 0
0 0 1 0 1 0 0 0 0 0 0
0 0 1 1 1 0 0 0 0 0 1
1 1 0 0 0 0 0 0 0 1 0
5 2
0 0 0 1 0
0 0 1 1 0
0 1 0 1 1
1 1 1 0 0
0 0 1 0 0
14 8
0 0 0 0 1 0 0 0 0 0 0 0 0 0
0 0 0 0 0 0 0 0 0 0 0 1 0 0
0 0 0 0 0 0 0 0 0 0 0 1 0 0
0 0 0 0 0 0 0 0 0 0 0 0 0 0
1 0 0 0 0 0 0 0 1 1 0 0 0 0
0 0 0 0 0 0 1 1 0 0 0 0 0 0
0 0 0 0 0 1 0 0 0 0 1 0 0 0
0 0 0 0 0 1 0 0 0 0 0 0 1 0
0 0 0 0 1 0 0 0 0 0 0 0 0 1
0 0 0 0 1 0 0 0 0 0 0 0 0 0
0 0 0 0 0 0 1 0 0 0 0 0 0 0
0 1 1 0 0 0 0 0 0 0 0 0 1 0
0 0 0 0 0 0 0 1 0 0 0 1 0 0
0 0 0 0 0 0 0 0 1 0 0 0 0 0
12 12
0 0 0 0 0 0 0 0 0 0 0 1
0 0 0 0 1 0 0 1 0 0 0 0
0 0 0 0 0 0 0 0 0 0 0 1
0 0 0 0 0 0 0 0 0 1 0 0
0 1 0 0 0 0 1 0 0 1 1 0
0 0 0 0 0 0 0 0 1 0 0 0
0 0 0 0 1 0 0 0 0 0 0 0
0 1 0 0 0 0 0 0 0 0 0 0
0 0 0 0 0 1 0 0 0 0 0 0
0 0 0 1 1 0 0 0 0 0 1 0
0 0 0 0 1 0 0 0 0 1 0 1
1 0 1 0 0 0 0 0 0 0 1 0
9 7
0 0 0 0 0 0 0 0 0
0 0 0 1 0 1 0 0 0
0 0 0 0 0 1 0 0 0
0 1 0 0 0 0 1 0 1
0 0 0 0 0 0 0 1 1
0 1 1 0 0 0 0 1 0
0 0 0 1 0 0 0 0 0
0 0 0 0 1 1 0 0 0
0 0 0 1 1 0 0 0 0
9 9
0 0 0 0 0 0 0 0 1
0 0 0 0 0 0 1 0 0
0 0 0 1 0 0 0 1 0
0 0 1 0 0 0 0 0 1
0 0 0 0 0 0 1 0 0
0 0 0 0 0 0 0 1 0
0 1 0 0 1 0 0 0 0
0 0 1 0 0 1 0 0 0
1 0 0 1 0 0 0 0 0
6 2
0 1 0 0 0 0
1 0 1 0 1 1
0 1 0 1 0 1
0 0 1 0 0 0
0 1 0 0 0 0
0 1 1 0 0 0
10 3
0 0 0 1 0 1 0 0 0 0
0 0 0 1 0 1 0 0 0 0
0 0 0 1 0 0 0 0 1 0
1 1 1 0 0 0 0 0 0 0
0 0 0 0 0 0 0 0 1 0
1 1 0 0 0 0 0 0 0 0
0 0 0 0 0 0 0 0 0 0
0 0 0 0 0 0 0 0 1 0
0 0 1 0 1 0 0 1 0 0
0 0 0 0 0 0 0 0 0 0
10 3
0 1 0 0 0 0 0 0 1 0
1 0 1 0 0 0 0 0 0 0
0 1 0 0 0 1 0 0 0 0
0 0 0 0 1 0 0 0 1 0
0 0 0 1 0 0 0 0 0 0
0 0 1 0 0 0 0 0 0 0
0 0 0 0 0 0 0 0 0 0
0 0 0 0 0 0 0 0 1 0
1 0 0 1 0 0 0 1 0 0
0 0 0 0 0 0 0 0 0 0
16 2
0 0 0 0 0 0 0 0 0 0 0 0 0 0 0 1
0 0 0 0 0 0 0 0 0 0 0 0 1 0 0 0
0 0 0 0 0 0 0 0 0 0 0 1 1 0 0 0
0 0 0 0 0 0 0 0 0 0 0 0 0 1 0 0
0 0 0 0 0 0 0 0 1 0 0 0 0 0 0 0
0 0 0 0 0 0 0 1 0 0 0 0 0 1 0 0
0 0 0 0 0 0 0 0 0 0 0 0 0 0 0 0
0 0 0 0 0 1 0 0 0 0 0 0 0 0 0 0
0 0 0 0 1 0 0 0 0 0 0 0 0 0 0 0
0 0 0 0 0 0 0 0 0 0 0 0 0 0 1 0
0 0 0 0 0 0 0 0 0 0 0 0 1 0 0 1
0 0 1 0 0 0 0 0 0 0 0 0 0 1 0 0
0 1 1 0 0 0 0 0 0 0 1 0 0 1 0 0
0 0 0 1 0 1 0 0 0 0 0 1 1 0 1 0
0 0 0 0 0 0 0 0 0 1 0 0 0 1 0 0
1 0 0 0 0 0 0 0 0 0 1 0 0 0 0 0
