1024 32
f B
3941633763
92937210
1590274502
3928150895
1614681692
1657380519
3471090775
1454422883
1786455469
2375252002
270454539
53831173
186258751
4112779112
3577310273
2337080600
393167467
3631328275
3828280347
1561919039
2756638352
1000824447
19166384
3844074798
4269104641
829012819
1586022437
2723464043
524237060
2690570496
1584410605
3984032881
1271392973
2514746103
2998170695
2503441011
4200079605
452017533
124719675
3781641648
1830634764
1274184017
2458369269
2631475391
2311157955
4120821761
3877887035
4121008640
797371158
996224558
170301995
1933962050
280941870
233550453
2408940104
3519534212
986642216
1174193544
3511331211
3274386544
4292462423
3806878637
3138797521
1565154990
1537928000
2781747482
1358633490
3237458987
3568417520
2127725371
170741190
2420573749
3290288080
4195002760
1297498942
4034530136
3746508199
1875381409
2635974553
430210188
2032893995
2643655643
1269144326
1748259464
2744170605
4103199827
1806865301
2470637158
1540437160
1660729991
967608927
396019924
1072209372
1956715559
3208469040
34568512
4143237203
2340071963
294071279
836300055
1360594005
2712660160
4266663607
2767019912
3568210963
3459327340
3710971033
643077054
3023942109
2638848830
697812409
1484323695
4201667057
953394041
2837057669
3949646884
2508097033
2832085132
2635961968
2797005947
1961638206
1808661975
1177282058
2297376832
1831092248
964884973
605885335
2937417739
2006449035
714587732
1871175032
1066493820
2208865289
2349204916
2812225270
4105637543
2145708824
315267926
4184370946
1229442504
3189039144
1891555532
4012434570
3514719860
1088489276
2037250925
3888499032
2566798081
794601034
1219912635
2112028834
4201405202
966482894
1390071637
2803951629
3549024726
2308305613
307144548
2361636219
3222102742
4102465295
160414418
2128244728
40831689
962806118
2044501586
4117563288
2310529374
1082548024
3071337981
820802761
3925871388
522145648
1559519229
3173712958
3854498416
3306280959
1038332171
2834055091
2176052627
1188346676
354431524
102376418
1964664364
1530107566
1126510804
1040938858
3802797677
1091229578
3451542929
1384873006
2921230125
3299372307
2283841546
2852725819
3442554998
3572603928
996563812
256762047
711676285
420584124
2774745544
3512593144
3289549318
2976206625
135131455
2006456209
1250879336
1118357637
2276546548
1740672694
1963443949
2236328797
3599205673
4125653582
3556397606
4158167241
1297824989
3761295493
256409501
507446531
3254357272
1755975718
239608387
2709186258
4139957172
1350697244
545687933
939683904
2845623796
4234196529
647735689
3642866681
2923451880
1714243446
124991795
147216198
3776455033
3292912382
2943564731
2058983410
549165551
1664683460
1790454352
727288815
3232726270
529045879
1464121667
2426975799
1138033924
44058458
2569886405
2385955644
1369112475
1465890993
4111723945
1790554352
1995480228
3452025450
3373688401
1355771788
3613610408
2167118947
4008229816
862404400
636197056
22814894
1648470885
2688484782
4253335421
1401493222
371362128
2314854611
2638559878
2880206121
3008000586
3642235397
271215195
3458519623
3788912720
2500543126
1768325283
2297783697
3673214632
2447435376
1769942780
3653177542
468121248
2333676915
229160751
1248988518
279103344
3469196517
393379188
3298765225
2423731095
68827404
2739501206
8963621
4177788171
847733370
742009430
70716358
512664311
1275417713
2750759134
121178083
3930757090
3073484856
2245245577
3804839159
3153561179
3378320633
1637451205
1942175424
961822327
2222760476
3958407819
3427154698
740409952
2872388078
4086833012
3275069527
2299236545
2876247488
4160626953
4291412824
443878305
7144380
3787088213
610010909
4203868806
3208055463
3626695072
325432771
3124422375
723392400
2589224099
3214745219
135584082
806494097
970088029
179006783
1607331597
1248339143
703464550
2136035115
1371118311
1379750177
1102264761
7776480
3254938748
2524018627
4081736872
3457084930
3433379374
1678929184
2504542715
1883394442
698251943
178010857
4275928542
873343111
1615122654
3166537062
945521987
1515529523
66737954
1615532029
3450182
1955656235
321271539
1701112876
2830237127
3989240675
2595667731
971008996
1318790138
3648161590
3562670964
4093563154
2841879514
1690223108
32757657
4125970535
3751861082
2838041722
184347789
175682161
786354924
1173114925
1540028021
4145658584
1978903981
1681476287
1728506212
952731885
2051967863
1298665854
1471736305
3320848911
3095395159
2905908948
3029735815
60276702
2790642012
624977152
2987439296
1620290939
165938982
3834013860
3927867867
4263224277
2659168625
704599573
1319425997
2023606797
1980975319
1648885550
772971424
3731625225
3743489095
187693726
3431787086
2608876673
3544016054
3368949876
3793961669
2057470814
1930078653
3844127736
1584954584
895407344
3477137606
3364394219
1818140212
349105410
761611567
3393911435
2884406570
1843023827
2207101851
2843427566
1291407660
1694035532
1528515979
667028982
2012656623
2315598963
285415361
3031805181
1568220472
1361379111
1388187251
1664986391
2639678670
3950653739
4282572547
2621598722
2478100999
3580330248
1803630970
447338055
4234956864
3202198859
852861366
2367184916
3930779066
2244750431
3938282675
1913159452
1100869098
452133024
3721046343
729269990
1297764251
366029966
3055431015
3373437146
3942166681
3931008253
3215477233
3172551864
99076268
2467734743
3495224363
4200326647
1378904885
2853396266
2685602081
1074552927
2776148007
4154704628
1315058260
2308419214
3350600708
4070233980
1410285440
439609876
1299733788
2148096834
335544151
3613944547
3072886929
1245266128
2060446739
3503176211
3705006657
474919587
2170373547
4042821487
3134049928
568442626
1629487426
4130356137
2442205581
4229460872
556069642
2718910961
1798961839
1070952644
1748870444
1564016000
1160004493
3361504954
3214810677
2141453510
3276958154
659705455
3277270909
3804197990
341266441
2506865247
646155097
1742695319
1441163256
1525371784
1101977970
2380346418
598176346
3218846104
3377621054
3798794356
3437842117
4289572727
3450677298
3325854002
4239830896
2557418825
2464706253
2172894797
614606233
1692683988
1919257446
3023925489
3824097197
2941448021
1534884601
40240607
2452647545
512605307
3463809183
247672673
1074474322
1700112830
61140859
1861726439
2120335435
3226830758
1942325115
1656254833
4065060952
3157745635
945433103
559533675
3043575023
3014666243
2832206090
2493216783
976765599
1952203088
1782595046
3459134232
3059284397
191274654
2421475166
446332041
2215482019
3878498047
1568799814
4219453110
2147164714
346256814
1204472770
1625340229
2080849093
3061286213
2744520281
96781192
3617648539
1669371458
1320063051
2002216296
237001292
3270224043
4159459037
35328413
1473422038
2730551460
1358452032
1116061093
4016643627
1370810504
1540870479
1988186966
984125196
1907119231
2228769286
1265087218
622514447
2358244057
2916079421
701809539
2136170970
3982964689
3144756607
889933788
2303848818
3762626066
2556627298
3414423032
1319652184
1531136635
3414444654
712474342
1224621498
4152091922
2062332852
421318270
1627974614
1980200688
2653247384
4114898620
3421816258
2109152228
2749757806
904888126
2888377305
2978956479
49408241
2087879975
147039721
3304079300
4071871315
3190307562
535298638
1023591867
1800394460
1111213215
1561998012
3741246539
756524694
1336347587
4074863098
2116109117
3661310250
4036703390
1882941472
2774875233
2932795005
1836996565
2198466936
1659502696
2728639257
206986159
3165113594
4181957175
3730474634
1132861439
3886790901
1705680269
1215133830
1729528060
387053151
2350794364
1175904601
3538758799
2885730946
419022201
2982658016
1527196669
3639278154
4229112798
2058386464
1737909318
379465621
2574954573
4109291312
3284893389
3613460204
731483731
447615420
199053316
2245771474
1439325434
4067733450
3271500733
3363623986
1857150626
1815023971
3890440411
291221639
2961717831
714431468
498284836
2576274533
3837476015
1472038603
3644784461
4065779798
173727708
4170450734
1973100208
1156141572
1450605171
896616834
1274749449
917512635
4281965388
1552690534
3443549753
2675229168
410796184
171470683
2164460499
1633386557
3468787224
4124480343
834181566
3088396264
3524081919
721816066
336747259
2392690120
3796145818
2513417445
1792074142
3027040024
2182784989
2750572698
2925154566
3917484154
996323950
1982375249
2258938891
2268289650
2784011052
3174038720
1955328380
196734992
2810350839
434088177
4136535487
2705782461
3803514318
822284769
2730462882
69489338
2012831845
3115268351
1881279584
1304890974
1704194364
2307445128
2669679861
3892927964
3461587610
4113162548
140994458
3837879929
3231048106
3997696945
941557952
2103098392
668361127
809403337
2033821333
268875597
2749213601
3466211618
482392172
1534558751
1536123762
1559714705
2605982361
4175145134
822708819
53231969
2180902398
2092451273
159282337
1916955196
1378933092
4261209058
1253582105
827798110
3370617050
3556811968
2521175788
2958985982
3438094764
1624282350
585855072
2404092660
3765393268
722676922
3710842058
4180857644
2583756356
2552565736
1363368475
3637333896
692949227
2806691731
477736472
757110445
257094898
999397638
517414469
2151239532
3472501370
2106753876
582805001
2783640475
492504148
2601080536
3890550366
3932430150
853629427
739919594
3408130850
4074364448
2778970133
2860159026
3834849209
2277899817
415487837
3294225230
4271959222
2615032250
3189085858
955375324
3804202367
1415261567
3186444764
4124077345
1391849124
3214284252
3479895337
3418086292
4096531750
1370330932
1866120777
3317796429
3096579426
3219470693
3374603363
2661627665
3289956824
3997408954
3219456846
1569417445
1819462954
3369623867
3443534928
2100988536
4107180307
1667468044
3203674840
283674956
3005860599
613689515
2210823838
865538736
4232954499
1228120698
2827077774
3444343206
909075868
1291977845
4229069031
704269702
1606771766
786980485
4128891795
439326238
1507171659
3609924952
3167024690
3807154347
3709713581
1104091114
3099369239
3659861599
3634478557
1523626214
3960107749
549002829
2675501079
604442736
929256726
2987191913
347415851
484987812
647223486
170882792
4249378441
3432449976
4232850870
1543080353
483853520
4023366152
2100336556
47742437
2779931119
911419082
1001590121
4264766351
1136967415
56707034
1685345700
4103332053
3323200341
3156908056
86289482
4224487959
3132024719
3749658703
3351451054
2269137641
750116847
2487353448
4264193675
3658698502
973825456
659987585
176084267
4212864132
817855720
4189836894
2850217915
4213137961
2697428220
3174533362
1484848179
1413395054
4082262605
933833150
18810512
2696905576
4138763586
3188000377
722476986
1153518914
3094391657
3223780061
2724983592
3574144197
3152013873
3602554878
1964753043
126186390
3866081347
3721406731
3996803663
3614770771
1470536380
37885400
3980400797
165443408
2642518497
1510281659
1130244105
304131763
967445627
2239063072
320797866
964877595
3175922402
973128235
2887926494
3193144275
848468298
779389978
4158402433
4239137151
3959721642
3660499217
1625321893
2749245598
2252117617
1026409027
2119029254
593249823
1293695771
1877187739
3301745933
2182520177
668251071
2139053450
2053601980
418521050
910544809
3989579397
2977966044
3271176571
136222144
355585322
2618361361
1491788885
1786809000
694658948
4231360170
983536200
