181 181
F _
2972798880
3656043551
2509403169
4095924505
3748450611
3369744850
2117607083
2868540375
3663449327
2289418495
258281628
212156378
866615089
4132703443
2016463466
3560701359
1026235396
4135720004
1863075849
1945763867
4287340273
2112648838
287142764
4207761462
3055362713
1057535212
397590488
975644399
2642903396
1753434430
142832414
2714159258
4044474661
2930809175
800511499
2635164816
2216844064
1760732042
977830371
485875116
2365678507
3437997781
1009335064
2445349268
849346790
3752348261
2692719622
1347382459
675429317
3684769862
777718252
1551962082
871679203
3994696806
1263256461
4040027335
3637914077
418412011
3894780027
1158998781
985295521
3173207285
3519997245
3504546461
848634446
2360831713
3861634688
3306454785
2091265110
723195571
1088047727
2845091895
2447102549
2644602979
3342018821
2591828285
1965624538
2131129297
232832970
1303775294
3024034117
989005879
1490594656
2511129596
3247847490
3283134447
1562366020
27016129
1862548964
4045099737
1516392055
1904872673
2734282143
1678717362
3142833090
752862614
631733363
3337759762
4248869778
1272169678
3517904253
842499693
2884496282
3323237374
2792922040
468514840
391239712
728605266
48038935
2031222449
2497524274
1978085484
457973871
3468855843
3948103530
3759198121
1749647406
3091593813
842342456
2422641680
3610834973
353444792
153711207
3757262071
2446159440
2126569830
565547755
3317514979
1076774684
2776344029
525704072
3828556811
4032242716
2096429747
2304458739
786644873
3293096308
3015007489
4288061896
2846049857
2001713949
387116186
714773985
1814426443
119321783
1759302931
963694432
1292086899
2852329634
3505403217
2762718774
948846875
2962542197
1231241671
748126007
3093736825
604847755
3446209208
2166894515
1584942113
2687618736
1720272917
1011306714
480509652
119732588
3140154633
415901199
1438820704
1018346411
1596116355
3245945758
853374499
1669395749
3892533667
573160660
4044271619
3552022817
3914713634
3619932330
3983889149
1822446081
3174404663
915467862
2090303833
2578064730
3688380695
241837692
2761733942
1790044076
2034780853
2783822709
946839293
2471368217
2152469846
3768261043
4173901947
4054404702
565237911
1737459400
2648206034
2603469471
2810397277
4061594129
3666320213
3926493029
1147231522
1540250644
3643912627
750214727
3543007716
3152837805
876693644
2646099274
1969973852
274771147
2580501546
105741772
2284462747
1999115182
1879809662
2338805944
965841772
2259940022
3172795229
2799281488
3497141361
4139496108
2888084197
947190890
4186148226
1027755452
321034957
76333228
4073351907
548411436
2494517627
1498405718
29476061
1798160949
1936343617
2205044328
2636662831
4112591540
2375623796
4271861939
1275715208
2678976372
1184399427
771319749
1599545324
1746835605
3002777118
2428909167
601272256
1962031351
3359081121
1034128622
1434474730
662678759
3289044281
2651055845
4012512798
1290557418
4189041148
2742283759
3710818056
4118610687
3726902667
4159599972
220271032
55626134
596888902
645981483
2779317569
2174669899
196719945
2286544635
2816668101
112323834
2462550395
3631750150
129405981
4115885170
2015298166
4192666662
2364575814
2490897445
751345849
2719158110
571059283
1625866532
989398195
2260267592
2474029158
500818394
159335265
2059841576
2946245081
2584068150
1182227626
608690119
2637479316
3198838335
3795248353
630358
2655004544
391832747
3941775193
1308045375
2672809727
266142610
862107629
2095806168
1488357619
356718888
1534576078
554241484
2079294234
3496924658
266626146
167275466
3020449908
416146340
2712245500
1421579537
3752921470
2294059279
3924285469
1547021807
3943264971
506061221
4195861279
331060340
2357193465
3783906516
2778828732
3862032131
4238044953
3478463109
1948158403
4019945684
2400935830
2348769542
615066798
2873738626
1059660257
2453046721
2260496038
4149898921
3065325491
2676615874
2261675364
892359298
2044948573
1874590939
1152856768
278364584
1746527387
856647076
2613716711
3092943579
45637444
2882295382
2924455976
3087042530
2922431502
2342558435
3327260883
3110726441
1044721129
1794760327
1481273702
194689913
4061565695
1065398995
3298032651
801416451
1931944310
1342948286
2721536584
2165777757
882923127
3696707089
630252441
1631998638
399326306
363720913
1874353544
2766607636
1912672912
1581621203
1091643810
1442760438
931118361
1459663362
3678629765
1433836341
1056317484
1794469777
1240559461
63992410
3607571525
4058609515
2931940137
1035853208
364892092
2114992666
805420094
2415329291
2115074980
593932528
4184179052
2338807633
927793615
950318950
1779637059
252117319
2140723690
1288299465
401698008
1060319075
1978174669
1944143600
2650283594
3838236997
873639568
36227611
3254975668
2925839009
2560347738
1954207172
3093925345
2212114212
3076297046
865963202
1951282950
1437294259
1522593507
3177123946
1517377396
1655982468
1328647195
2192848691
4205412753
2310137959
4247781032
2676866344
3555978870
3550783631
1037589795
1646683959
1007964424
4067293358
3541129838
2143357677
2515967320
737183494
4289211817
2258332866
618941270
4095172789
4125696735
290279027
1308853482
835267109
3859519949
3147823558
2513050194
510893769
2435730962
1364322017
4210379431
1663174834
2196219230
3748748449
3903711673
1870357104
3032847578
1811168172
1172648773
688120430
3426601456
2310275671
1372488311
1624687920
3879583362
3894930834
1994990222
3992754509
1889779789
2709725625
139483593
4273951925
2984790375
2704365813
4228440233
2058769634
299439234
3504551299
4195557387
3838920372
445532246
3195395076
1205763604
1540922481
2955821399
130707607
4043441430
3471890485
112016579
3473942699
2510007004
2922530704
1595470100
443629822
586909193
3298514742
1579868694
4172666644
2122764774
3089320824
4253624036
424413265
3462057637
1212634250
1477749593
4263204806
887219153
2998123653
86885360
215643444
2834805479
3657029548
3819694066
2988840334
300214109
2206369450
2279331039
4227115381
3460065195
2161110267
1170429895
999817766
1112641705
3118661296
3293360950
748001343
614611738
1144561486
705328747
544801759
4224109877
150296132
2738083692
1645828651
610345812
885700027
3261953681
1552494366
1038133373
2150644607
3852640151
4256331870
1656510264
3029340753
278931651
2211132679
1445860697
3943016879
265537478
2968056768
660913110
3308256514
34383792
1185073039
2021095718
3802634361
1694861591
2193209840
1705736482
1159165848
2739171811
3504838628
3970476219
1036396298
3029954570
1975583088
211313870
4100767191
494528327
2519469438
578352732
683139218
3532308709
505643129
1521898032
3102886834
592353985
488410292
1952295255
1616201500
543169447
3113552232
2570737118
1529207813
371432662
887562968
782761552
1349664515
1382953366
2667920948
776622105
827697788
1871785711
1903220371
621349777
3418398481
2334956954
17252138
2119896294
539319743
4224999450
1819977020
1883972395
1567388561
1740369827
1182912151
1233318073
395311657
1587510666
1760834368
682764555
651145295
90088317
2933667891
3189001382
1879810545
1262442734
3571780372
2342814276
2575481055
3554447085
37988116
1969640542
1186131012
4043627132
609564400
3555794382
1276755133
2420757761
747923543
1922309486
476875659
909084151
238907070
250921471
2539965840
2301537947
926887651
3496700699
3325118189
1942947431
2204589082
1353442227
4185032043
4149532851
3810062508
1589641073
2514060337
2182664255
4048300103
2385855676
2712969940
3902135987
754218764
499286137
567411849
4247051687
4172241038
1133799167
419127781
3264127605
432862408
3647984294
2664255944
3610058805
3633527032
3367106225
897607174
100785910
378999546
542674143
2358776180
4292269467
3283995644
1951386022
4005601050
2459456270
2467467044
2666381637
553994480
1025515894
63884461
682683405
2777622424
3408684316
552614351
715410068
651673604
1321319976
427182682
1450883629
4070591430
4123098500
1590823395
3341565571
1832730698
1896699866
2514828751
3823892252
728407044
340759024
1318238253
2248817847
848519731
3834209459
3747749601
1824690772
2567322903
3332291853
857175486
1718565362
1173339400
3967014146
2334578204
894938842
3192223153
508638878
2773915088
2066793104
1999603774
4035905763
1665333658
2833251978
1589233123
3912498145
3971355129
4199786568
2622889299
373676952
502480644
134007535
2824993444
802749219
902766337
861323873
4119216714
1376672142
3605565454
1558980139
3321120428
1423177191
2928018090
285446693
3726385152
2314192540
3005352682
2640526245
3706486888
3962794890
1964900797
927810889
1511612393
3716196575
1627163099
155821436
959174408
2633777360
42376930
3073740713
1000314905
145851969
1164455890
12410447
1744306074
2694853154
290586580
1726003133
4103725826
2463402802
3516324885
3900257508
1302983112
3688061422
3261612346
352222472
3590032344
2879498268
3788356084
2523943535
3058655791
1517677259
3065554945
2148213791
4124372879
3116257370
1577884449
2060453035
3726173830
2877264172
4173143439
3869545696
2634807595
112335789
1899774839
2550185984
3262092768
1189940221
2108867264
917109978
2998008976
3852496120
2144388961
2630730865
1061017476
3997200040
2456633408
1744457396
2620113809
1471330154
4180294590
4235675303
1428751788
1522820789
1273990557
2003482770
2110325175
1360097916
1195281937
1974519839
1651250821
320875645
918521495
2023144687
2716221625
2395046175
3723032054
783878664
413651858
4275619555
1754947563
2719785489
3802391828
4150275830
3869160353
1766512365
518646413
2113425882
3884375135
1739062531
1343566378
3826462296
3024536883
2119457888
2907129011
3397053047
2275890785
3484767302
1996074344
2871718052
2139822370
581863727
24964894
3885198322
4259330028
4118378226
4259455443
554167432
3727578135
4178346841
3162712199
2583276193
1903987256
1495824054
3298214991
4061696237
3687537435
1048540759
335454263
1961093065
2452808404
693971562
1852579467
772081246
1639950894
1142668889
2426735526
1528894301
2934809587
3481385375
3076139065
1722381164
1178524452
4119034260
1882125944
84222398
3027981498
298970523
703628417
339068809
1481600135
257562191
3045235446
4276521123
3007178389
2814830997
3721359029
2089533946
2022712429
793006493
2433356577
3940708741
3933632421
3803386929
662948725
3352509016
1643970976
452136270
3229374746
254973420
256719315
2553283404
802909073
1060715366
2652248522
957850398
2860544578
2186659278
3304291542
2109375954
3703879126
3173383122
1223388803
1289358229
3436954220
4185115331
3365560120
321880933
2934340639
1131919708
2536292868
468946230
122137131
1004771837
3434413383
2633862190
886786362
603284950
1788073811
3174953683
35481593
834903793
3347700145
847149158
2927918075
4153624497
198191619
2179172685
3366530165
1802963237
2257507234
1585926772
1369996407
3560028782
2966271872
2595177030
3251100087
3397119296
2033258606
2203678515
3602454650
1459257758
284796451
809046816
821160970
1538165216
3251350956
3563646004
762822272
499035149
3296758064
975187096
290579908
2163964933
1991880137
3778971496
2200028726
4094757525
1717994175
311090762
422370647
2077746236
4140870902
3969749546
1858958742
2349819644
1256861102
1084033520
2613982715
630220942
4152381574
3146258762
1470276320
3745354547
3410624388
2361695775
3727313342
1327414226
1389655253
4150220442
2148988987
861995855
306156599
2048753664
