40
730 830
822 865
663 725
141 218
260 347
916 989
807 813
192 243
914 1011
316 325
181 244
348 402
781 821
800 880
356 398
141 162
114 133
888 944
660 681
605 664
629 694
55 58
939 1026
641 695
971 1029
180 240
575 650
562 623
279 329
98 144
910 983
493 519
542 621
865 932
990 1042
731 736
819 915
499 572
645 738
410 452

40
396 408
743 812
426 472
587 606
587 590
233 289
874 890
186 202
318 368
375 467
421 491
424 518
959 977
782 859
542 637
644 657
260 329
339 368
158 218
926 959
448 517
763 817
905 961
115 147
280 291
163 255
31 58
324 350
335 392
257 334
861 892
455 539
563 583
121 152
274 340
124 191
230 256
136 229
506 556
145 215

40
126 156
93 127
982 1053
343 370
933 984
163 244
306 378
691 789
2 71
665 749
54 100
462 501
534 542
386 419
421 501
413 434
15 66
917 977
209 227
129 139
432 490
862 896
965 1015
7 63
432 504
595 622
626 640
186 282
583 677
663 736
243 311
485 546
268 305
435 482
729 741
297 347
673 754
64 88
703 704
957 1006

40
405 438
726 775
359 375
816 852
833 876
9 63
107 167
737 801
900 903
406 460
333 402
272 280
423 494
602 680
391 484
435 462
401 437
692 734
236 334
842 930
900 969
814 874
461 503
515 535
855 861
639 645
125 190
374 449
146 212
196 260
286 309
234 260
293 378
11 12
249 320
254 285
329 392
590 632
298 327
129 210

40
237 328
830 908
521 565
731 756
467 516
918 946
651 672
954 1034
952 1016
556 626
238 316
782 856
823 860
739 771
153 185
932 956
615 665
563 639
250 300
207 301
937 957
191 207
62 114
162 200
875 880
86 148
52 113
424 504
783 862
476 575
642 643
708 720
716 771
6 58
351 375
633 677
572 667
329 413
639 651
932 979

40
20 45
483 548
154 217
381 451
72 101
440 495
694 705
49 51
428 527
982 1013
872 912
115 203
780 818
994 1027
815 877
302 310
741 795
441 448
481 537
356 411
178 257
856 939
475 517
979 989
872 956
365 378
478 550
723 823
898 927
507 605
869 929
817 865
86 123
850 940
584 596
327 399
285 383
68 144
308 310
561 564

40
23 122
985 1022
72 162
34 114
493 526
4 32
321 357
293 374
565 636
412 437
327 398
700 781
42 82
308 373
982 1049
61 107
625 674
723 771
942 1042
359 375
757 849
508 547
4 49
978 1025
316 351
719 781
582 583
692 789
488 562
391 482
371 448
781 803
511 596
347 416
849 885
516 567
811 910
165 191
365 443
927 938

40
707 727
717 743
302 376
719 748
592 645
22 55
426 434
226 234
280 354
744 805
400 404
287 376
774 841
237 295
324 349
397 426
728 732
469 517
750 773
933 941
784 859
26 107
643 740
403 406
388 390
923 946
515 586
961 1020
855 873
109 115
417 458
380 392
837 847
694 726
735 817
293 384
122 179
577 605
527 541
594 694

40
756 788
13 49
659 660
98 107
492 518
749 836
725 739
140 201
185 230
393 421
607 659
425 446
661 761
739 815
965 1029
509 588
231 279
724 804
838 900
458 540
55 136
549 574
335 363
677 748
85 152
294 379
568 598
223 294
82 97
930 967
85 101
669 680
357 402
192 270
375 393
305 348
71 128
484 531
720 791
959 986

40
240 319
405 407
58 72
320 321
528 625
684 742
864 936
26 119
70 107
371 401
899 964
406 453
533 538
116 141
591 650
225 226
354 423
621 698
363 365
620 682
535 631
659 723
285 383
572 648
3 54
99 173
588 655
266 309
56 85
195 231
972 980
684 776
523 528
495 581
317 337
994 1089
872 875
629 684
180 241
34 75
