80
811 877
674 708
383 409
649 748
66 91
218 292
223 303
940 959
236 244
548 550
656 726
503 582
407 505
226 282
36 117
629 681
710 746
388 401
286 358
776 835
664 762
247 310
528 628
343 420
543 628
385 415
870 881
859 903
682 738
454 493
313 366
346 365
732 775
662 733
197 215
772 822
850 864
892 933
443 541
536 596
761 775
457 473
583 649
112 212
134 141
799 857
659 691
561 594
460 513
670 730
587 678
532 614
465 473
939 955
335 423
663 721
409 429
276 357
556 558
917 997
154 251
461 463
723 754
794 854
422 438
30 66
344 412
400 409
292 384
2 33
133 150
620 633
952 994
722 739
413 464
74 110
78 88
472 507
945 969
245 298

80
715 810
117 139
454 517
168 247
452 547
531 598
20 74
216 238
725 822
203 251
497 567
367 439
116 129
464 553
252 302
634 686
915 974
906 989
922 1001
147 237
241 325
805 846
973 974
241 310
473 548
31 105
408 485
563 578
417 463
134 166
901 903
825 874
933 1024
743 759
479 564
27 56
130 173
704 775
455 539
704 758
812 898
47 137
75 98
881 924
472 569
776 843
867 909
434 490
626 713
499 553
179 187
248 279
928 993
940 1022
723 818
61 161
301 347
457 494
914 995
214 300
479 546
519 522
919 940
526 598
721 773
950 954
566 570
0 89
386 407
825 890
593 641
985 1069
604 686
303 354
596 685
211 308
206 305
324 408
616 671
147 229

80
587 623
168 173
745 770
852 899
665 692
199 217
600 693
362 428
330 332
687 731
354 432
968 980
902 915
750 776
775 864
27 85
535 541
57 125
308 392
660 729
260 271
574 645
305 307
298 360
191 213
83 175
443 519
797 819
919 965
652 729
467 525
108 200
982 1045
121 195
638 726
192 198
148 194
222 315
363 372
575 647
74 80
793 840
376 448
923 996
784 857
24 48
93 123
552 648
752 813
696 703
376 381
201 229
408 423
551 575
847 927
499 519
740 835
419 475
921 934
624 683
130 148
689 782
773 839
502 567
76 175
951 970
953 1021
885 978
993 1007
265 269
693 732
749 826
893 970
696 708
405 484
790 887
764 814
998 1072
650 671
13 65

80
595 676
652 653
826 926
430 440
335 351
437 449
555 591
293 365
340 418
424 427
180 223
363 390
671 750
209 241
429 440
895 956
52 116
400 479
706 727
930 1004
665 705
969 1066
652 709
546 599
65 141
235 328
320 324
665 734
939 971
641 739
837 853
403 419
904 915
860 875
98 178
3 42
928 943
598 605
918 927
70 90
693 751
361 438
222 312
534 632
63 137
678 756
323 332
9 102
942 1004
294 336
762 782
944 947
707 722
125 191
386 483
480 573
488 509
98 123
313 407
260 308
947 970
304 378
663 688
633 657
903 945
336 400
17 94
264 356
995 1089
717 747
807 891
304 347
353 428
110 149
503 570
810 907
904 938
871 934
120 181
643 731

80
163 209
377 393
135 155
925 1005
119 134
605 632
958 992
518 585
369 412
357 417
496 517
904 986
118 129
259 284
518 558
927 953
969 1055
480 524
253 293
638 734
656 711
623 707
942 1041
82 91
23 45
399 431
253 318
942 1000
948 1019
717 757
402 416
285 343
977 1028
471 561
691 784
259 346
982 983
434 472
48 112
173 242
140 230
164 199
61 94
308 343
627 664
91 151
412 511
966 994
789 861
77 148
633 696
164 255
184 233
302 391
428 468
645 712
256 326
645 729
162 222
602 641
562 644
526 566
139 175
968 1031
338 367
322 325
445 540
409 503
991 1003
18 31
185 284
107 145
778 872
896 928
121 156
336 423
266 318
535 572
504 600
972 1021

80
739 781
62 103
826 922
34 39
2 11
48 134
751 761
848 928
522 597
575 578
765 845
542 553
731 808
460 539
147 222
643 659
510 558
521 600
494 561
760 844
226 234
615 698
47 115
370 437
178 182
936 1025
403 413
932 967
980 1077
479 577
35 105
859 916
43 69
219 258
658 660
57 104
846 931
79 136
785 882
163 195
375 388
69 87
678 679
434 465
53 143
830 856
624 724
414 426
907 972
276 298
85 112
78 171
919 984
865 958
932 982
393 419
852 935
125 215
484 510
193 219
328 418
123 157
163 176
618 658
310 410
412 472
567 629
424 500
908 987
995 1039
249 255
214 269
518 523
391 463
973 989
799 833
818 851
797 893
156 246
697 724

80
331 342
947 1004
386 404
445 515
150 158
558 595
520 593
457 498
928 975
917 954
322 357
830 919
718 755
124 178
898 932
394 397
995 1085
730 783
612 651
942 1010
925 931
242 341
16 104
705 802
272 297
654 747
35 71
540 552
90 190
439 528
942 955
597 654
429 503
743 766
109 170
396 445
616 627
568 597
337 419
224 243
150 246
850 934
799 837
939 977
710 771
680 728
631 686
945 974
706 716
803 851
230 278
38 121
552 587
886 946
804 851
261 320
804 868
121 178
631 684
946 979
155 228
150 171
566 651
528 575
1 91
791 867
118 211
779 863
932 1000
150 214
65 105
744 829
415 458
147 177
338 392
232 303
481 511
449 543
370 457
417 439

80
435 454
417 444
478 498
517 579
829 877
142 223
487 558
353 441
737 764
440 465
449 493
151 172
847 926
242 302
460 499
596 620
463 475
531 588
198 205
595 670
26 81
480 502
999 1021
680 725
466 553
344 407
819 870
38 105
589 658
863 910
276 359
570 641
255 284
508 529
797 897
573 673
644 723
611 644
784 881
837 922
706 745
571 611
257 324
677 726
685 751
409 464
977 1067
985 1053
848 923
324 408
212 250
459 495
979 1041
814 846
51 146
81 170
199 243
898 981
435 480
68 158
980 993
576 660
588 676
10 84
156 189
322 400
242 264
245 282
502 549
739 775
800 812
186 282
332 405
931 993
976 1076
195 231
269 367
429 502
316 354
261 332

80
803 902
144 147
408 487
371 444
790 889
561 566
286 354
609 702
127 137
111 154
297 338
186 239
446 464
558 653
698 757
803 824
516 525
29 92
22 87
725 726
826 879
592 654
789 873
23 78
785 837
247 282
837 908
457 547
583 635
461 492
293 392
146 192
896 980
585 650
651 715
947 980
771 796
208 213
614 685
314 325
377 447
209 255
597 619
104 123
393 481
928 1018
382 385
788 804
255 306
180 203
423 448
589 590
888 931
385 449
857 926
820 897
384 400
167 255
296 350
904 967
764 791
353 380
109 115
439 494
776 795
854 901
188 275
956 976
386 434
163 239
333 380
859 912
693 712
960 968
215 271
383 419
919 931
190 251
801 845
493 502

80
283 321
176 198
887 905
262 358
576 631
951 964
723 759
433 527
833 855
187 283
121 132
518 582
27 94
497 544
346 388
92 101
242 281
80 147
419 470
477 560
947 1008
219 302
123 183
525 566
971 1012
586 620
344 439
502 534
663 724
161 175
426 517
62 100
522 585
567 575
237 278
783 877
163 167
504 601
492 532
334 357
684 761
188 207
465 482
741 753
276 313
438 528
974 1013
442 443
174 270
469 472
824 868
46 70
455 493
479 516
278 332
742 760
956 957
393 468
326 334
557 581
953 1008
880 955
185 220
256 278
115 184
219 233
914 955
344 367
536 595
110 163
186 235
380 474
410 479
665 666
95 159
325 404
727 742
871 875
40 122
440 485
