1.00000000000000000000 -76270.43798828125000000000 223.44854021072387695312
1.00000000000000000000 -47231.14160156250000000000 29023.25114983320236206055
1.00000000000000000000 -50801.02905273437500000000 10653.78510975837707519531
1.00000000000000000000 -87896.98046875000000000000 21051.44113487005233764648
1.00000000000000000000 -27108.78662109375000000000 13276.18250274658203125000
1.00000000000000000000 -4074.45068359375000000000 137.27283811569213867188
1.00000000000000000000 -75760.71020507812500000000 38989.86626791954040527344
1.00000000000000000000 -25485.27734375000000000000 174.21571636199951171875
1.00000000000000000000 -14317.29785156250000000000 10066.35566711425781250000
1.00000000000000000000 -36921.52807617187500000000 25166.74883985519409179688
1.00000000000000000000 -45460.73266601562500000000 66.59286797046661376953
1.00000000000000000000 -71710.79882812500000000000 26856.39426302909851074219
1.00000000000000000000 -34121.07104492187500000000 22741.38290941715240478516
1.00000000000000000000 -76143.40283203125000000000 36305.45276552438735961914
1.00000000000000000000 -81448.42968750000000000000 3678.69900792837142944336
1.00000000000000000000 -86626.55761718750000000000 63827.32597088813781738281
1.00000000000000000000 -61781.17358398437500000000 22036.56579172611236572266
1.00000000000000000000 -24430.57226562500000000000 13199.13593190908432006836
1.00000000000000000000 -32769.10351562500000000000 15528.29837125539779663086
1.00000000000000000000 -92367.03588867187500000000 17747.24268341064453125000
1.00000000000000000000 -48535.64257812500000000000 34161.67683881521224975586
1.00000000000000000000 -28105.00317382812500000000 5530.38914930820465087891
1.00000000000000000000 -67760.02514648437500000000 38577.89329838752746582031
1.00000000000000000000 -74077.18408203125000000000 40076.62134647369384765625
1.00000000000000000000 -27113.48315429687500000000 16018.84752154350280761719
1.00000000000000000000 -34918.13012695312500000000 34005.01374053955078125000
1.00000000000000000000 -54624.43432617187500000000 3614.06342101097106933594
1.00000000000000000000 -97392.42211914062500000000 28057.30423808097839355469
1.00000000000000000000 -45519.66943359375000000000 38862.13340121507644653320
1.00000000000000000000 -32069.85717773437500000000 19307.32010328769683837891
1.00000000000000000000 -96224.53979492187500000000 14635.69178080558776855469
1.00000000000000000000 -24075.63769531250000000000 15417.16746968030929565430
1.00000000000000000000 -64266.14453125000000000000 18137.53340435028076171875
1.00000000000000000000 -86704.55664062500000000000 1312.42225909233093261719
1.00000000000000000000 -7483.51855468750000000000 3502.19918936491012573242
1.00000000000000000000 -52526.18774414062500000000 26686.02036857604980468750
1.00000000000000000000 -15083.81982421875000000000 9327.57548505067825317383
1.00000000000000000000 -72698.07031250000000000000 25486.79822444915771484375
1.00000000000000000000 -17030.51660156250000000000 1837.75406289100646972656
1.00000000000000000000 -19104.89819335937500000000 9650.14386093616485595703
1.00000000000000000000 -16052.57543945312500000000 8954.79984521865844726562
1.00000000000000000000 -99137.70751953125000000000 93957.25132083892822265625
1.00000000000000000000 -62770.64868164062500000000 38832.82619488239288330078
1.00000000000000000000 -40181.06347656250000000000 38090.67099684476852416992
1.00000000000000000000 -45325.26123046875000000000 33971.25267982482910156250
1.00000000000000000000 -92949.24780273437500000000 32586.57627034187316894531
1.00000000000000000000 -42669.99853515625000000000 31.25243979692459106445
1.00000000000000000000 -20025.44677734375000000000 17149.96652460098266601562
1.00000000000000000000 -12539.69433593750000000000 9967.44543266296386718750
1.00000000000000000000 -3181.93847656250000000000 970.18073672056198120117
1.00000000000000000000 -98381.61816406250000000000 69606.41578316688537597656
1.00000000000000000000 -57260.27978515625000000000 54589.27481800317764282227
1.00000000000000000000 -43748.66186523437500000000 10894.38015103340148925781
1.00000000000000000000 -28181.49536132812500000000 21424.51394641399383544922
1.00000000000000000000 -63193.52856445312500000000 40791.49970746040344238281
1.00000000000000000000 -63589.26367187500000000000 42288.90202045440673828125
1.00000000000000000000 -89163.91894531250000000000 55291.69409751892089843750
1.00000000000000000000 -84110.10424804687500000000 73123.28743851184844970703
1.00000000000000000000 -6501.71948242187500000000 1133.32598841190338134766
1.00000000000000000000 -71536.56738281250000000000 8592.75684928894042968750
1.00000000000000000000 -58487.18969726562500000000 21589.86149454116821289062
1.00000000000000000000 -64801.41870117187500000000 64025.23019957542419433594
1.00000000000000000000 -73336.14941406250000000000 7806.27801132202148437500
1.00000000000000000000 -93966.82910156250000000000 14200.53068083524703979492
1.00000000000000000000 -77772.16699218750000000000 70802.98238056898117065430
1.00000000000000000000 -35725.56103515625000000000 24107.32068872451782226562
1.00000000000000000000 -7025.74560546875000000000 4973.78150224685668945312
1.00000000000000000000 -61835.15625000000000000000 18160.97159332036972045898
1.00000000000000000000 -87018.51269531250000000000 53217.73493975400924682617
1.00000000000000000000 -91779.12280273437500000000 63500.99443209171295166016
1.00000000000000000000 -46091.40454101562500000000 32182.47558951377868652344
1.00000000000000000000 -96989.12402343750000000000 76222.03624409437179565430
1.00000000000000000000 -23632.85693359375000000000 18739.48822212219238281250
1.00000000000000000000 -77534.16406250000000000000 340.72628760337829589844
1.00000000000000000000 -16257.99023437500000000000 4044.58948796987533569336
1.00000000000000000000 -11090.77709960937500000000 6319.46869647502899169922
1.00000000000000000000 -51320.79858398437500000000 37374.94378471374511718750
1.00000000000000000000 -42019.21362304687500000000 32785.86742806434631347656
1.00000000000000000000 -29601.33642578125000000000 29152.29936599731445312500
1.00000000000000000000 -89892.62866210937500000000 26072.28962016105651855469
1.00000000000000000000 -38047.90600585937500000000 24513.36027240753173828125
1.00000000000000000000 -21417.26855468750000000000 8371.19657582044601440430
1.00000000000000000000 -35566.24560546875000000000 35044.28476190567016601562
1.00000000000000000000 -95500.66015625000000000000 28095.20043700933456420898
1.00000000000000000000 -22547.71557617187500000000 16260.69858705997467041016
1.00000000000000000000 -51858.79614257812500000000 21320.68368077278137207031
1.00000000000000000000 -41252.48828125000000000000 32227.89611816406250000000
1.00000000000000000000 -79291.32299804687500000000 50253.57157874107360839844
1.00000000000000000000 -76476.73315429687500000000 7038.98771965503692626953
1.00000000000000000000 -80785.73046875000000000000 49918.73043483495712280273
1.00000000000000000000 -17680.80468750000000000000 6323.69504064321517944336
1.00000000000000000000 -68020.53637695312500000000 4267.88616299629211425781
1.00000000000000000000 -34401.43188476562500000000 28983.50436174869537353516
1.00000000000000000000 -72290.47607421875000000000 71760.01940870285034179688
1.00000000000000000000 -13010.90332031250000000000 1975.75376248359680175781
1.00000000000000000000 -84554.68847656250000000000 3240.98634594678878784180
1.00000000000000000000 -89476.25537109375000000000 1114.08407932519912719727
1.00000000000000000000 -82314.90478515625000000000 59143.22515136003494262695
1.00000000000000000000 -21872.46093750000000000000 1201.48714631795883178711
1.00000000000000000000 -3801.63598632812500000000 2740.25930428504943847656
1.00000000000000000000 -82720.61499023437500000000 49135.20778405666351318359
1.00000000000000000000 -18075.35864257812500000000 3309.66348946094512939453
1.00000000000000000000 -30655.12402343750000000000 12595.67436665296554565430
1.00000000000000000000 -39629.70458984375000000000 38603.18226814270019531250
1.00000000000000000000 -94426.89135742187500000000 50325.37607026100158691406
1.00000000000000000000 -5481.64746093750000000000 5349.54204201698303222656
1.00000000000000000000 -77686.50683593750000000000 1289.71712303161621093750
1.00000000000000000000 -75694.68920898437500000000 27590.72919619083404541016
1.00000000000000000000 -12983.43334960937500000000 9448.59504234790802001953
1.00000000000000000000 -13881.04980468750000000000 12365.40526264905929565430
1.00000000000000000000 -25336.19360351562500000000 3111.33877265453338623047
1.00000000000000000000 -6134.85278320312500000000 994.49087095260620117188
1.00000000000000000000 -8399.55859375000000000000 254.28259563446044921875
1.00000000000000000000 -64329.31347656250000000000 59412.67064541578292846680
1.00000000000000000000 -9774.73583984375000000000 4226.14537101984024047852
1.00000000000000000000 -9274.92675781250000000000 3147.38195538520812988281
1.00000000000000000000 -71010.55444335937500000000 17440.52018821239471435547
1.00000000000000000000 -80840.65478515625000000000 22144.26448345184326171875
1.00000000000000000000 -86000.65478515625000000000 8776.42359447479248046875
1.00000000000000000000 -46868.11279296875000000000 26843.56663370132446289062
1.00000000000000000000 -47010.67529296875000000000 6174.72476625442504882812
1.00000000000000000000 -15250.75854492187500000000 5249.77640926837921142578
1.00000000000000000000 -41721.44042968750000000000 30934.02411764860153198242
1.00000000000000000000 -57823.07910156250000000000 13933.38409155607223510742
1.00000000000000000000 -84106.14648437500000000000 33593.01811695098876953125
1.00000000000000000000 -27920.77880859375000000000 20674.18853884935379028320
1.00000000000000000000 -43763.55102539062500000000 18088.62112259864807128906
1.00000000000000000000 -10000.96508789062500000000 4267.80786156654357910156
1.00000000000000000000 -98149.15966796875000000000 70017.03126382827758789062
1.00000000000000000000 -22862.33789062500000000000 6201.11231654882431030273
1.00000000000000000000 -81557.41357421875000000000 51649.97266340255737304688
1.00000000000000000000 -33684.37670898437500000000 30821.68318819999694824219
1.00000000000000000000 -42016.87719726562500000000 29039.99576795101165771484
1.00000000000000000000 -17911.52758789062500000000 16996.68434321880340576172
1.00000000000000000000 -94988.42480468750000000000 35226.28270453214645385742
1.00000000000000000000 -75838.39038085937500000000 14775.11720073223114013672
1.00000000000000000000 -54227.42919921875000000000 48970.68362528085708618164
1.00000000000000000000 -69761.90747070312500000000 68926.37718451023101806641
1.00000000000000000000 -48771.94897460937500000000 2321.90448403358459472656
1.00000000000000000000 -40908.55004882812500000000 18716.25131833553314208984
1.00000000000000000000 -97676.91503906250000000000 85275.76322364807128906250
1.00000000000000000000 -45801.50683593750000000000 36978.25027436017990112305
1.00000000000000000000 -47776.31933593750000000000 25754.13155364990234375000
1.00000000000000000000 -61435.86938476562500000000 36732.17281866073608398438
1.00000000000000000000 -73760.40234375000000000000 5726.50958418846130371094
1.00000000000000000000 -82486.82226562500000000000 2275.63666957616806030273
1.00000000000000000000 -15561.83886718750000000000 2701.25586336851119995117
1.00000000000000000000 -57190.82958984375000000000 12231.19613599777221679688
1.00000000000000000000 -71035.92773437500000000000 67254.31058382987976074219
1.00000000000000000000 -37894.82128906250000000000 17957.25789231061935424805
1.00000000000000000000 -61638.77783203125000000000 45160.10096269845962524414
1.00000000000000000000 -64065.38208007812500000000 38851.78288006782531738281
1.00000000000000000000 -22417.49633789062500000000 19357.33160591125488281250
1.00000000000000000000 -34988.93823242187500000000 6064.94703948497772216797
1.00000000000000000000 -68153.37622070312500000000 30715.40540564060211181641
1.00000000000000000000 -82356.94580078125000000000 64220.11578464508056640625
1.00000000000000000000 -75901.08300781250000000000 12471.02497214078903198242
1.00000000000000000000 -19086.07714843750000000000 6807.67519301176071166992
1.00000000000000000000 -16864.84252929687500000000 263.51292037963867187500
1.00000000000000000000 -57801.40893554687500000000 25499.59686684608459472656
1.00000000000000000000 -25780.62988281250000000000 3562.44099164009094238281
1.00000000000000000000 -29208.61059570312500000000 13384.69285869598388671875
1.00000000000000000000 -37640.35449218750000000000 21402.11458367109298706055
1.00000000000000000000 -69536.12915039062500000000 84.88296866416931152344
1.00000000000000000000 -79830.04907226562500000000 2221.83164584636688232422
1.00000000000000000000 -49184.37939453125000000000 5619.68654394149780273438
1.00000000000000000000 -52101.05737304687500000000 36633.06158065795898437500
1.00000000000000000000 -76018.93115234375000000000 43558.37074905633926391602
1.00000000000000000000 -44012.22070312500000000000 1257.18419927358627319336
1.00000000000000000000 -39546.69458007812500000000 6546.03190863132476806641
1.00000000000000000000 -43431.06640625000000000000 20262.66511720418930053711
1.00000000000000000000 -46399.10986328125000000000 45174.74787282943725585938
1.00000000000000000000 -6577.99389648437500000000 1901.36780357360839843750
1.00000000000000000000 -76239.33398437500000000000 49901.34267276525497436523
1.00000000000000000000 -56263.46435546875000000000 20192.08130836486816406250
1.00000000000000000000 -76605.42846679687500000000 55340.16728901863098144531
1.00000000000000000000 -22677.18652343750000000000 20661.09857368469238281250
1.00000000000000000000 -99784.54589843750000000000 82657.75233811140060424805
1.00000000000000000000 -78113.30468750000000000000 26088.51169967651367187500
1.00000000000000000000 -87080.11865234375000000000 3720.46222835779190063477
1.00000000000000000000 -3237.58544921875000000000 3074.64568430185317993164
1.00000000000000000000 -54134.04614257812500000000 7361.47166919708251953125
1.00000000000000000000 -45981.60717773437500000000 36685.86056590080261230469
1.00000000000000000000 -70940.88134765625000000000 61016.03877669572830200195
1.00000000000000000000 -93376.94580078125000000000 38595.32946115732192993164
1.00000000000000000000 -23947.02001953125000000000 5513.14032632112503051758
1.00000000000000000000 -39733.36230468750000000000 24250.94723701477050781250
1.00000000000000000000 -52624.88598632812500000000 42320.24546062946319580078
1.00000000000000000000 -25598.99169921875000000000 6724.66611528396606445312
1.00000000000000000000 -13917.12109375000000000000 13450.69722360372543334961
1.00000000000000000000 -75658.52856445312500000000 6372.59846091270446777344
1.00000000000000000000 -27770.77075195312500000000 5749.37452030181884765625
1.00000000000000000000 -32125.41601562500000000000 13231.17236369848251342773
1.00000000000000000000 -69548.47241210937500000000 28101.08719110488891601562
1.00000000000000000000 -32194.03295898437500000000 31721.46976161003112792969
1.00000000000000000000 -59640.64233398437500000000 6202.84895718097686767578
1.00000000000000000000 -74542.88061523437500000000 54341.51970493793487548828
1.00000000000000000000 -98560.66479492187500000000 79285.82516074180603027344
1.00000000000000000000 -79682.77148437500000000000 42447.91137576103210449219
1.00000000000000000000 -68186.07666015625000000000 15931.11615425348281860352
