(0.28 -4 3)
(0.14 2 (0.33 (0.03 0 -2) (0.58 (0.44 (0.83 1 4) 2) 0)))
(0.19 (0.40 -2 (0.00 (0.26 1 (1.00 -4 1)) 4)) (0.14 (0.73 (0.09 (0.71 3 -2) 4) -4) 3))
(0.17 2 (0.87 (0.58 (0.53 4 (0.83 -1 -4)) 1) (0.47 (0.86 (0.69 1 -2) 3) (0.83 -2 -1))))
(0.71 (0.01 0 (0.55 1 2)) (0.51 2 (0.30 (0.80 (0.10 -3 4) (0.71 3 2)) (0.49 (0.48 2 4) (0.74 4 -4)))))
(0.92 (0.54 1 (0.33 (0.32 -3 (0.99 -5 -5)) -1)) -2)
(0.91 (0.78 (0.39 (0.85 (0.14 -1 -2) -1) 2) 4) (0.25 (0.84 4 (0.50 -1 (0.18 2 -1))) -5))
(0.07 (0.27 (0.59 (0.12 (0.74 -1 -4) 0) (0.28 1 (0.23 -4 0))) (0.19 3 (0.99 2 (0.53 -3 -5)))) (0.18 (0.65 3 -4) (0.57 (0.37 2 (0.40 -3 4)) -3)))
(0.11 (0.51 -4 (0.22 (0.76 (0.53 0 -1) 2) -3)) (0.10 (0.50 (0.57 (0.98 4 -1) -4) (0.08 (0.31 -5 -2) 0)) -2))
(0.62 (0.25 -3 -2) (0.86 -5 (0.34 0 (0.77 (0.16 -3 -1) (0.26 2 -1)))))
