94
93 59 98 39 6 17 26 44 75 40 58 41 93 62 71 0 38 66 98 34 25 25 96 3 63 26 87 9 4 91 28 92 19 94 53 55 35 70 61 93 74 35 34 52 11 91 14 2 43 61 97 61 63 82 5 64 37 31 19 29 96 66 5 39 37 68 69 17 95 22 73 48 21 79 31 59 63 41 63 89 7 99 30 50 13 83 54 47 36 72 72 96 94 86 
99
39 41 17 83 55 48 50 25 5 86 31 62 53 57 10 99 48 26 88 4 48 91 64 96 25 76 30 66 67 50 56 75 36 25 84 97 99 37 18 90 40 32 56 26 59 53 72 73 47 92 4 77 96 33 81 22 77 38 16 50 29 32 64 39 16 84 46 3 4 54 38 80 42 23 55 84 23 60 63 46 95 1 95 69 97 55 41 1 31 0 20 60 26 56 86 75 49 42 55 
94
87 7 13 82 43 54 62 47 59 36 1 22 15 42 76 21 15 89 74 36 55 43 93 91 71 87 86 84 42 91 91 61 90 20 32 25 49 55 18 60 39 86 93 4 8 73 69 69 10 83 26 44 34 12 94 60 31 39 11 13 88 86 46 82 24 97 3 72 18 21 98 83 98 67 30 44 84 84 60 68 67 1 66 13 95 49 84 10 7 78 30 48 86 53 
97
90 54 94 86 4 81 76 16 71 32 49 89 31 33 97 42 67 37 87 14 70 42 32 27 74 89 78 99 81 48 12 4 97 10 48 29 32 51 80 86 69 29 86 38 29 59 66 78 70 29 5 45 19 92 99 90 76 67 37 58 13 66 81 99 5 15 77 0 81 82 57 29 12 78 12 93 41 72 77 2 71 81 32 21 38 8 28 11 95 57 97 71 52 41 49 61 67 
97
50 18 82 76 32 97 93 21 49 25 12 30 16 12 93 59 26 52 40 94 22 28 4 69 84 49 45 52 0 57 2 49 84 24 72 45 91 18 63 73 92 60 62 36 2 49 10 59 61 7 56 34 21 86 30 77 41 61 16 92 18 97 79 98 45 78 63 12 23 51 95 31 60 40 14 71 51 21 91 35 63 6 79 61 60 97 94 12 55 96 27 63 20 55 29 8 83 
0

1
3
0
2
4
