93
4 63 61 95 22 79 90 37 61 94 89 5 22 55 49 28 99 58 43 37 25 78 47 18 14 90 70 71 16 7 72 21 55 48 22 97 60 35 74 70 3 75 46 60 74 77 27 18 22 76 47 13 13 0 52 77 28 33 2 97 80 99 31 26 12 49 90 73 89 60 34 70 80 49 55 3 35 50 13 92 50 13 1 6 56 77 28 55 83 5 39 63 24 
92
95 44 90 0 80 23 28 48 5 84 73 5 77 45 32 21 33 40 84 37 96 62 10 99 12 36 84 42 31 40 60 55 68 47 2 31 95 2 74 77 54 97 17 58 18 16 34 42 74 84 76 9 78 44 74 25 6 40 30 41 48 85 45 98 26 75 79 2 17 51 26 99 19 66 5 20 40 66 12 85 92 17 5 83 2 3 20 99 43 23 42 61 
96
42 7 12 70 7 46 63 81 31 29 8 31 13 57 96 13 63 83 27 74 71 8 46 43 76 62 74 24 76 35 54 29 7 81 48 6 25 51 32 67 56 99 82 58 66 44 21 31 1 38 60 6 42 76 7 91 87 18 13 79 32 11 37 41 63 76 70 68 11 33 48 70 90 27 40 28 91 67 23 97 87 70 50 75 1 30 8 49 47 84 92 42 55 30 17 34 
90
75 19 58 22 52 52 40 59 42 15 73 22 49 27 30 84 87 47 97 22 41 16 73 18 61 0 71 13 13 34 87 12 3 14 10 14 66 7 4 65 51 81 57 28 35 84 36 41 96 42 88 11 42 28 31 18 56 0 0 14 32 53 28 4 59 19 22 46 80 41 39 38 99 29 72 86 65 6 66 26 86 71 33 81 57 67 75 16 55 4 
97
65 54 33 64 16 80 11 60 52 65 42 3 20 73 56 14 69 30 69 88 95 12 15 42 80 29 53 74 36 79 33 26 43 36 98 25 64 14 9 55 94 79 27 73 80 66 72 76 92 50 42 50 91 43 1 32 27 99 34 74 18 26 54 76 0 25 64 50 15 80 77 3 45 70 75 73 69 45 68 48 37 2 24 20 40 18 66 48 44 58 51 44 26 68 43 29 84 
0

1
4
2
3
0
