2 2
0 1  80
1 1  115
0 0

22 7
1 1 0 0 1 1 0  263
0 0 0 0 0 0 1  73
0 0 1 0 0 1 0  120
0 0 1 1 0 0 0  44
0 0 0 1 1 1 1  173
0 1 0 0 0 0 0  97
1 1 0 0 1 1 1  336
1 1 1 1 0 1 1  378
1 1 1 0 1 0 1  282
0 0 0 0 0 1 1  160
0 0 0 0 0 1 0  87
1 0 0 0 0 1 1  237
1 1 0 1 0 1 1  345
0 0 1 0 0 0 0  33
1 0 0 1 0 0 0  88
0 0 0 0 0 0 0  0
1 0 1 0 1 0 0  112
1 0 0 1 0 1 0  175
0 1 1 0 1 0 1  205
0 1 1 0 0 1 1  290
0 1 0 0 1 0 1  172
0 1 1 0 0 1 0  217
0 0 1 0 0 0 1

7 3
0 0 1  37
1 0 0  81
1 1 0  86
0 0 1  37
1 0 0  81
0 0 0  0
0 1 0  5
0 0 0

66 9
0 1 1 0 0 1 1 0 0  176
1 0 0 0 0 0 0 0 1  110
0 0 0 1 1 0 0 1 1  172
0 1 0 1 0 1 1 1 0  281
1 1 1 1 1 1 1 1 1  439
1 0 1 1 0 0 0 0 0  173
1 0 0 1 0 1 0 0 0  189
1 1 1 0 0 1 1 0 0  267
1 1 1 0 0 0 0 1 0  246
0 0 0 1 1 1 1 0 1  193
0 0 0 0 0 1 0 1 1  163
1 1 0 0 1 1 1 0 1  264
0 1 1 0 1 0 1 1 1  250
1 1 1 0 1 1 1 0 1  299
1 0 0 0 0 0 0 0 1  110
0 0 1 0 0 0 1 0 0  98
1 0 1 1 1 1 0 1 1  349
0 0 0 0 1 0 0 0 0  13
0 0 0 0 1 1 1 1 1  239
0 1 0 1 0 0 0 1 0  167
0 1 1 1 0 1 0 0 1  179
1 1 1 1 0 1 0 0 0  251
1 0 0 1 0 1 0 1 1  301
1 1 0 0 1 1 0 0 1  201
0 1 1 1 1 0 1 1 0  278
1 1 0 0 1 1 0 0 1  201
1 1 0 1 0 1 0 0 0  216
0 1 1 0 0 0 0 0 1  81
1 0 1 1 0 1 0 0 0  224
0 0 0 1 1 1 1 1 0  267
1 0 0 0 1 1 1 0 1  237
1 1 1 1 1 0 0 1 0  306
1 1 0 0 1 1 1 1 0  338
0 0 1 0 1 0 1 0 0  111
0 1 0 1 1 0 0 1 0  180
0 1 0 1 0 1 0 0 1  144
0 1 0 1 1 1 1 0 0  201
1 0 0 1 0 0 0 0 1  157
0 1 0 0 1 0 1 1 1  215
1 1 0 1 0 0 1 1 0  321
1 1 0 0 0 1 0 1 0  262
0 1 0 0 1 0 0 0 0  40
0 1 0 0 1 1 1 1 1  266
1 0 1 1 1 1 0 1 1  349
1 1 0 1 0 1 0 0 1  235
0 1 0 0 0 1 0 1 1  190
1 1 0 0 1 0 0 0 1  150
0 0 0 1 0 0 1 1 0  203
0 0 1 1 0 1 0 0 1  152
1 0 1 1 0 1 0 1 1  336
1 1 0 1 1 1 1 0 0  292
1 0 0 1 1 0 0 0 1  170
0 0 1 1 0 0 1 0 1  164
0 0 0 1 0 1 1 1 0  254
0 1 0 1 1 0 0 1 1  199
0 1 1 1 0 0 1 1 0  265
0 1 0 1 0 1 0 1 1  237
1 1 1 1 0 0 0 0 1  219
0 0 1 0 1 1 0 1 0  192
0 1 1 1 1 0 0 0 1  141
1 1 1 1 1 1 1 0 1  346
1 1 1 1 1 0 0 1 0  306
0 1 0 1 1 1 1 1 1  313
0 1 1 1 1 1 0 1 1  285
0 0 1 1 0 0 1 0 0  145
0 1 0 1 0 1 0 0 0  125
1 1 1 1 1 1 0 0 1

4 8
0 0 1 1 0 1 0 0  69
0 1 0 1 1 0 0 1  78
0 1 0 1 1 0 1 0  140
1 0 1 0 1 0 1 1  177
1 0 1 1 0 0 0 1

2 2
0 1  50
0 1  50
1 1

10 9
0 0 0 0 1 0 1 1 0  190
0 1 0 1 0 0 1 1 1  369
0 0 0 0 0 1 0 0 0  79
0 1 1 1 1 1 1 1 1  543
0 0 1 1 0 1 1 1 0  428
0 0 0 0 1 1 1 0 1  236
1 0 1 1 1 1 1 0 0  388
1 1 0 0 1 1 0 0 1  222
0 0 0 1 0 1 0 1 0  259
1 1 1 0 1 0 0 1 0  255
0 1 1 1 1 1 0 1 1

4 4
1 0 0 0  70
1 1 0 1  141
0 1 0 0  12
0 0 0 1  59
1 0 0 1

1 1
1  21
0

34 6
0 1 0 1 0 0  108
1 0 1 0 1 1  262
0 1 1 0 0 0  106
1 1 0 1 1 0  240
1 0 1 1 0 1  239
1 1 1 1 1 1  370
0 0 1 1 1 1  285
1 1 0 1 1 1  306
1 1 1 0 1 0  238
0 0 0 1 1 0  155
1 0 1 1 0 0  173
0 1 0 1 0 0  108
1 0 1 1 1 0  262
1 1 1 1 1 1  370
0 1 1 0 1 0  195
1 1 0 0 1 1  240
0 1 1 0 0 1  172
0 1 0 1 1 1  263
1 1 1 1 1 0  304
1 0 0 1 0 0  109
0 0 1 0 0 0  64
1 1 0 0 1 0  174
1 1 0 0 0 1  151
0 1 0 1 1 1  263
1 0 0 1 0 0  109
1 0 1 0 0 1  173
0 1 0 1 1 0  197
0 0 1 0 0 0  64
1 1 0 1 1 1  306
0 1 1 1 0 0  172
1 0 0 1 1 0  198
0 0 0 1 0 1  132
1 0 1 0 1 0  196
0 1 1 0 0 1  172
0 0 0 0 0 0
