49 10
1 0 0 0 0 1 1 1 1 0  322
0 0 0 0 0 0 1 1 0 1  174
0 0 1 1 1 0 0 1 0 1  363
1 1 1 1 0 1 0 1 0 0  465
0 0 1 0 0 0 0 1 0 0  165
1 1 0 1 0 1 1 1 1 0  487
0 1 0 0 1 1 0 0 1 1  349
1 0 0 0 1 1 0 1 0 1  336
0 1 1 0 0 1 1 0 0 0  260
0 1 0 1 1 1 0 0 1 0  353
0 0 1 1 0 1 0 1 1 1  439
0 1 0 1 0 1 0 1 1 0  373
0 0 1 1 1 1 0 0 1 0  350
0 1 0 0 0 1 0 0 0 1  211
0 0 0 1 1 1 0 0 1 0  261
0 0 0 0 0 0 0 0 1 1  151
1 1 1 1 1 0 0 1 0 1  540
1 0 1 1 0 1 0 0 1 1  448
0 0 0 0 1 0 1 0 0 0  85
1 0 0 1 0 0 1 1 1 1  414
1 0 1 1 1 1 1 0 0 1  451
1 1 0 0 1 0 0 1 0 0  309
1 0 0 0 1 0 0 1 1 1  368
1 0 1 0 0 1 1 0 1 0  335
1 0 0 0 0 1 1 1 0 0  240
0 0 1 1 1 0 1 0 1 0  329
1 1 0 0 1 0 0 1 0 1  378
0 1 0 1 0 0 1 1 0 1  339
0 1 0 0 1 1 1 0 1 1  378
0 1 0 0 0 1 1 0 1 0  253
1 1 0 0 1 1 0 0 0 1  352
0 0 1 0 0 1 1 1 0 0  244
0 1 1 1 1 0 0 0 1 1  461
0 1 1 0 1 1 1 1 0 1  461
1 0 0 1 1 0 1 0 0 0  243
0 0 0 1 1 1 1 0 0 1  277
1 0 1 1 1 1 1 1 0 1  527
1 0 1 0 0 0 1 0 1 1  354
1 0 0 0 0 0 0 1 1 1  312
0 0 1 0 0 0 1 1 0 0  194
1 0 0 0 1 1 0 0 0 1  260
0 0 1 0 1 1 0 1 0 1  340
1 1 0 0 0 1 1 0 0 0  256
1 0 1 1 0 0 0 0 0 1  316
1 0 0 1 1 1 1 0 1 0  375
1 0 0 0 0 1 1 1 0 1  309
1 1 0 0 0 0 0 1 1 0  335
0 1 1 1 1 0 0 1 1 1  537
1 1 1 0 0 1 0 1 1 1  543
0 0 1 1 0 0 1 0 0 0

23 10
1 1 1 1 0 1 0 1 0 0  283
0 0 1 0 1 1 0 0 1 0  141
1 0 0 1 0 0 1 0 0 1  267
1 0 0 1 1 1 0 1 0 1  289
1 1 0 1 0 0 0 1 0 0  183
1 1 0 0 1 1 1 0 1 0  238
0 1 1 1 1 1 0 1 1 1  388
1 0 1 0 1 1 1 0 1 0  270
1 0 1 1 1 0 1 0 1 0  283
1 0 0 1 1 1 1 0 1 0  241
0 1 1 1 1 0 1 0 1 1  386
1 1 0 1 1 0 0 1 1 1  320
0 1 1 1 1 0 1 1 0 1  435
0 0 0 1 1 1 0 1 0 0  161
1 0 0 0 0 0 0 1 0 1  198
0 0 1 0 1 1 0 0 1 1  237
1 0 1 1 0 1 0 0 0 0  174
0 0 1 1 1 1 0 0 0 0  162
0 0 0 1 1 1 1 0 0 1  284
0 0 1 0 0 1 0 1 0 1  266
0 0 1 1 0 0 0 1 1 0  204
0 1 1 1 1 0 1 1 1 1  456
0 0 0 0 1 0 1 1 1 1  304
1 1 0 1 1 1 1 1 0 0

1 8
0 1 1 0 0 1 1 0  213
1 1 0 1 0 0 1 0

11 6
1 1 0 0 0 1  197
1 1 1 1 1 1  293
1 0 1 1 0 1  172
0 1 1 0 1 1  186
1 1 1 1 1 0  259
1 1 1 1 0 0  236
1 1 1 0 0 1  228
1 0 0 1 1 0  130
1 0 0 0 1 0  88
1 1 0 0 0 0  163
0 0 0 0 1 1  57
0 0 0 1 0 0

21 5
1 0 1 1 1  252
0 0 0 1 1  163
1 1 1 0 1  256
0 1 1 0 1  203
1 1 1 1 0  233
1 1 1 1 1  326
0 0 0 0 0  0
0 1 1 0 0  110
1 0 1 0 0  89
0 1 0 1 1  237
0 0 0 0 1  93
1 1 1 1 0  233
0 0 0 0 0  0
1 1 0 0 0  127
1 0 0 1 0  123
0 1 1 0 1  203
1 1 1 0 0  163
1 0 1 1 0  159
0 1 0 0 0  74
0 0 0 0 0  0
0 1 0 0 1  167
1 1 1 0 1

4 2
0 0  0
1 0  41
1 0  41
1 1  86
1 0

8 4
1 0 0 0  34
0 1 0 1  75
0 1 1 1  82
0 1 0 0  72
1 1 1 1  116
0 1 0 0  72
1 0 1 0  41
0 0 1 1  10
0 1 1 1

8 4
1 1 0 1  124
1 1 0 0  93
1 0 1 1  182
0 0 1 1  100
1 1 0 0  93
1 0 1 0  151
0 1 1 1  111
0 0 1 0  69
1 1 1 0

67 9
0 0 0 1 0 0 1 0 0  69
1 0 0 0 0 0 0 0 1  69
1 1 0 1 0 1 1 1 1  300
0 1 1 0 1 1 1 1 0  295
1 0 0 1 0 1 1 0 1  194
0 1 1 1 0 1 1 0 1  301
1 0 0 0 0 1 0 0 1  125
1 1 1 0 1 0 0 1 0  276
1 1 1 0 1 1 1 0 0  346
1 1 1 1 1 1 1 1 1  412
0 1 0 0 0 0 1 0 0  120
0 0 0 0 1 0 1 0 0  67
1 0 0 1 1 0 0 1 0  159
0 0 0 0 0 1 1 1 1  95
1 1 0 0 1 1 1 1 1  298
0 0 0 0 0 0 0 0 1  11
1 0 0 0 0 1 0 0 0  114
1 1 0 0 1 0 0 1 0  210
0 1 0 0 0 0 1 0 0  120
0 0 0 1 0 1 1 0 0  125
1 0 0 1 0 0 1 0 0  127
0 0 1 0 1 0 1 0 1  144
1 0 0 1 1 1 0 0 1  219
0 0 0 1 1 0 1 0 1  126
0 0 0 1 1 1 1 1 0  178
1 1 1 0 0 1 1 1 0  307
1 1 1 0 1 1 1 0 1  357
0 1 1 1 1 1 0 0 0  315
0 1 0 0 1 1 1 1 1  240
0 0 1 0 1 1 0 0 1  179
1 0 1 1 0 1 1 1 0  256
1 1 1 0 1 1 1 1 0  353
1 0 0 1 1 0 0 0 0  152
0 1 1 0 0 0 0 1 0  172
1 1 0 1 1 1 1 1 0  335
0 1 1 1 1 1 0 0 1  326
1 1 1 1 0 1 1 1 0  355
1 1 1 1 0 1 0 1 0  334
0 0 1 1 0 1 0 1 0  177
0 0 0 0 0 1 0 1 0  63
0 1 1 0 1 1 0 1 0  274
1 0 0 1 1 1 1 0 1  240
0 1 1 0 0 0 0 1 1  183
1 0 1 0 1 1 1 1 0  254
1 1 1 0 0 0 1 0 0  244
0 0 0 1 0 0 0 1 1  66
0 1 1 1 1 0 0 0 0  259
1 1 1 1 0 1 1 1 1  366
1 1 0 0 1 0 1 1 1  242
1 0 0 1 1 0 1 0 0  173
1 1 0 0 1 1 1 0 1  291
0 0 0 0 1 0 1 1 1  85
0 0 0 0 1 0 0 1 0  53
1 1 0 1 1 1 1 1 0  335
0 1 1 1 1 0 1 1 1  298
0 0 1 0 1 0 0 0 1  123
1 0 1 1 0 1 1 1 1  267
1 1 0 0 0 1 1 0 0  234
1 0 1 0 0 0 1 1 1  163
0 1 1 1 0 0 1 1 1  252
0 1 1 0 0 1 1 0 0  242
1 1 1 1 0 0 1 1 1  310
0 1 1 0 0 1 0 1 1  239
1 0 0 1 0 0 0 1 1  124
0 0 0 0 1 0 1 1 0  74
1 0 0 0 1 1 0 1 0  167
1 0 0 1 0 1 0 0 0  162
1 0 1 1 1 0 0 0 0

2 3
0 1 1  100
1 1 1  149
1 1 0
