1 1
1  95
1

2 5
1 0 1 1 1  236
1 0 1 0 1  187
0 0 0 1 0

7 3
0 0 1  24
0 0 0  0
1 0 0  44
1 0 1  68
0 1 1  29
1 1 1  73
0 1 0  5
1 0 0

2 2
0 0  0
0 0  0
0 1

1 1
0  0
0

1 2
0 1  71
1 1

6 5
1 0 1 1 1  174
0 1 1 1 0  157
0 1 1 1 0  157
1 1 1 1 0  158
1 0 1 0 1  133
0 0 1 0 0  86
0 1 1 0 1

4 3
0 1 1  54
1 1 1  59
1 1 0  29
1 1 0  29
0 0 1

5 5
0 0 0 1 0  44
0 1 0 1 0  123
0 1 1 1 1  153
1 1 1 0 1  188
0 0 1 0 0  25
1 1 0 1 1

9 3
1 1 1  36
1 1 0  19
1 1 0  19
0 1 1  36
1 0 0  0
0 1 1  36
0 0 0  0
0 1 0  19
0 1 0  19
1 1 1
