2 4
0 1 0 0  45
1 0 0 1  36
0 1 0 0

10 5
1 0 1 1 0  184
0 1 1 0 0  95
0 0 1 1 0  104
1 1 0 1 1  299
0 1 1 1 1  233
0 0 0 0 1  49
1 0 1 1 1  233
1 0 1 1 0  184
1 0 1 0 0  95
1 1 0 1 1  298
0 0 1 1 0

25 5
0 0 0 1 0  18
0 0 0 0 1  12
1 0 0 1 0  35
0 1 1 0 0  140
1 1 1 1 0  175
0 1 1 0 0  140
1 0 1 1 0  103
1 1 1 1 1  187
0 1 1 0 0  140
0 1 0 1 1  102
1 0 1 1 0  103
1 0 0 1 0  35
0 0 0 0 1  12
1 0 1 0 1  97
1 0 0 0 1  29
1 1 0 0 0  89
0 1 0 1 0  90
1 0 0 0 1  29
1 0 0 1 1  47
0 0 0 1 0  18
1 0 1 1 1  115
0 1 1 0 1  152
1 1 0 0 1  102
1 0 1 1 1  116
1 1 0 1 0  107
0 0 0 0 0

1 2
0 0  1
1 1

14 5
1 1 1 0 0  203
0 0 0 1 0  37
1 1 0 1 0  143
0 1 0 1 1  170
0 1 0 0 1  133
0 1 1 1 1  267
0 0 1 0 0  98
0 1 1 0 0  157
0 0 1 1 0  134
0 1 0 1 0  97
0 0 1 0 0  97
1 1 0 0 0  106
1 0 1 1 1  253
1 1 1 0 0  203
0 1 0 0 0

3 4
0 1 0 1  66
0 1 1 0  42
1 0 0 1  123
0 0 1 1

13 5
0 0 1 0 1  56
0 1 0 0 1  139
1 1 0 1 1  224
1 0 1 1 1  141
0 1 1 0 1  146
0 1 0 0 1  139
0 1 0 1 0  96
1 0 1 0 0  87
1 0 1 0 1  135
1 0 0 1 1  134
0 1 0 1 1  145
1 0 0 1 1  134
1 1 0 0 1  218
1 0 0 1 1

3 2
1 1  85
1 1  85
0 1  60
1 0

11 4
1 0 0 1  73
0 0 1 0  60
0 1 1 1  134
0 1 1 0  123
1 0 0 0  62
0 1 1 0  123
1 1 0 1  136
1 1 1 1  196
0 1 0 1  74
1 0 1 0  122
1 1 1 0  185
1 1 0 1

6 3
1 1 1  217
0 0 1  95
0 0 0  0
0 0 1  95
0 0 1  95
0 0 0  1
1 1 1
