16
53.872286 12.196729 46.434158 82.429830 74.148407 47.813862 58.427215 23.920159 36.089397 51.066880 71.188844 66.171206 33.109492 44.665557 46.582731 28.496549
0.000000 65.988491 43.091917 30.108989 59.177895 50.374128 20.088839 30.456481 55.225728 65.438611 50.650738 85.249811 63.956342 67.991640 13.604081 35.046504
0.000000 0.000000 5.968559 87.049052 58.051212 55.842687 21.908391 25.648058 73.190558 51.408249 56.285303 79.901092 93.070172 22.567414 81.070237 26.827037
0.000000 0.000000 0.000000 45.674760 48.850677 56.445446 25.900722 76.799235 66.843841 41.718785 46.651779 44.342078 89.797153 34.378012 74.852353 33.648617
0.000000 0.000000 0.000000 0.000000 61.506151 46.290863 76.814860 66.591044 42.296915 52.632169 26.906984 70.554901 9.515735 48.968622 15.617980 24.308865
0.000000 0.000000 0.000000 0.000000 0.000000 13.396312 54.471320 57.298718 47.183937 43.239566 46.897102 55.310978 88.123290 38.463450 24.692724 85.260358
0.000000 0.000000 0.000000 0.000000 0.000000 0.000000 62.845649 35.375251 31.739316 47.305189 39.918881 57.687263 20.771827 56.239962 40.421862 42.764076
0.000000 0.000000 0.000000 0.000000 0.000000 0.000000 0.000000 59.030982 37.536389 17.444525 69.771876 15.624436 28.240381 16.677107 76.270195 57.875181
0.000000 0.000000 0.000000 0.000000 0.000000 0.000000 0.000000 0.000000 67.589240 83.491900 25.908867 71.474303 66.937047 16.265118 61.313389 59.922331
0.000000 0.000000 0.000000 0.000000 0.000000 0.000000 0.000000 0.000000 0.000000 83.250150 64.148411 74.627315 60.815659 28.872808 75.108051 52.470366
0.000000 0.000000 0.000000 0.000000 0.000000 0.000000 0.000000 0.000000 0.000000 0.000000 47.134094 62.244569 34.463953 19.320890 88.795516 38.900186
0.000000 0.000000 0.000000 0.000000 0.000000 0.000000 0.000000 0.000000 0.000000 0.000000 0.000000 71.133731 48.670290 27.699450 58.404411 48.611664
0.000000 0.000000 0.000000 0.000000 0.000000 0.000000 0.000000 0.000000 0.000000 0.000000 0.000000 0.000000 93.095081 81.510821 22.488581 61.795919
0.000000 0.000000 0.000000 0.000000 0.000000 0.000000 0.000000 0.000000 0.000000 0.000000 0.000000 0.000000 0.000000 58.898201 46.738403 19.946840
0.000000 0.000000 0.000000 0.000000 0.000000 0.000000 0.000000 0.000000 0.000000 0.000000 0.000000 0.000000 0.000000 0.000000 29.211170 70.745253
0.000000 0.000000 0.000000 0.000000 0.000000 0.000000 0.000000 0.000000 0.000000 0.000000 0.000000 0.000000 0.000000 0.000000 0.000000 55.946813
-328.700503
-1124.355020
-599.848403
-378.057365
-406.408530
-405.145500
-15.382154
401.176066
-537.267509
100.736365
450.793318
63.946777
-140.323387
297.726112
176.130749
-3.895086
