16
8403.938526 658.411165 604.878960 3198.838657 9282.434445 1672.167242 9887.952348 76.107023 3387.532144 1039.235162 7461.899985 4419.287930 5731.445676 7668.624015 5510.092687 2975.196874 
0.0 6749.360246 4290.326377 9030.561166 7737.309302 3105.736805 3203.883405 5246.670438 420.033916 9687.445228 9986.200144 3105.642451 8706.583952 6671.917105 351.741729 1710.918383 
0.0 0.0 3737.690449 5934.626513 6214.482319 8940.690951 8497.339908 7850.990875 1885.859628 4434.334897 7715.429610 3215.123200 7683.024224 1724.366107 8405.984935 2050.304726 
0.0 0.0 0.0 4928.533860 729.021000 8561.452184 4131.818749 9514.483163 3518.183153 4184.145419 8528.761162 6928.081396 7084.120532 8487.460425 2432.283430 9093.091504 
0.0 0.0 0.0 0.0 3654.428017 7763.695976 5049.248870 4262.111614 3857.644133 3499.879557 9607.878112 7794.205617 3853.655929 1778.527929 2043.156775 3589.407327 
0.0 0.0 0.0 0.0 0.0 7231.152278 8742.266730 6852.331308 5039.803311 1274.491033 3891.259257 3687.481671 5412.063799 7815.425663 1094.701507 9887.617988 
0.0 0.0 0.0 0.0 0.0 0.0 73.603827 3518.284707 1242.996907 5820.653185 2015.408782 5749.483162 2302.362805 547.840913 8735.586947 8863.543492 
0.0 0.0 0.0 0.0 0.0 0.0 0.0 8998.500500 3179.331714 2035.501508 4453.042065 1316.086204 1797.553119 263.941950 8549.789730 837.615655 
0.0 0.0 0.0 0.0 0.0 0.0 0.0 0.0 150.731528 8036.650322 6358.761739 2894.008439 8128.379898 7049.865293 7546.629090 5897.191011 
0.0 0.0 0.0 0.0 0.0 0.0 0.0 0.0 0.0 1971.819417 8890.795118 6522.998638 2778.452920 9210.134380 13.395664 2344.085894 
0.0 0.0 0.0 0.0 0.0 0.0 0.0 0.0 0.0 0.0 3765.834826 249.326884 5510.373099 2852.708139 3722.639503 2275.083110 
0.0 0.0 0.0 0.0 0.0 0.0 0.0 0.0 0.0 0.0 0.0 8933.915786 4304.292118 2944.456007 5076.542670 5192.482079 
0.0 0.0 0.0 0.0 0.0 0.0 0.0 0.0 0.0 0.0 0.0 0.0 6422.257669 286.788401 7147.912931 2494.990158 
0.0 0.0 0.0 0.0 0.0 0.0 0.0 0.0 0.0 0.0 0.0 0.0 0.0 1306.302412 4354.685102 1717.720340 
0.0 0.0 0.0 0.0 0.0 0.0 0.0 0.0 0.0 0.0 0.0 0.0 0.0 0.0 9917.134210 9074.051282 
0.0 0.0 0.0 0.0 0.0 0.0 0.0 0.0 0.0 0.0 0.0 0.0 0.0 0.0 0.0 6493.155241 
5749.576162
5498.827268
5515.275977
209.246868
7621.954659
5536.974155
7743.209067
7253.039806
492.557825
4636.460670
8930.087631
9785.114101
5870.479122
8196.568449
9928.654573
1691.451971
