15
1039.561347 2008.187490 1721.316727 4462.680482 2565.131538 3345.868933 1721.584769 2811.388768 1123.992150 3866.678949 1212.849535 3725.412658 2698.266451 3886.749644 2007.808891 
0.0 1915.657949 4972.961444 2886.905309 2317.013511 868.892678 4558.534552 1377.811428 4523.743316 1604.130591 4349.229310 4642.478429 1635.992460 2369.338499 2945.038574 
0.0 0.0 1463.389488 966.897903 993.159418 3800.307535 3808.630298 2932.642053 987.725182 875.526163 4123.781801 3829.515069 4510.239503 3663.018639 3333.598780 
0.0 0.0 0.0 2926.363319 2158.369394 3545.884819 3784.289597 3634.612280 4494.295581 1066.711066 1831.711931 3860.305473 1043.967077 4744.299210 1029.274475 
0.0 0.0 0.0 0.0 4378.094833 1361.139050 1053.464047 209.964527 3164.035201 2226.146925 3728.642240 4939.795683 1854.752374 1859.883009 1069.296573 
0.0 0.0 0.0 0.0 0.0 838.268235 2951.980305 1477.431219 2786.995657 3125.417223 4963.688968 1618.203745 2691.585078 3523.219478 988.056452 
0.0 0.0 0.0 0.0 0.0 0.0 3166.651791 2704.468936 4330.268421 1029.959566 1342.327098 2204.781663 1008.997438 1909.306935 2361.895050 
0.0 0.0 0.0 0.0 0.0 0.0 0.0 4785.173874 975.056216 348.261677 231.940922 2871.356876 2364.556355 3615.249311 2573.299332 
0.0 0.0 0.0 0.0 0.0 0.0 0.0 0.0 1832.598485 1428.698463 2279.896632 543.717763 3998.547493 231.426680 4071.279443 
0.0 0.0 0.0 0.0 0.0 0.0 0.0 0.0 0.0 2564.968132 4741.477844 3991.174696 2514.123635 1485.282640 2096.303181 
0.0 0.0 0.0 0.0 0.0 0.0 0.0 0.0 0.0 0.0 2555.032353 108.503544 68.105497 628.970692 192.841298 
0.0 0.0 0.0 0.0 0.0 0.0 0.0 0.0 0.0 0.0 0.0 4665.455938 4093.519594 3037.807110 2258.841636 
0.0 0.0 0.0 0.0 0.0 0.0 0.0 0.0 0.0 0.0 0.0 0.0 1375.996247 649.784739 521.699208 
0.0 0.0 0.0 0.0 0.0 0.0 0.0 0.0 0.0 0.0 0.0 0.0 0.0 2537.578660 563.769628 
0.0 0.0 0.0 0.0 0.0 0.0 0.0 0.0 0.0 0.0 0.0 0.0 0.0 0.0 2418.191880 
466.734158
647.571941
3600.141978
651.900942
4513.013929
4732.689764
2080.417752
1533.208387
2610.844588
3841.361158
446.520436
4760.639300
299.374727
2766.728912
2096.599025
