14
28997.522213 33126.869851 15857.997567 7283.245255 49246.502282 44736.147585 18734.104497 32991.633741 11099.426312 7759.379696 3633.452255 46724.862818 17931.940109 49952.900496 
0.0 46678.411838 49003.509760 40385.533335 17795.592195 28720.539696 47559.442195 49877.028889 18565.077006 41652.838309 44071.339662 24224.292795 25120.876481 12463.555568 
0.0 0.0 10755.713229 45950.359815 17973.343944 32184.686623 39928.156386 30905.601610 25875.418343 31350.950875 45662.657582 4955.107622 3850.462675 47058.407865 
0.0 0.0 0.0 21619.218688 15235.792399 26577.757584 47300.535546 30562.093274 24374.346733 25873.260297 10644.366782 24841.548961 32745.121052 16301.765118 
0.0 0.0 0.0 0.0 8332.538796 35770.730566 10187.104324 41987.970293 48200.333127 22523.016519 45540.067353 28184.842276 47416.045570 39870.153381 
0.0 0.0 0.0 0.0 0.0 21285.485538 37058.255380 31480.466024 395.614053 42254.282277 46645.154472 38421.164182 13870.520125 27292.643135 
0.0 0.0 0.0 0.0 0.0 0.0 34647.120104 8607.095559 35418.128959 22704.691320 28674.263507 48610.120983 1137.984764 42328.351602 
0.0 0.0 0.0 0.0 0.0 0.0 0.0 13299.949115 47821.377814 17013.352892 13881.878587 19832.260626 4766.945759 21918.728511 
0.0 0.0 0.0 0.0 0.0 0.0 0.0 0.0 27815.368970 18406.192342 35346.200701 8645.252600 15237.043682 35964.092599 
0.0 0.0 0.0 0.0 0.0 0.0 0.0 0.0 0.0 39893.023697 12971.680067 41053.155313 13687.159593 41526.199303 
0.0 0.0 0.0 0.0 0.0 0.0 0.0 0.0 0.0 0.0 7917.354520 33374.092165 27368.176846 29487.718754 
0.0 0.0 0.0 0.0 0.0 0.0 0.0 0.0 0.0 0.0 0.0 10961.136337 46472.264159 36440.668283 
0.0 0.0 0.0 0.0 0.0 0.0 0.0 0.0 0.0 0.0 0.0 0.0 46702.971610 25528.868405 
0.0 0.0 0.0 0.0 0.0 0.0 0.0 0.0 0.0 0.0 0.0 0.0 0.0 23225.665446 
47155.658626
10541.279370
2748.439520
49404.153300
20876.883019
4237.367681
37136.877392
41922.824924
6427.614910
9012.649343
15375.128671
47688.890147
34840.672294
14672.269585
