13
1344.420877 6514.434501 8411.507078 9840.011078 2867.617605 8362.692355 4267.444193 509.589171 5363.406577 91.929677 2178.158988 1142.662326 1661.135873 
0.0 2671.452019 5778.450429 7417.876624 7316.002211 7944.721775 2177.896357 3612.312064 6183.493041 8545.488905 7555.509227 869.262056 4169.894995 
0.0 0.0 1217.904688 4048.982023 5000.768112 2822.810604 7758.732720 230.067886 7854.737967 4253.244330 7577.246980 3202.728251 8066.276725 
0.0 0.0 0.0 4415.273138 4655.444284 5936.168403 4684.433267 1070.859817 700.568988 6362.227753 1707.287823 672.662629 8846.656459 
0.0 0.0 0.0 0.0 4678.045691 6673.543534 1288.559032 6991.060557 877.796912 3545.267792 4518.898572 9475.135589 2613.353292 
0.0 0.0 0.0 0.0 0.0 2669.639391 8427.936865 9086.383093 8108.890083 2687.265427 174.933792 3640.036282 3504.546732 
0.0 0.0 0.0 0.0 0.0 0.0 3897.055892 293.479604 8201.055206 301.389945 5512.059567 6847.695866 913.031112 
0.0 0.0 0.0 0.0 0.0 0.0 0.0 6810.772628 3204.144212 8877.314335 7478.471930 4944.867323 4822.374034 
0.0 0.0 0.0 0.0 0.0 0.0 0.0 0.0 853.532930 3025.175854 2745.757630 8441.916301 8828.012425 
0.0 0.0 0.0 0.0 0.0 0.0 0.0 0.0 0.0 7953.954540 764.108882 376.649849 6118.004824 
0.0 0.0 0.0 0.0 0.0 0.0 0.0 0.0 0.0 0.0 9475.168125 8109.636044 1402.388758 
0.0 0.0 0.0 0.0 0.0 0.0 0.0 0.0 0.0 0.0 0.0 4502.914810 862.010980 
0.0 0.0 0.0 0.0 0.0 0.0 0.0 0.0 0.0 0.0 0.0 0.0 2848.991140 
1936.521143
3625.354171
5313.499267
4330.431924
2864.348240
9677.243750
5041.950607
3071.112895
1318.202766
5277.294896
5906.981376
4713.388552
9461.540635
