12
6.580331 9.416094 7.460039 5.865686 7.936887 5.155932 7.295255 1.261705 1.350978 4.328594 9.779590 6.510450 
0.0 9.905837 1.579627 3.457807 2.046980 3.548876 0.471165 6.759613 5.099566 9.562094 2.439586 9.400285 
0.0 0.0 2.150533 0.621789 0.796194 9.344579 3.077537 3.012285 6.233683 5.195968 8.548453 8.208593 
0.0 0.0 0.0 5.563902 8.695663 9.208064 8.204890 3.729324 7.181413 8.359964 7.562032 2.189957 
0.0 0.0 0.0 0.0 2.569582 6.234202 2.599879 0.480072 8.402732 6.839121 6.059936 6.301058 
0.0 0.0 0.0 0.0 0.0 3.001743 9.240194 4.775227 2.462567 6.817519 1.438235 0.833560 
0.0 0.0 0.0 0.0 0.0 0.0 7.855091 0.703801 9.254148 7.473910 7.980375 7.162227 
0.0 0.0 0.0 0.0 0.0 0.0 0.0 7.114080 3.023455 2.726362 8.493865 1.651770 
0.0 0.0 0.0 0.0 0.0 0.0 0.0 0.0 0.156813 7.383865 9.962076 7.635958 
0.0 0.0 0.0 0.0 0.0 0.0 0.0 0.0 0.0 8.910607 2.496785 8.690942 
0.0 0.0 0.0 0.0 0.0 0.0 0.0 0.0 0.0 0.0 8.106658 0.257715 
0.0 0.0 0.0 0.0 0.0 0.0 0.0 0.0 0.0 0.0 0.0 7.940929 
3.963649
0.440031
6.630355
8.210405
4.693745
8.446192
5.484272
9.722176
3.502050
4.683168
7.730359
2.413904
