20 8 99
0 5
0 6
0 9
0 19
1 3
1 4
1 5
1 7
1 9
1 10
1 14
1 16
1 17
2 3
2 4
2 6
2 7
2 8
2 9
2 12
2 13
2 14
2 16
3 5
3 6
3 11
3 12
3 13
3 17
3 18
4 6
4 8
4 10
4 11
4 12
4 13
4 14
4 19
5 7
5 8
5 9
5 15
5 16
5 17
5 18
6 8
6 10
6 11
6 12
6 13
6 15
6 16
6 19
7 8
7 9
7 16
7 17
8 9
8 10
8 11
8 12
8 13
8 14
8 15
8 16
9 10
9 11
9 12
9 13
9 19
10 11
10 15
10 16
10 17
10 18
10 19
11 14
11 15
11 16
11 17
11 18
11 19
12 13
12 14
12 16
12 17
12 18
13 16
13 18
13 19
14 15
14 18
14 19
15 18
15 19
16 18
16 19
17 18
18 19
