0 0
1 0
2 0
3 0
4 0
5 0
6 0
7 0
8 0
9 0
6 2 1425983008
0 2 1289123373
7 2 1140652301
5 2 1383076245
6 2 112225054
5 2 390815006
6 1
1 3
5 4
5 1
5 2 1023292763
7 4
7 1
6 2 1383434482
4 2 437762867
8 2 1998936725
0 2 1845356788
4 2 802180331
6 2 221662945
6 2 1650964062
5 1
6 4
0 2 1906725911
0 2 1353566773
9 2 794280071
4 1
6 3
2 2 1882576278
5 2 639999863
6 2 2083504853
1 2 1809794763
2 2 604281193
1 2 1305827177
7 2 1152289980
1 2 1772543346
0 2 414475229
8 2 2135693512
5 3
8 2 652427505
4 4
5 2 1976582355
6 3
5 2 1264663090
6 2 1887969958
1 3
7 2 1943752289
4 3
7 2 650556285
0 2 1426526832
6 2 1466112591
0 2 1113952558
5 2 1269843039
4 3
5 2 1537680463
7 2 1222310984
8 2 1892803492
4 2 986530772
1 2 95170271
2 2 1178604466
8 2 1982315189
5 2 1576072637
6 3
3 3
0 2 797609506
0 2 102765587
4 2 1238262476
5 2 752702954
1 2 704295751
3 4
8 3
4 4
0 2 40475954
6 2 509666644
1 2 2062823480
2 0
4 2 1824924919
9 2 792372480
0 2 413286865
4 2 1973779370
7 2 281007227
2 2 365773228
2 2 833284985
7 4
2 2 634150239
0 2 1825487915
7 4
6 2 2094249120
4 1
9 2 1753779329
9 2 1238294846
4 2 628315953
4 1
5 4
7 2 1861405794
3 2 1622945902
4 2 1191655184
6 4
2 0
5 2 1632844952
0 2 548781219
2 4
9 2 1922578587
6 2 91763740
1 1
5 3
2 4
8 2 87205222
2 2 566948237
9 2 904507215
9 2 528549202
2 2 658995273
0 2 1076909364
2 2 1728012377
2 2 1224567184
7 2 1256915904
9 4
8 2 1449494741
8 2 1539573053
7 1
5 2 763796935
3 2 689629953
3 2 774665741
7 2 1978862104
2 2 961523532
7 2 708626326
8 4
0 3
6 2 1487899957
6 2 2091009300
2 2 1131982354
0 2 127074217
5 2 1460101080
8 2 731989974
3 2 2027937956
1 2 399595881
4 2 727254396
9 2 1367031442
0 3
7 2 2033390373
6 0
1 2 1213951471
6 2 1650922949
3 2 2008207227
2 2 694851086
9 2 1984332784
0 2 743059938
1 2 513586177
8 2 768378267
8 2 1725083813
9 2 522780467
7 2 490248869
3 2 849196335
9 4
2 2 1458554007
0 2 429627544
1 2 695181230
5 2 1594461654
7 2 1104464820
2 2 596588755
7 2 603207470
0 1
7 2 1290335913
7 2 1531419514
2 2 1040412178
6 2 1637431782
4 1
4 2 2022430449
1 2 485102416
0 2 263991921
9 2 546392884
2 2 1466926599
8 2 1825384689
3 4
3 2 230683174
6 1
1 2 1344203449
3 2 989792629
4 2 419080142
5 4
8 4
3 2 953128032
4 2 1276627745
1 2 2013607478
9 2 1437620720
6 3
2 2 93472003
1 3
0 2 812261261
3 2 2090659529
8 2 398122603
8 3
5 0
6 3
9 1
7 2 500491593
2 2 140637004
0 2 1906712637
7 4
0 2 801805365
4 4
6 2 623747397
0 2 863352441
0 4
4 2 940844967
5 2 1233022639
9 2 362915902
0 2 960473678
0 2 708187832
5 2 151623414
7 2 1496247190
1 2 1137208046
4 2 605815790
3 0
5 2 105241789
5 2 987656115
9 2 155550541
9 2 1247723844
0 2 1449258886
5 2 1963505059
0 2 1113510297
7 2 673946747
1 2 404896304
0 2 1165863708
9 2 978599425
5 2 630055013
0 2 283641811
6 2 1860361016
6 2 602331731
2 2 480768311
5 4
2 2 1448726502
4 2 157676779
2 1
3 2 1992844949
4 2 684893659
9 2 1540410106
8 2 456779408
8 4
2 2 1380082866
0 2 228063024
8 2 404296939
7 2 280828837
2 4
8 2 576403925
7 2 359067754
0 2 1405188228
8 2 2117382285
1 2 590769522
4 3
5 2 1834014095
4 2 1386804385
3 1
0 4
0 2 1968788504
3 2 900532469
4 2 836816568
8 3
6 2 1465168318
8 2 343590831
1 2 822898715
4 2 1670866824
0 2 400706877
5 2 2080701335
6 3
5 2 390152714
3 2 1101660183
8 2 1191555539
1 2 1482232866
1 2 962252076
7 3
7 2 1938052529
6 2 267554593
3 2 1387259698
2 4
4 2 1242170172
8 2 1641162907
1 0
2 2 1243936889
9 0
4 2 995226589
9 2 390475298
7 2 552196076
8 2 2059103457
4 2 480844576
7 2 1431017203
3 2 1500537854
2 4
3 2 1749564796
3 2 370839540
2 0
4 2 1555483873
5 2 705631739
3 2 371927620
4 2 2082192277
7 4
1 3
1 4
9 2 778052078
7 2 1202134872
0 0
6 2 1859906634
4 2 1789515376
1 2 1429595602
4 2 503401361
5 2 1743159529
5 2 401593366
2 2 1545694217
4 2 1123540054
5 2 584382819
3 2 802457657
4 2 1066575365
5 2 1091720151
6 4
7 3
4 2 228465
9 2 1351697196
1 2 1064930527
0 4
9 0
9 2 703147899
9 2 472900800
8 2 989869166
1 2 1781472095
7 2 305800602
2 2 887796609
5 2 1701428620
7 3
4 2 1383803536
2 2 454797812
3 2 338737122
6 2 1644366235
0 3
8 2 1340855333
9 2 1988047671
0 2 583243074
4 2 2001601706
5 2 1915315354
8 3
5 2 774794725
0 2 125803100
1 3
9 2 1651690170
7 4
4 4
7 2 1434103984
7 2 1895726077
3 2 892425982
4 2 73343129
7 2 973774197
1 2 1962294075
6 2 1913556632
6 2 1608476769
3 2 2112975425
5 2 84800155
2 1
5 1
3 4
3 2 740548064
9 2 940814202
0 2 220665270
1 3
9 2 1595767468
7 2 994982126
3 2 1044774788
4 4
9 2 1896878514
2 2 827826925
2 4
5 3
4 2 1288662918
4 2 394841616
8 2 936397979
6 4
5 4
3 2 1447047426
4 1
6 4
4 2 315637742
6 2 632081690
2 1
2 3
2 2 448301725
2 2 546371438
8 2 1281369153
0 2 1910090956
9 3
6 1
9 2 2103318682
1 4
2 2 860557221
6 2 2122170468
2 2 399486947
7 2 1547745200
4 2 1463994752
7 2 1693911281
0 2 1449586360
2 2 1857236274
9 2 1806216194
8 2 154028168
6 2 1725701034
7 2 242697994
7 2 1504677413
3 3
2 2 952281014
4 2 1300464061
9 3
1 4
2 1
0 2 261512288
4 2 386941537
5 2 926613875
4 2 503214891
5 1
5 2 2068341093
3 2 1479795038
2 2 750646148
6 2 376874852
9 2 2095713219
4 2 634619170
6 3
8 2 1080869287
7 2 1128316860
2 2 1288856851
3 3
4 2 1531851815
0 2 463358879
8 2 1040798849
5 2 553500392
5 2 1691409157
3 2 2052762120
7 4
7 2 264964699
7 2 1557616978
3 2 852944017
4 2 1269793144
6 2 505038605
0 4
8 2 1550307138
7 2 1310287899
3 3
9 2 625194609
2 2 45343819
5 0
5 2 289434755
9 2 1366020089
8 4
2 2 657984083
0 2 1077088217
7 2 1264674777
0 2 1866460746
0 0
8 3
8 2 928997783
5 2 672802786
0 2 935900886
3 2 241474354
1 2 491422419
7 1
4 2 641578604
7 2 445894689
8 2 1764719176
8 2 1759050970
5 0
5 2 1518424829
3 2 1427519273
4 1
6 3
3 2 1504957784
6 2 395357437
2 2 2090436032
6 2 2142868021
3 2 68996122
6 2 1589765608
9 3
8 3
4 2 469237612
5 2 422175062
1 2 1849865432
1 2 554247724
8 2 75667144
2 2 172581497
1 4
9 2 792250897
9 2 14636271
2 2 1139378028
1 2 195698441
9 2 1770987673
6 2 953840185
0 2 49287298
6 2 1807037694
0 1
8 2 558000249
4 2 1108061648
3 2 1565474710
6 2 1386682047
8 1
1 2 168584640
5 2 1162445302
4 2 41272070
2 2 680927520
1 2 608902136
5 2 574686046
0 2 1900639855
8 2 2053069188
2 0
1 1
5 2 1230711252
5 2 1722607792
9 2 601733692
3 2 1831961751
4 2 1896184619
8 2 634258829
1 2 145067049
6 0
2 0
8 2 237006785
4 3
2 2 7050797
6 2 2096058119
1 2 1867184161
9 2 812584265
7 2 380847837
4 3
0 2 1786408406
9 1
7 2 252460617
5 3
8 2 1941080098
6 2 1444024155
4 2 1503664350
6 2 1132126953
8 2 1452934191
7 3
0 2 1000815672
4 2 995691364
9 2 48175236
3 2 226095925
1 2 2048293442
9 2 562273048
2 2 882061032
1 3
4 2 217171869
4 2 1993282892
0 2 18380394
3 2 1499160920
9 2 1221248194
3 0
9 4
3 2 177246695
5 2 955103154
5 2 1032351674
8 2 1663032046
8 2 2131041235
5 2 746565053
1 3
3 2 1844013516
9 2 622506288
9 2 1069720434
2 2 1057218279
5 2 1366452424
5 2 829294351
7 2 1935590457
7 2 812488008
1 2 438428310
3 2 241080094
1 2 239141065
6 0
1 2 1709381586
3 2 528261311
5 2 1725842969
0 2 606462993
9 4
4 2 1297122339
0 2 1928155331
8 2 1853839915
6 4
2 4
1 2 864485803
9 2 821891758
3 2 67343264
5 2 1514421964
7 2 307223604
2 2 1055617761
4 2 2015430749
3 2 1515731263
7 2 2089772218
1 2 1408806805
7 2 354061013
8 2 983254492
2 2 2001673209
1 3
6 2 425381458
0 2 1264309546
4 2 275011066
0 2 543055652
8 2 1866139849
6 2 1725098409
8 2 2103948971
3 2 1958179257
7 2 323984029
6 2 765590685
2 1
2 2 830319095
9 4
7 2 717116869
1 2 397059072
5 2 1056270515
0 2 963623913
2 2 392366823
4 4
1 3
2 2 296878361
8 2 780941211
8 2 1533714040
7 2 516724978
6 2 1066827981
0 2 1918609150
9 2 1436074593
9 2 55036910
4 3
4 2 1253122168
0 2 1559641444
5 2 716165486
5 2 1029701834
0 2 2083365972
1 2 617743676
2 2 1427866956
7 3
6 2 2073946322
9 1
1 2 1499057549
2 4
2 2 1442212701
9 2 1880074416
6 2 473618022
2 1
0 2 2078665566
7 2 279731932
5 2 1298119244
4 0
2 2 1009524722
3 2 2035898051
7 2 383832214
2 2 438668771
7 2 1853500692
3 4
6 2 1730136543
1 2 699633185
8 1
4 2 463037958
8 2 1161625319
1 2 1424421479
5 2 184973196
7 2 1555959400
2 2 1115990957
8 0
9 3
3 2 1257989273
6 2 56196710
8 3
8 2 18370668
6 1
2 2 160068354
2 2 811534763
5 1
2 2 665902210
6 1
2 0
6 2 1688034752
0 2 577915970
9 1
0 4
1 3
3 2 1363119674
8 2 1155953845
9 2 538541235
9 2 1087851394
7 2 957240413
1 2 1137987276
6 2 1072272175
7 2 546572840
2 4
1 2 909223073
3 2 1868689365
5 2 211817146
4 2 810297537
6 3
4 2 2139064044
8 2 111551345
8 2 1397831883
9 2 773671966
7 2 1751333552
9 1
3 2 1606800464
8 2 415387164
9 3
6 3
6 2 1108847197
9 2 361309576
7 3
9 2 825292312
0 2 138673402
3 2 1214785717
8 2 1288415580
5 0
7 2 1081396045
4 2 140205475
9 2 930238662
5 2 1743043084
5 3
7 2 1483981008
2 4
1 2 1310419543
9 2 752132563
1 3
3 2 1119426523
7 2 1192370544
1 1
7 2 1637688657
2 4
9 2 1700976629
3 2 2074144183
6 3
8 3
0 2 408812885
7 2 887927210
8 2 1934755874
5 4
4 2 1373312609
7 2 504016521
1 2 880521668
1 2 1803017991
8 2 1660949101
9 2 2030661217
8 2 1010152577
1 2 418511204
5 2 1201600528
5 2 222812229
0 2 928155546
3 2 1904107000
5 2 152460795
5 2 1325779484
9 2 1122748997
2 2 984866081
4 2 1831860186
3 2 1528647574
8 3
4 2 299038083
3 2 1835649573
6 2 169224749
4 2 80663496
3 2 1451604606
8 2 452465582
0 2 875903748
3 2 899651230
7 3
5 2 338576233
2 2 1631217670
5 2 1140991876
3 2 1719146526
9 2 303702898
3 2 11552645
5 2 718034572
5 2 1243753024
7 2 1977335327
3 2 1565301612
9 2 1451576770
3 2 957850379
0 2 513535605
4 2 1953094618
5 2 182286326
2 2 1889690502
5 2 480836037
1 2 401767818
7 2 1042955208
1 2 1922992480
0 2 1338059536
2 2 82568229
6 2 1894503442
7 2 817622019
8 2 1264590090
6 2 343866502
3 2 1262379752
2 2 577286006
9 2 328455687
5 2 1442593812
1 2 262836263
4 2 551781592
7 3
0 2 1279871875
8 4
7 4
8 2 967018321
2 2 1099806678
5 3
1 2 1481896962
9 2 1276934232
7 4
9 2 1726584532
4 2 1806384632
2 2 250453625
0 2 731357584
2 2 323442473
1 2 2084347114
6 2 850266191
4 4
5 1
8 2 1143373622
4 2 1334394235
2 2 973180513
5 2 1567134438
8 2 1727128050
2 2 1613201614
4 2 1474256322
2 2 186677661
9 2 504412119
9 4
6 2 934255740
1 2 890945055
0 2 247662644
7 2 42647718
3 2 1935244806
1 2 1586652178
7 4
2 2 190274726
5 4
5 4
8 2 1104668582
9 2 1276669858
0 2 1783183007
4 2 1258918225
6 2 1728238030
3 2 399792506
1 0
2 3
0 2 639227739
4 2 558631144
2 1
6 2 1089600434
5 4
1 2 435481616
7 2 555089369
3 2 1508975329
0 2 1266661022
8 3
6 2 1976920099
1 2 922277144
1 2 1596756321
3 2 571552775
0 2 1455809857
9 2 1271005708
6 0
3 2 26846695
1 0
9 2 1020051065
5 2 550763815
2 2 660244568
6 2 811432516
8 2 1612705378
6 2 1350402614
0 2 41222241
6 2 12091142
3 2 1451527350
3 3
0 2 1863958063
6 0
8 2 2002386130
2 2 686773137
6 3
2 2 1480163531
3 2 1112396555
7 1
7 2 152788858
0 2 1129919413
5 2 749365451
3 2 1461060958
6 2 896682167
2 2 1889654669
6 2 693545583
6 0
9 2 699727511
7 4
8 3
2 2 2030602260
5 2 170132298
9 2 426764937
4 2 1676379976
8 4
3 1
7 2 680603171
1 0
0 2 1086525618
4 2 461155071
3 2 2053195692
5 4
6 2 180011908
4 1
4 4
1 4
1 2 978595053
5 1
7 2 1300546418
5 2 1847107629
1 1
8 4
1 2 859598855
8 2 644174451
6 2 267123675
0 2 606196892
4 2 1288180361
0 2 65096722
1 2 1550324668
2 2 262272478
7 2 136043750
9 2 616183883
0 2 409023095
9 4
9 2 200370184
2 2 461314903
6 4
0 2 1020836705
4 2 370937562
3 2 512834225
7 3
4 2 2127745708
2 2 1714466175
7 2 2051196491
6 2 121486211
0 2 435468673
6 2 1628311913
3 2 1699567940
9 2 1530441448
1 2 1562528891
2 2 371566683
6 2 1108407288
7 2 1030175228
0 2 1910265230
6 3
6 0
4 2 1324915074
8 2 459631981
6 2 780976636
3 2 1807950252
3 2 1495473251
4 2 1767309155
4 2 2038455054
4 2 1813279433
6 2 162271207
5 2 1416445301
6 2 1140853967
0 2 1247417999
0 2 126473916
4 2 1319637633
0 3
4 2 477984508
2 2 1137150797
2 2 2115572361
7 4
2 4
4 2 1304439038
1 3
0 2 1494472144
4 2 1318078256
6 2 1170283264
4 2 1572377641
9 2 1823566720
4 3
3 3
4 2 998858561
0 2 2053303032
4 2 589457159
9 3
7 2 1359380598
0 2 566093264
8 1
8 2 404684584
8 4
1 2 1886988630
8 2 1736013592
2 2 1303079943
1 4
3 2 2044778189
5 2 990252463
5 2 685938967
7 2 339278108
9 2 1112290593
6 2 1677501724
2 2 423916721
7 2 1542340305
2 2 1667260645
8 2 1038773664
5 2 579552318
5 2 863434181
4 2 1416370014
7 2 1391082267
6 4
4 2 1786359513
3 2 1611474612
7 1
2 2 1773140347
3 2 955448497
9 2 1301799088
6 2 672668780
6 0
3 2 2030511675
3 2 1521777241
3 2 299648523
1 2 1538957283
1 2 1465543347
9 2 459389762
9 2 1672588354
8 2 1203977717
9 2 1802031227
0 2 355998189
5 2 1510732247
1 2 362984824
1 2 1241625660
3 2 1641946656
1 2 1507501006
7 2 430767822
0 2 1639138649
5 2 1108947595
8 2 731556315
8 0
3 1
9 2 64531218
9 4
4 2 830875321
6 2 2006209709
1 2 970946056
1 2 157988318
3 2 1476796606
1 2 936748684
7 4
1 2 800458770
5 2 501538813
8 2 873715952
5 4
5 2 1570355392
3 2 1847196530
5 3
7 2 1583498648
1 2 1059268022
9 4
5 2 378825145
8 2 1383455878
4 2 2056833568
4 2 549624982
1 2 1531948025
2 1
1 2 228653837
7 0
0 3
2 2 2017458362
8 1
2 0
2 2 1526654137
5 2 1527379245
4 2 442852815
0 1
5 2 1853858863
3 2 2043963763
6 3
5 2 286409815
8 3
6 2 697974505
7 2 415979247
8 2 292427738
8 2 814230509
8 2 1535379363
6 1
3 2 138589671
1 2 83750571
7 2 1689874326
2 2 495607649
1 3
3 2 196175286
6 2 1860430535
9 2 2046070741
0 2 327649531
1 0
0 2 1434783260
6 2 1334231676
6 2 978221411
5 4
0 2 550749355
1 2 802061848
1 4
7 4
0 2 1909438467
0 2 648276328
8 2 504531522
8 1
3 2 179732940
7 2 1946503117
3 4
3 2 1861834196
5 2 439187975
4 2 945172243
3 4
3 2 1174726262
1 2 1654246658
2 2 1431051768
4 2 1524860920
7 2 1869788689
5 2 57037042
4 2 2046018088
4 2 329185756
0 2 548363793
8 2 2095526126
4 2 19378705
6 4
3 3
1 2 446341514
9 2 28813700
9 2 498956579
1 2 1035762633
1 2 754861264
7 3
6 3
6 2 61448252
3 2 1172012164
2 2 995206514
3 2 812340979
5 2 190547581
7 3
1 2 1616963064
5 2 1493823851
3 2 769361334
0 2 1175165330
1 2 1906894722
7 4
8 4
4 1
2 2 387178772
7 2 2133208229
0 2 1231499223
4 2 791578223
3 2 1301379012
2 2 851088601
2 2 1560877178
9 2 20465708
2 2 427642059
5 2 1650970858
4 2 1448764046
1 2 1237425159
6 2 604001538
9 2 663333283
2 2 723555987
1 2 1797204407
6 2 1500459053
5 4
1 1
2 2 529001473
8 2 1625566323
7 2 1825724481
3 2 1002895900
1 2 79956731
4 2 1866946633
2 2 1138986642
5 2 1291144299
6 2 72024431
1 2 199830333
3 2 1558189256
4 4
9 2 2000985084
1 2 631753234
4 2 1493166288
5 4
3 2 1869954708
0 2 1482986309
9 4
9 2 492416777
7 4
3 2 813644196
2 2 2140566840
6 2 1904051704
9 0
0 2 683933057
0 2 1605700075
1 2 411652012
7 2 344885882
4 2 43295864
0 2 1054395000
5 2 1156249502
1 2 189743287
8 4
2 1
7 2 1503648806
5 3
9 2 1814619089
8 2 1978343102
0 4
8 2 1355876137
4 2 781833485
5 4
0 2 1910004868
3 3
7 2 1813969271
9 2 502922646
1 3
0 2 1328136781
4 2 1848539704
9 2 1319873882
1 2 465027061
9 2 1309295954
4 0
4 4
5 2 2002380061
1 2 552723855
3 4
1 3
4 2 1345677269
8 2 938369024
0 2 1133882462
3 2 679266016
9 3
0 3
2 4
9 2 1550397872
0 2 960485020
2 2 1950582549
0 2 1647947462
3 2 854291747
9 2 1296581103
6 2 532240583
1 2 1280719472
5 2 6596434
8 2 193507003
4 2 809742111
4 2 229263280
2 2 260894317
4 2 1637184527
2 0
1 3
0 3
7 2 817036871
6 2 880526995
2 2 938766549
2 2 625110862
5 2 1832440820
5 2 1565400877
9 2 129441213
9 2 569662689
2 2 280713537
2 2 2140972191
7 2 2025210859
6 2 278409956
2 2 1950368355
2 4
1 2 154452343
7 2 1565203742
5 3
6 2 354577871
0 2 1644196159
7 2 1928840933
3 3
8 2 1233328235
2 2 1095156081
3 2 634815100
8 2 1320687285
5 2 1999115677
9 2 1667000001
8 2 1712988852
3 2 1871398575
7 2 1439921436
8 2 452838434
4 2 168101008
3 4
6 2 1382114963
0 2 1647805695
8 2 643173602
3 2 2128910172
5 2 479143878
0 2 1151408536
8 3
5 3
0 2 1520474569
2 2 1582319146
9 2 1798558737
3 2 1304397596
7 2 5713958
8 2 1189606218
9 2 223313511
9 2 2074448365
4 2 1976450617
0 2 169645477
4 2 1459066463
8 2 1148825993
1 2 1340737134
5 2 1622171875
2 3
5 4
4 2 414033285
4 3
4 4
2 2 491405357
3 3
8 4
9 2 52770320
0 3
2 2 1961398664
9 2 64519888
8 2 278185319
6 2 841154010
6 2 1727474492
1 2 1824439888
1 2 909869651
5 3
8 2 1472734994
8 3
1 2 2140681383
3 4
2 2 1011677317
8 2 1433662614
2 2 26888979
2 3
8 2 1378963297
7 2 1919945088
8 2 1007750123
9 2 1997660034
2 2 1969339671
3 2 1652842258
0 4
7 4
7 2 910821610
1 2 395147424
2 2 1660523827
2 2 1284152645
4 2 615820601
0 2 2087901842
5 2 1343451452
3 2 231804261
2 2 1734998894
1 2 950978827
7 2 329963153
6 2 341554714
9 4
5 2 27791129
5 1
9 2 273782648
5 2 902865828
4 2 282032100
7 2 1886745194
7 2 1244743060
6 2 983222253
9 2 286729037
2 2 1729078116
3 2 378038741
6 2 2097888002
9 2 1737877941
3 1
7 2 1990356380
8 2 77889653
3 2 1847828808
7 3
5 0
6 4
4 2 924605428
6 2 585784422
6 2 1907056572
1 2 811877077
2 2 74438521
9 2 2099370613
4 0
7 2 1118324632
1 2 8107403
4 2 2050864315
6 3
8 3
9 2 52258665
9 2 1168693226
7 4
0 2 564840208
4 2 26139467
6 2 765641024
7 4
5 2 434249864
3 2 1168074334
8 2 427753079
3 2 1762055785
4 2 2038707599
8 2 727043574
6 2 1849921396
3 2 1674624929
8 2 323720050
8 2 1978481371
5 2 875881103
9 3
9 1
2 2 947337637
6 2 1321425059
4 2 2141302464
3 0
9 2 247554870
8 2 909865264
3 2 1855469346
5 1
4 2 674620684
3 2 1850938656
0 2 788904025
2 2 1179066452
6 2 1896599846
4 2 1634688125
7 2 764121655
5 2 147085631
6 4
9 4
5 4
7 3
1 0
0 2 456586371
1 2 249752483
0 0
0 2 1608447130
8 2 1779064482
1 2 471795574
9 2 1542911222
1 2 343970298
9 2 364287901
3 1
9 2 930365803
5 1
0 4
4 2 1098951540
7 2 1765430154
3 2 697969233
6 0
1 2 150868749
1 2 499825438
5 2 27805680
6 3
1 2 1480283478
8 2 1386393590
5 2 1664481788
7 2 428655513
0 2 1980796925
2 1
7 2 1049758371
4 2 1478871060
0 4
9 3
7 0
5 2 453049344
2 4
7 2 1530014375
6 2 985331147
7 0
2 2 818061655
7 2 43987288
6 2 1230213984
0 2 518048275
3 2 1280183146
4 1
2 3
3 2 487634544
5 2 1716450430
8 2 1526321807
4 2 438890724
8 2 1005365937
1 2 1952024100
7 1
9 2 587230495
0 3
8 2 1181215226
0 2 794673347
7 2 1995522044
8 2 2023631306
5 2 843496915
8 2 1698306856
5 2 1839351827
9 2 1810591030
5 3
8 1
9 2 476555316
2 2 583549384
4 2 1055838729
5 2 1630037349
5 1
8 2 132882882
4 4
4 1
8 2 1553115742
8 1
0 4
7 2 1068801508
7 2 1495980794
5 2 1880454508
2 2 1018660323
2 2 1243612698
8 1
7 2 2012130188
2 2 1880132712
3 1
5 2 122653688
8 2 469766371
7 4
6 2 1587995738
5 2 822310894
7 0
6 2 1294506166
4 2 1322610017
0 4
2 2 305523562
2 2 789403411
1 2 1442261697
0 4
8 2 570896754
4 2 991313634
6 2 1085433182
4 2 854119491
3 2 1896857641
5 2 2030869457
9 2 353982981
0 2 1511822069
6 2 1190786056
9 2 406894590
5 3
2 4
5 2 1442211510
9 2 290818234
8 3
9 2 1145767611
5 2 1527193157
6 4
4 4
3 3
2 2 1245906286
4 1
7 2 795391256
5 2 1690218763
6 2 1722598896
7 2 585605095
0 2 518749746
9 2 719310119
5 2 392229166
2 2 2136441415
2 2 1084825875
3 2 148134667
4 2 1201503093
1 4
0 2 1340131765
0 2 691724454
1 4
7 2 1329240091
6 2 1323169303
8 2 1443572663
1 2 1124621414
3 2 427440141
3 2 323429069
7 2 1361808036
4 2 795325070
1 4
1 4
2 2 345369181
4 2 883061987
1 2 731699839
4 2 2084007694
6 3
3 2 305777820
6 2 1990057496
0 2 1452525910
1 2 809993011
3 3
5 2 701521678
9 2 1692441249
7 2 284878496
8 3
7 4
9 2 766122308
4 2 231531069
4 2 2141590088
7 2 780162102
6 2 1323262746
1 2 774760199
0 2 182495652
4 2 894272454
8 3
9 2 1247086781
4 2 1656715602
8 2 523751875
9 2 1401788157
6 4
1 2 158220320
5 4
5 2 1945804970
4 4
5 3
0 2 175158122
3 2 276748517
8 4
7 2 1905148458
4 2 1069169203
8 2 186373339
8 2 1712075617
3 2 726871658
1 1
1 0
9 2 630072066
6 2 896794901
3 2 170348549
8 2 365461119
9 4
3 2 1318052070
1 2 1892229283
6 2 497713959
0 2 694511387
7 2 729341769
8 2 1064507623
2 2 1704166219
8 2 1997924545
9 1
9 2 989391029
4 0
1 2 975863131
4 2 990408221
4 2 1973307478
4 1
4 2 1367081106
5 2 759675979
3 2 1023666213
6 2 961197919
3 2 1885077703
2 2 1932211025
7 4
2 2 1564442145
9 2 1149539467
5 4
7 3
8 2 617907475
5 4
7 2 2050213683
4 2 2143612417
8 0
8 2 2104848355
3 2 2114002503
2 2 1109735949
0 2 455431849
7 1
0 2 264961542
9 2 1613993475
0 2 566235826
7 2 1349757703
9 4
2 3
6 2 1737369798
2 0
1 0
9 2 832293073
0 2 1532920976
9 2 743547141
7 1
3 2 2009562526
0 2 204998732
9 2 396029086
1 2 1303384284
7 2 2025867837
8 3
3 2 815667834
1 2 794707369
7 2 1488501437
8 2 1692208841
1 4
6 2 864583020
0 2 1014626775
0 3
2 2 1647569037
6 1
0 2 1972183690
4 3
2 2 15332881
8 2 1304062298
7 4
7 3
8 2 1164353150
8 1
9 2 1578648236
7 2 1547627110
4 4
8 2 214216300
3 2 669995008
8 0
1 2 1482365997
3 2 1234205972
8 2 5911846
4 3
7 2 388315064
9 3
9 4
5 2 754075686
3 2 1306572758
1 2 1218631020
5 2 1932738347
2 2 1864322775
3 2 697454348
9 2 601570501
6 2 1163345384
9 2 158562029
5 2 1015045476
3 2 1120250831
7 1
2 2 1445455068
2 2 1907605294
4 2 900993351
1 2 552420672
2 2 1354981894
7 2 926648007
1 2 1749668531
0 2 1780768036
4 3
5 2 1618115848
4 1
2 2 2039686085
7 2 1909599778
1 4
3 2 1880675692
9 3
9 1
2 2 1672435878
6 2 1770808842
1 2 85380232
3 2 591031153
2 2 1169275077
8 2 1598478018
3 2 1181528755
2 2 280780521
8 2 1223374644
0 2 2036975451
8 3
2 4
3 2 1266216927
3 2 943974981
0 2 1836522368
4 2 470054235
2 2 1119512621
5 2 309000047
8 3
3 2 1481972553
4 2 966327157
2 2 1432625939
3 2 1618068735
3 1
7 4
8 2 1161912237
7 2 416664197
4 1
5 2 1087992692
9 1
7 2 1394857538
0 4
6 0
9 2 1346768471
0 1
8 2 621989372
5 3
6 2 1365647300
7 2 1428746982
4 2 961177848
3 2 204384143
4 2 650693426
2 2 143760425
1 3
0 2 1837542726
7 2 1614546894
5 2 992817596
7 2 1256789359
4 2 862584406
6 1
0 3
8 2 102273693
3 4
5 2 240494948
4 2 2059803448
5 3
2 2 1913672014
4 2 493075982
3 2 38137233
9 4
9 2 1883481663
0 0
0 2 2130526730
3 2 87646365
4 2 894218431
7 2 1914000243
1 2 366223684
3 2 1825282302
7 3
3 2 1841303505
6 2 1880646132
8 2 1408686612
4 2 952801417
3 3
4 2 1298060835
5 2 1405125379
8 4
1 2 2007168645
7 2 982417111
4 4
6 2 1344138745
2 2 2018007970
0 2 1892873781
6 2 917858301
7 2 1735861783
7 3
9 4
9 4
5 2 1007309852
3 4
8 2 90180451
1 2 194896437
0 2 1494582822
4 2 1313405254
6 2 36699993
6 2 787959142
7 2 1746361814
2 2 37288135
1 2 113178242
0 2 789343938
2 4
4 1
4 2 1631541111
9 2 1846352246
9 2 424609621
1 2 1892559398
7 2 1963852101
2 2 1515230323
8 4
7 2 1649547167
2 2 1896226303
1 2 417074277
4 2 741076151
3 2 1700401857
5 2 94928960
9 1
6 2 1160102643
0 2 154493846
5 2 1336823460
9 2 624917613
0 2 820661910
6 2 1915393821
9 3
0 2 1039622528
8 3
8 2 1799841856
7 2 1135661879
2 4
1 2 2110044527
1 4
6 2 1720595228
1 1
4 2 375118629
9 2 1155547637
4 2 935383900
9 2 711462205
5 2 1420815445
8 3
5 2 979913275
1 4
9 2 965073262
4 2 288692077
3 4
8 2 835970075
7 2 938034307
9 2 2045401444
8 4
9 2 1148898923
2 2 1666979763
0 2 2055280645
1 2 1215192166
9 2 1059049904
8 2 1035158886
5 2 978116838
4 2 866948984
3 2 803488575
1 4
3 2 1163976520
8 2 730073559
9 2 935541206
0 2 1337616871
9 3
2 2 2061620460
5 2 1448611696
2 2 1836598362
3 3
2 2 1400206258
8 2 1914853207
3 2 1076817825
0 2 1482754025
1 2 118758340
1 2 573756176
8 2 1712142729
3 2 1598921562
2 4
5 2 1251991000
5 2 1263530123
1 2 1675396377
6 2 1759828286
0 2 1330033547
0 2 921774442
5 2 1504149631
6 2 41366466
9 0
4 2 714735045
0 2 1974825296
3 2 424577049
1 2 1136328660
5 2 1441158987
9 4
0 4
9 4
1 2 343031208
3 2 1061043239
6 3
9 2 2102198073
5 3
9 2 2060493496
0 2 1008211142
1 2 1941278683
7 2 876151759
9 2 481341536
5 4
1 2 1038953059
7 0
6 2 375830336
8 2 1077547092
5 2 214532605
5 2 438706649
0 2 1683747541
2 4
1 2 1595889529
6 3
5 2 1478051850
7 2 653255022
6 1
2 2 121558668
3 3
3 2 580449471
3 4
3 1
5 2 1934563153
3 2 2058248420
9 3
8 0
6 3
3 2 1721096071
5 3
7 2 837687993
0 2 1000022299
8 2 1143657685
5 2 945212812
9 0
2 2 1825025127
7 2 612582696
4 2 506731738
5 2 1274240463
4 2 1922326301
5 3
8 4
6 2 873878027
2 2 637609748
5 2 22708810
9 2 1989801345
5 2 64418039
1 2 2090654566
5 2 1347017809
2 2 1604177168
8 2 504668856
1 2 658438985
6 2 232890034
9 3
3 2 1838218598
3 2 1837842060
1 2 537412842
3 2 622871632
6 2 776699358
8 0
7 2 732854514
7 2 118564028
3 2 1237175654
6 4
0 3
9 2 1747617583
5 2 489521637
3 2 1657857597
7 2 1893018581
8 2 1611974955
8 2 1185183423
7 2 1925924418
6 4
8 2 1617821975
4 2 1814231781
6 4
3 3
4 2 1825489893
5 2 219110808
5 3
6 2 590567419
9 2 1522277891
6 2 253128152
7 4
5 2 280352543
2 2 1846238093
8 2 1772284635
7 1
0 2 2056776083
2 2 144924057
5 2 117111129
5 2 581343767
2 1
2 3
2 2 1555291582
3 2 1636186670
4 2 1032675823
1 2 1135457856
8 2 72752857
1 2 436571634
1 2 154198077
0 2 814439641
5 0
5 2 1515299492
4 2 1644856106
4 2 225875784
9 2 540838308
4 3
8 2 422470205
6 2 124622286
7 2 1735709834
1 2 1720852965
5 2 1147195650
7 1
2 4
7 2 602824098
2 2 396849706
3 3
6 2 1943889685
0 2 1871895515
9 3
8 2 1037756831
5 2 1587282382
7 4
3 2 886135247
0 2 1174010645
5 2 1055358254
7 2 408822906
2 2 1923407550
4 2 1578846831
8 3
4 2 316668605
6 2 318213749
8 2 819546062
0 3
2 2 1513981231
8 2 1954229936
3 2 905271758
8 2 2016291741
9 2 901938507
7 1
1 2 609437593
3 3
3 2 1536699919
6 2 972429023
9 4
0 2 1189918455
1 2 333047060
4 0
9 4
6 0
1 1
5 3
3 2 106184674
0 2 639956474
4 2 1832749920
3 2 904332940
5 2 2131283138
9 2 1655169777
6 2 553420381
8 2 2036656844
6 2 1600763470
3 2 1248630628
6 2 677587079
4 0
8 0
1 2 577683674
3 2 1965416356
3 2 1059868076
9 2 1776882748
5 2 672343627
7 2 1737431221
2 2 606812552
2 2 114368541
5 2 412418815
7 2 1894342440
3 2 289077400
5 2 324417056
4 2 2096148165
6 3
0 2 1558790835
0 2 470436428
7 2 361837245
1 2 502885695
4 2 549001304
9 2 2073075522
7 2 1059524134
7 0
3 2 740521081
2 2 491335609
7 3
8 4
0 0
2 2 1393877349
3 1
6 2 1740097096
4 2 527516854
0 2 59495142
9 2 88965218
3 2 1838187307
3 2 1320731048
1 3
1 2 1442696841
5 2 2053433207
0 2 2052396057
7 2 628913240
8 2 743329258
7 2 1474609466
9 2 1358234365
0 3
0 2 1362977265
1 2 478064484
7 2 1760113950
1 2 1272883832
7 0
9 2 822440884
7 4
1 4
2 2 524360526
7 2 1485292907
7 2 677809016
0 2 68087588
1 2 1705157318
8 1
7 2 1887744877
7 4
2 2 378455144
6 2 1057972939
7 4
1 2 474567660
9 2 1576215761
8 2 355744799
7 4
5 2 610185835
6 4
3 3
9 2 1708516074
4 2 2049487877
2 2 1447271645
9 2 1475518329
6 2 1971233679
2 2 1673127953
8 2 517041526
7 2 905028354
8 2 53775523
1 2 534600286
1 2 2083193727
1 2 172017217
2 2 469839383
7 0
1 2 898948178
8 2 2131038478
6 2 186241457
3 2 1733260352
0 2 1250207048
7 2 724650809
6 2 1533421194
8 2 1774527725
2 2 1058989051
1 4
0 2 211483268
9 2 807020413
7 2 900170661
2 2 1348591925
2 2 118555653
6 2 32442783
8 2 1380467528
0 3
0 2 1957747436
7 4
9 2 625169597
8 2 1296248872
3 4
0 2 346955946
7 2 626715003
7 2 507270772
5 2 73566830
9 0
5 2 579611162
6 0
0 2 400253489
8 4
7 2 962123273
9 2 1254798781
9 2 366312039
4 3
4 2 683504502
8 3
0 0
6 2 1478889
2 3
1 4
5 2 113166141
1 2 731090878
3 2 2106263147
9 2 1647310473
7 3
9 3
9 3
5 2 1615222484
0 2 1892772549
2 2 1261317537
6 4
9 2 193387643
0 2 2033901953
3 2 132515668
3 3
1 1
4 2 935762988
1 2 1774390389
0 4
0 2 1274531609
0 0
9 2 1411070132
5 2 559322047
8 2 1480221918
4 2 1309394138
5 4
9 2 792167247
2 2 1237378224
5 2 830616951
2 4
8 3
2 2 570057577
4 2 1075148840
1 2 87952707
5 2 928155672
6 0
0 2 1699696512
4 2 1651426358
6 2 1819814522
1 2 1338230645
4 2 1964412314
8 2 2102719734
8 4
5 2 1354474391
4 2 529931241
5 3
3 3
7 0
7 2 615459801
0 2 1935151188
1 3
0 3
5 1
4 2 922771265
3 2 161662481
4 2 771777325
4 2 196125798
0 1
4 2 1264753532
2 2 569569377
4 3
0 3
7 4
0 4
9 4
6 4
9 2 1819735090
6 2 493538489
3 2 371312658
9 2 1534227718
6 2 2005553111
0 2 583636010
7 1
9 2 1317016151
9 2 1295210834
8 2 45707043
4 2 1859187890
2 2 519714627
8 3
9 2 1462987436
9 2 481837924
6 2 1800653520
4 2 1403306209
9 2 1688347816
6 3
7 2 1363126328
5 2 1043279359
6 2 636002329
1 2 1896219436
6 2 822654794
8 3
9 2 563914423
3 2 794707407
1 2 1518122922
2 2 875707807
1 2 1263541877
7 2 1972992609
4 2 1739142086
4 2 324191781
2 2 2036997937
3 4
5 2 895673125
3 0
1 2 1229529814
0 3
5 3
3 2 1446843568
4 2 1466068458
4 2 735993717
1 2 402168522
6 2 1464722122
4 2 1886802579
0 2 1186115414
3 4
2 4
6 3
7 3
3 2 856441253
4 2 551653214
9 4
9 4
0 3
5 2 2059676042
8 3
8 2 289417616
6 1
2 2 246714219
6 2 1128429711
3 2 1124245035
7 2 2062143465
0 3
4 4
6 2 323628989
8 2 1083431004
6 2 972607510
2 2 472890306
5 4
8 2 1190799515
2 2 554361953
7 2 809220468
6 2 1615454335
7 3
5 2 2111268242
8 1
6 2 1085885744
3 2 411619930
8 2 1741893726
0 2 1173099818
0 2 836616522
9 1
4 2 1163065170
4 2 1707199203
2 2 1483682541
3 2 1447905747
7 2 2086964635
7 0
5 3
4 2 841945333
2 2 1347046434
1 2 1195888524
9 2 1805562713
8 2 2036346424
7 2 866980204
4 3
6 0
8 4
9 1
2 2 35027835
7 2 1034327727
3 2 1473367749
0 2 529133854
3 2 1345558287
0 3
1 2 379520386
8 2 1274328020
9 2 984789652
9 2 2059499991
3 2 293833697
3 4
8 2 613374395
7 2 594258728
7 2 1996770949
4 2 814361094
5 2 1336779973
6 2 399586424
5 3
3 2 72186733
6 2 838107389
5 2 1996179913
0 2 1908676738
9 2 1286424877
4 2 315063558
9 2 384216242
3 4
5 2 384921827
5 2 541703914
7 2 434291786
3 2 2080672244
7 2 510543038
6 2 905638448
9 0
2 2 411229575
9 2 970437293
4 2 1088182717
3 2 886697743
5 2 1339732006
2 2 562460640
9 2 551289629
8 2 498732338
2 2 2106522644
8 2 1800737662
4 2 2077233217
2 2 685946799
2 3
3 2 704144173
5 2 2006612028
2 2 834998740
1 2 67953848
1 2 1282074955
1 3
5 2 62555602
4 4
5 2 242963638
1 2 25321605
1 2 1282922437
5 4
8 0
1 2 1660053228
4 2 1907200088
4 1
3 2 1188866682
5 2 1690260734
1 4
5 2 768009388
6 3
7 2 343901576
3 2 363911688
5 2 1892689718
6 2 1804807699
3 2 530554316
7 2 868053097
3 2 1696348441
7 2 2032596375
3 1
4 2 111165098
1 2 1282474093
7 4
5 2 548818107
7 1
0 2 697436394
9 2 776253578
8 3
6 2 858134444
4 2 796449772
5 2 292573005
9 2 1067844390
8 2 604072611
5 2 510209599
5 2 884633120
2 4
5 2 2089794652
5 2 828673846
4 2 1012432911
6 2 871219909
2 3
2 4
2 2 1898298459
2 2 2056008495
9 3
9 2 579197766
9 2 1864817692
6 2 238707655
8 4
7 4
5 4
3 2 2095068591
9 3
4 2 1763208456
5 4
1 2 1606693902
2 2 375424578
9 2 101582511
5 0
6 1
5 2 1562092195
3 2 1893380303
5 3
7 2 1021021547
2 4
3 2 695354762
0 2 298833120
6 2 670012335
8 2 1331885283
8 0
0 2 1055695789
6 2 130181515
5 2 1521503545
9 2 611025115
4 1
6 0
4 2 522851865
6 2 1197258783
4 2 324554952
5 1
1 2 990807010
2 2 1318081004
7 2 1175516151
4 4
0 2 908129119
2 2 559603219
7 2 1097697881
7 3
6 3
9 2 10670358
1 2 766105010
8 2 113420865
1 2 1196987584
3 2 1176984201
4 2 909618083
8 2 1753758233
2 2 1318325913
9 2 1435217681
0 2 1951708074
3 4
6 1
3 2 493200962
0 3
9 3
8 3
0 2 526746930
5 2 983433590
3 2 549652532
3 2 314306243
8 2 829064535
6 2 1511371445
1 2 68283860
5 2 663671113
6 4
2 2 2064730311
8 2 1450069346
3 2 1482398626
5 2 1642485102
9 2 2045817392
3 4
9 2 1843089496
1 2 1318964366
9 2 910060327
3 2 859555914
6 2 49515495
5 2 202408707
9 2 1496248513
8 3
3 3
2 2 2067225720
2 2 271632505
3 2 1463137990
6 2 2023075813
4 2 153976999
7 2 39666240
6 2 571843870
4 4
2 1
9 1
8 2 397753049
9 2 866347876
8 2 1280408505
4 1
3 2 1135722415
6 2 1521940869
7 0
3 2 1215579171
7 2 1327735099
5 2 2108851363
3 2 1670904342
7 2 592934057
8 2 1641650022
4 2 1997750234
3 2 122159938
7 1
9 2 2032669825
6 1
7 2 635931884
2 2 519139938
1 4
2 2 1713727793
4 2 1875785883
7 2 958842089
2 2 482750295
3 2 1960650250
1 1
5 2 290672859
5 2 706041264
9 2 689991234
0 2 1899045310
5 2 853882756
7 0
3 2 474368999
8 2 25196038
4 2 1278032969
9 2 1864146204
8 2 1779586003
7 2 1597960839
7 3
8 1
1 2 1271175219
2 2 2064171248
7 2 860290361
6 2 1076200097
8 2 1244622735
7 2 1426721739
7 2 1385687064
6 2 2085995405
1 2 1408382271
5 2 673371659
3 2 210638839
3 4
4 2 865914699
9 2 1323032408
3 2 675246814
6 2 1588500337
5 2 201100761
5 2 114223573
1 2 1722137176
8 2 747393634
8 2 770630214
3 2 712579868
3 2 1229624416
7 4
6 3
3 2 1970504685
5 2 544951599
3 2 492201926
6 4
6 2 1483913799
4 2 1920337420
5 2 1899622297
0 2 1865068033
9 2 300123973
6 2 1190565453
3 2 787175985
3 2 1009798039
1 1
0 2 749102205
1 2 790710718
6 2 1314953375
0 3
6 2 1279241615
7 2 346458027
6 2 27442323
1 2 1103451471
0 2 22513245
9 2 84818533
4 3
2 2 1161343378
7 2 541218373
8 2 1394951644
6 2 1926172952
7 4
5 2 103894948
8 2 1308639667
2 2 561357465
3 2 499934075
9 2 913260109
0 2 1838618273
7 2 2110834803
6 2 2111655075
2 1
5 2 951544279
9 2 984145686
1 3
7 2 1502537171
1 1
7 2 1239719202
3 1
7 2 58163704
7 3
4 2 1658763118
0 3
4 2 1972342639
2 4
2 2 814134880
8 2 98640803
8 2 329402011
1 2 1004282638
4 2 1627235720
3 2 1162885691
2 2 1209114078
9 2 1479353895
8 4
9 2 747756891
8 2 384759120
3 2 1772591512
5 2 1800480873
0 2 1094233820
8 2 1632761295
2 2 1885627568
1 2 1926704296
4 2 210182388
5 2 1666284831
4 3
9 2 1003469447
7 0
4 2 361649156
5 2 1929881995
9 2 727748161
7 4
9 2 1509691294
9 2 242791378
2 2 1444532240
9 2 886961406
3 0
2 2 380916395
3 4
2 0
7 2 230643279
0 2 881521328
3 3
6 2 87410617
3 3
5 2 2103520644
2 2 1982409644
4 2 1547392592
8 2 286304936
4 2 1532010617
8 2 1206151772
0 2 189589573
6 3
3 2 1979265391
2 2 275558008
4 0
2 3
7 2 309405364
8 2 1946678589
3 3
9 2 1389103901
3 2 959859511
9 2 1126436250
4 2 727987309
9 3
4 2 230270508
4 2 1469213930
3 2 1708253433
0 2 986329559
2 4
1 2 198692346
9 4
0 2 531565882
6 0
5 2 472138378
5 2 660941072
5 2 2041784925
0 2 407657477
2 2 1287093984
7 2 1970475768
6 2 1812182063
8 3
5 2 811143376
2 2 501169254
4 2 735226840
3 2 758973363
5 2 1845433699
7 2 2053132186
0 2 1219928220
6 2 543184362
9 3
9 2 1687029223
9 2 630531865
7 2 1275942926
9 2 1573422643
7 1
4 2 633404545
1 4
3 0
2 0
5 4
2 2 213600954
0 2 446482360
8 2 287329239
3 3
6 2 1216986569
7 2 1046116435
4 2 436485602
2 0
4 2 1142606311
1 2 1678080905
2 2 116310360
1 2 1385031179
6 2 1289526393
5 2 1582288780
6 4
0 2 160650049
5 3
0 2 1159036188
9 2 62665839
4 2 2003362901
3 2 851072547
2 2 597806615
2 2 1740991810
7 2 1095045071
3 2 685933118
8 4
9 2 1678859131
0 2 1735682941
4 4
4 3
0 2 599600768
3 2 1765948748
1 2 1157203130
2 2 1008941480
3 2 1682871793
7 4
4 2 253532987
4 2 1700019954
6 2 507435538
7 2 247815783
0 2 70505075
8 2 1558541845
5 2 818482233
8 2 1599231209
7 2 112269436
8 2 1959952580
4 2 1793582376
2 2 1107426197
6 2 1835535138
3 1
0 2 785653152
0 2 469252158
9 1
9 2 1216956757
0 2 1620051116
4 2 1362476667
5 2 837092160
6 2 1009975343
9 2 1282685844
7 1
9 4
6 2 784282734
6 4
2 2 737710161
8 4
9 2 452280342
8 2 1100796524
1 2 1794830110
3 0
0 2 1291345588
4 2 1210446194
9 3
7 2 2042245339
8 2 1732453715
6 2 630263260
9 4
8 4
4 0
7 2 769704050
3 2 767279236
4 2 499591033
9 2 1749846177
2 2 425931936
3 2 1622258186
6 2 737140220
1 2 800996031
1 2 698451262
9 3
7 2 1518051110
9 2 104434802
8 1
3 1
1 2 1087107555
4 4
1 2 1663439436
8 2 1184622028
5 2 1884638868
3 2 323947866
6 2 985544214
8 0
8 2 541778067
3 2 339725469
9 2 1440712402
0 3
6 2 992805250
9 2 1715768159
5 2 839091321
4 2 1468956127
7 2 708970295
1 2 1576054671
0 2 1706163564
3 2 755033612
9 2 863823098
1 2 1992088247
1 2 2139544688
5 2 699312862
8 4
1 2 337506756
9 2 434266030
6 3
4 2 748369214
5 2 1092605685
2 2 1838449161
7 2 2054152674
2 0
2 2 849346130
6 2 1058496968
0 2 315111165
9 2 2096946031
9 2 1678851905
0 3
4 2 1390916744
6 3
3 2 1996524028
7 1
1 2 1154834079
6 2 63153407
1 2 1157044109
5 2 1942652020
7 2 1459264818
7 2 1966704247
0 3
6 2 1222801008
8 2 381109957
3 2 1505546406
1 2 1537902456
2 4
1 2 1247007547
5 2 1880767972
6 2 1220761545
8 2 64714337
9 2 527872136
4 2 2073724328
8 2 399675154
8 2 719524604
0 1
7 2 895820423
8 2 143324933
8 1
5 2 258556858
0 2 140217896
6 2 92186152
5 2 1898794494
7 2 554178629
8 2 1806879845
4 2 2143612459
5 2 628480888
3 2 2081056558
6 2 26354824
3 2 1591147834
4 2 1032994871
3 2 1048258096
3 3
3 2 2051979955
4 2 1656854380
6 2 289080995
1 2 1886584489
2 2 1807248567
8 2 3496363
2 2 1155390318
5 2 169862702
3 2 1061878565
5 2 863260702
1 4
9 2 1681865604
3 2 1192693739
8 2 248523652
3 4
6 2 173321799
7 2 253182825
5 2 1244031386
8 3
6 1
9 2 1669882823
1 2 1354537262
9 2 329565650
4 2 1307612773
2 2 584105372
7 2 1756634622
3 2 1233111390
7 2 644169338
4 3
1 2 1003802969
3 4
4 2 2049481262
6 2 1607212730
8 2 294218749
3 2 918701475
5 2 1289145518
7 2 742345128
3 2 1331095580
9 4
6 2 428960167
8 3
0 2 1592968261
7 3
4 2 850746621
4 2 1632652991
8 4
9 3
8 2 1922676915
2 2 2058186384
7 2 663141527
3 2 712966222
3 2 1658116641
8 4
7 2 7712781
9 2 1908733811
5 2 906730429
5 3
5 2 1092061729
3 3
7 2 474779548
7 2 1971685002
2 2 140706452
8 4
5 2 1367099679
0 2 1466219403
5 2 1766494670
8 2 988710768
9 2 1171803679
3 2 1808302045
3 2 2118553717
9 2 78039337
2 2 991718307
2 2 1967538679
5 2 346176373
2 2 1792561174
4 2 1111326237
3 2 381799398
5 2 83899775
4 2 1550017618
3 2 1212101818
2 2 249547147
2 2 803112537
6 2 293424316
3 2 858861106
2 2 887270721
7 2 2107590289
2 2 386077341
1 4
7 3
4 2 1218770622
6 2 1929228388
1 2 1962184472
6 2 1858335607
8 2 1116800301
4 3
1 2 220073930
5 2 405857117
4 2 229320170
6 2 1490860615
3 2 1775694372
8 2 191699340
6 2 1857986775
4 2 2035235056
7 1
1 2 741244292
8 2 1969159875
9 2 636755457
6 2 857847447
1 2 1124135200
9 2 1396633604
8 2 530447179
4 2 2002473137
1 2 194278410
6 2 1017913904
8 2 966076135
4 2 4613726
2 2 1759585154
6 1
8 2 858619276
0 2 1417753339
6 2 1575482977
5 2 174376162
4 2 1996398191
6 2 1755656845
1 2 1662758804
8 3
7 2 943105143
3 2 1553594396
3 4
3 2 2133123815
2 2 468251204
4 3
2 2 1357396872
7 2 986043735
8 2 1647013614
0 2 1345681763
9 2 1648745727
4 2 1300581724
5 2 999698268
0 3
5 2 1415908658
1 4
9 2 2059522012
2 2 1594845987
9 2 2011617599
4 2 1102099875
2 2 1622548926
7 2 1688249685
8 2 1818950958
3 2 110655766
5 3
0 2 1827394579
0 2 1626722549
0 2 1319259550
3 2 120449051
8 2 601046993
1 4
1 2 695161850
5 4
8 3
5 2 1931991845
8 2 698078548
2 2 844064647
5 2 422491701
0 2 1769326249
6 4
8 2 401012571
6 3
8 3
1 2 696024332
2 2 1254468239
9 2 66292671
6 4
0 2 903459708
8 2 315460243
0 0
3 2 378367327
7 2 1875444764
6 1
0 2 2056033434
3 2 1346558607
4 2 106119541
0 2 610345439
0 3
2 2 257962149
4 2 1850876660
0 2 252999266
0 3
2 3
5 2 1153529267
0 2 476836379
1 3
2 2 2101105373
8 2 870292661
6 3
0 2 811182316
4 2 315660534
5 2 690180276
9 4
6 2 1354166267
4 2 1595319173
0 2 1541836846
2 2 1687173567
1 2 422799164
3 2 569850226
4 2 1295683688
0 3
0 2 999048357
4 2 252742981
5 2 1865752506
4 2 273043123
8 2 1585312196
7 0
1 2 1697216335
7 2 1986832389
9 2 143001624
8 2 1943842989
3 2 2070106948
7 2 1343604554
9 0
3 4
9 2 2010334297
8 2 1609619596
2 4
7 2 1975629163
3 3
0 4
8 3
6 2 1235124925
5 2 233774019
6 2 1624713313
6 2 678082254
1 2 3157256
3 0
8 2 747562723
8 2 1792161782
9 2 698213237
1 2 1681702545
4 2 1762964293
5 2 2078285019
4 2 600021169
7 2 622046322
9 2 2104639149
7 2 1639130525
3 2 1813314812
4 3
3 2 33408281
7 2 468995125
4 2 2083831339
5 2 959145586
4 2 735599945
3 2 2002781155
5 1
8 2 227000551
0 2 1694436019
1 2 430615454
8 2 1255262924
2 4
9 2 1516703489
6 2 97883562
7 2 439449858
1 4
0 3
4 2 816931323
5 2 348251326
3 3
5 2 1283088286
3 2 718917939
1 4
5 2 1274957874
8 2 626520716
7 4
9 4
6 2 656582403
4 2 1616433462
3 2 856113991
9 3
0 1
5 2 823959543
1 3
7 2 1849200138
5 2 2077915623
7 2 244124287
2 2 927264149
8 3
7 1
6 2 712862334
6 2 1920422174
4 1
1 3
0 4
4 2 1663310449
0 3
3 0
0 2 2074104882
5 2 1768835287
2 2 2141121684
1 4
3 2 1031621911
6 3
4 2 1902907023
5 2 1208302653
0 2 1362692677
4 2 885938776
6 2 1525021909
9 2 203302250
8 2 1011387813
3 0
7 2 1166880829
6 2 1919740858
7 2 288871282
6 2 1233437521
5 3
6 2 1731060319
8 2 1119006218
2 1
0 1
3 2 1229326378
1 3
6 2 1352985205
7 2 225691083
6 4
6 2 219584322
4 2 231894929
6 2 569846412
5 2 1249667008
8 2 719655928
0 4
6 2 924745542
2 4
6 4
9 2 243810095
6 2 513419890
7 2 688627372
7 2 682616582
2 2 1340263269
9 4
1 4
4 2 488029620
3 3
9 2 664919437
0 1
4 2 1126212801
1 3
9 2 1620301016
5 2 899726746
8 2 2120853650
3 2 1954797172
6 4
0 4
5 2 1861129731
3 4
2 2 77033762
0 2 1287358129
3 2 1585798511
6 4
7 2 1698650699
9 2 961006143
2 2 1195820005
6 2 1888596119
4 2 1703525615
3 2 772460770
2 2 1256905118
0 3
2 3
1 0
1 2 335239476
0 4
2 2 841329980
5 2 624860297
6 2 936248758
4 2 1995824234
8 2 375634340
3 2 433373722
0 2 1632439397
3 2 152440936
2 2 45046066
4 3
4 4
4 2 482011842
0 2 454172242
5 2 735674533
0 2 1768802946
0 2 194520833
7 2 851957515
2 2 1941164568
3 2 1879409443
2 2 1392340059
3 2 659288190
9 2 1606934779
6 2 519168657
6 2 999311338
7 2 1344151490
7 3
5 4
4 2 782427306
1 0
6 4
9 2 335122272
0 1
6 2 345360169
9 2 416930253
0 2 616581789
5 0
1 2 916286046
4 2 1812381469
2 2 644996487
4 2 2115309886
8 0
7 2 1366162823
3 0
1 2 1327794844
1 4
2 2 1316140797
2 0
2 2 797467128
2 2 195761785
3 2 809722312
4 2 549050515
6 2 2000571261
6 2 256647105
5 2 737365811
8 2 755403513
2 2 1950432177
3 2 1573253147
6 4
5 2 1898160805
8 2 1107750251
1 3
7 4
0 3
7 2 1076786081
4 2 202937692
6 2 689333656
8 2 578758604
8 4
1 2 1601433955
9 2 987072469
5 2 1343406
8 2 904739884
9 2 869023231
3 0
1 2 1470575303
5 2 432665221
9 2 1102281753
0 2 996914559
0 4
5 2 39960133
4 2 1368028642
5 2 730481720
7 2 847692759
1 2 1644556059
6 0
4 2 1966712675
7 2 182575153
3 2 409621100
5 2 1874064227
1 3
1 1
5 2 1919373288
4 2 111715898
8 2 774354102
9 2 1160367114
2 2 1904066798
3 2 1525465418
6 3
6 2 523060966
3 2 397785154
9 1
3 2 664212384
0 2 1095480869
2 2 1482737919
2 2 1315103730
7 3
4 2 83500711
9 2 467148003
2 2 1306391192
5 2 1701609084
2 2 1369302037
7 2 1121854913
8 1
2 2 1842023869
8 2 82749205
2 2 186979278
3 2 1637109821
6 2 654250308
2 3
6 2 344232796
2 2 876071720
0 2 1675025857
6 2 1605460747
8 2 52484106
5 2 1321880629
7 2 25652324
6 1
9 4
7 0
6 2 757108064
0 2 246074349
1 3
2 2 958628836
6 4
9 2 1473165431
2 2 949126020
8 3
7 2 300883212
9 2 1414273070
3 2 1671810358
8 2 409186386
2 2 658320380
1 2 1299716086
9 0
0 0
8 2 1446985053
2 2 1745394303
1 2 1358553667
9 2 99781562
0 2 1922140092
5 2 1807967384
7 2 221250286
6 2 502364427
8 2 430892579
9 2 1852957225
7 2 723019956
4 2 1113238127
7 2 1685778260
8 2 1713167990
9 2 622639839
4 2 627045183
3 2 962327547
5 2 684832223
2 2 595970574
4 4
1 2 452878507
1 2 806900615
6 2 370316262
3 1
4 2 944071735
6 2 334644010
8 2 1983860197
4 2 230742761
2 2 1870480541
6 2 864108494
9 2 1243450222
6 2 243085129
9 4
9 2 1107958673
5 2 675016617
5 0
6 2 1946334742
4 2 1661111552
2 2 352187758
8 4
6 2 639856902
5 0
5 2 1381099640
4 2 128769366
2 2 1068667380
6 2 976825488
1 2 1687715253
7 1
9 2 457811325
4 4
5 2 645336070
1 2 2117867390
2 2 568590620
8 2 414527785
8 2 125324730
6 2 357712094
5 2 1600674804
6 2 1096507956
8 3
4 2 218868821
4 2 7573792
3 2 1418830572
3 2 1199876070
5 2 790023926
3 2 220790476
3 2 1247627416
6 3
9 2 1368812669
1 2 920545031
4 1
5 2 1225449858
9 2 1534757195
6 4
2 3
7 2 1684753134
4 2 45496497
3 2 945400221
0 2 139102149
5 2 1987080150
8 2 1401059805
1 2 1454689409
7 2 2139789063
0 2 109684316
1 2 145229522
2 2 2071605576
5 2 375665146
3 1
8 2 1922222034
6 2 1539417230
5 2 1202275772
4 3
6 2 1992685451
4 2 237696032
0 2 862478853
2 2 547674892
3 2 1502420171
7 2 1266482009
4 2 179036287
5 2 826531804
0 2 637898063
2 2 1196031486
6 2 1694681671
9 2 2003445844
5 2 514680605
7 2 1466756998
3 3
1 2 912017442
7 3
4 2 1456577320
4 3
6 3
6 2 1488350661
3 3
0 3
7 2 664530812
7 2 1816204410
5 2 291749009
1 2 736273581
5 2 1951392846
6 2 171852887
7 1
2 2 907040894
4 2 2043912022
8 2 1635707604
0 2 668347177
4 2 229206629
8 2 2115603738
5 1
9 4
7 2 448431296
7 3
4 2 761264125
4 2 1698366666
1 2 1211100095
6 2 998084078
4 2 615506144
8 2 1881153396
4 2 759219387
5 2 1064475097
6 2 1315413800
0 1
7 2 851950007
0 2 1669688394
8 2 1936559175
6 2 1170577628
0 3
9 2 624477143
7 2 1735293625
0 2 1043250892
3 2 526184008
5 2 1032727158
5 4
9 2 1074418217
8 0
9 2 187161659
8 2 1229472115
1 2 1900178290
2 2 945426819
8 2 1560662179
7 2 1000674820
0 0
9 3
7 2 1029688002
0 2 1857374090
8 2 300076171
1 3
3 4
2 2 1204295540
2 2 736745245
9 3
9 2 1374280621
3 3
4 2 430755712
0 2 1758445011
9 2 1847798522
8 3
4 2 1093741263
3 2 331990533
9 2 595011813
0 2 686078169
1 2 445192590
0 2 1870208119
6 4
4 2 1738429889
6 1
0 2 1631796052
7 2 789908541
5 3
1 2 257433791
2 2 1041730704
1 2 323022260
9 1
1 2 1733084520
9 2 2073190672
3 2 632500724
2 4
6 2 306756687
9 3
2 2 1862372980
3 0
0 2 443570877
3 2 1753106394
9 2 1525485799
0 2 1917320555
2 2 46451838
7 2 1611417497
0 4
4 0
7 4
4 2 2034731435
7 2 1958340210
9 2 291680395
8 2 1666158172
0 2 303735455
0 2 2038678359
1 2 1124557517
1 4
0 2 2015337277
1 2 185712131
3 2 224422817
2 2 482615915
1 2 651513846
1 2 1163876727
3 2 1936503936
2 2 2008604017
8 2 20713214
8 0
3 1
6 2 892143239
7 2 979158910
9 2 1827363216
9 2 677089579
3 3
8 2 663261400
4 2 130048072
0 2 849344957
0 2 1827360318
3 2 779606493
1 2 141565416
4 2 1278319750
6 4
3 2 789462850
2 2 59204235
2 0
3 2 1335591341
9 2 2131661559
3 2 978390746
3 2 1751557536
8 2 1104095016
3 2 1146882190
7 4
3 2 2128058039
3 2 1721959237
8 2 1026595974
2 2 78748430
2 2 1986669796
9 2 215295759
5 2 694278994
0 0
3 1
5 2 1205223901
0 2 48728896
