0 0
1 0
2 0
3 0
4 0
5 0
6 0
7 0
8 0
9 0
7 3
2 3
0 2 746762399
5 4
0 4
7 2 1211430067
3 4
6 2 862788482
2 0
7 1
6 2 1744859596
0 4
9 2 2058999403
0 4
9 2 1375127591
8 2 1292632030
6 2 528778861
9 2 714738557
0 3
2 2 1233547638
3 3
0 2 2080953855
8 2 617135648
2 2 288319005
1 2 1340933727
1 2 1191011253
3 2 1086896450
7 2 394662532
5 2 640708448
7 2 1389450160
6 2 1343900809
0 3
6 2 1118229287
5 2 616889290
7 2 653338310
9 2 1760621682
0 3
4 2 1114412493
0 2 1884124047
9 2 722416523
4 2 1507250622
4 3
8 2 2055216178
0 2 574605485
6 4
3 0
5 2 520703187
0 2 1156023615
7 2 2086739907
4 0
5 2 389081383
2 2 1620861365
2 2 840863810
8 2 1426912092
7 2 1342294021
1 2 1332468576
4 2 171180584
5 2 2028442076
2 2 1672157922
3 2 2051397194
5 2 573470067
4 3
1 2 185162383
6 4
5 2 221623668
6 2 1342175079
7 2 713781246
7 2 851115600
2 2 869954413
7 2 1783760604
5 0
8 2 708346918
1 2 1441033280
6 2 288013227
8 2 1394122539
0 2 741517449
5 2 911926863
4 2 814133357
9 2 1599140564
2 2 1884996228
6 2 1881604107
3 2 1222407155
0 2 2144838691
8 2 1437678095
4 2 514398018
9 2 1421782133
2 2 1210608252
6 2 130430799
4 1
4 2 1141733424
0 2 645305233
7 2 1506796072
0 2 735451165
1 2 963803608
2 2 395265288
4 4
5 2 1239085372
9 2 1828372821
2 2 680998918
7 2 1815385409
5 2 852431208
7 2 1887739391
2 3
5 2 21721775
1 2 1760073215
4 3
5 4
6 2 754564321
9 2 1448677083
6 2 2127007131
0 0
2 2 1275506476
8 3
6 2 1394326762
3 3
3 2 389426565
0 2 724213365
0 2 1319653474
1 3
9 2 1225531756
7 2 615209859
9 3
3 2 601596484
3 2 1463198828
3 2 1569681458
2 1
3 2 1502476518
0 2 298667005
1 2 1369359090
0 2 1341494592
9 4
9 2 541984993
4 2 1477223042
3 2 1316939964
0 2 1845123853
5 2 1673777902
9 2 1549647358
7 2 1655653710
0 2 500453715
7 2 1043398560
3 2 574016788
6 2 1320733807
1 2 749617811
5 4
0 2 1947241842
9 0
3 2 2135681899
5 2 116451846
2 2 1782628220
5 2 110325746
3 2 835979775
5 2 1479764796
2 4
6 4
8 2 680931107
3 2 1793234916
6 4
3 2 124098071
5 2 1651781854
6 2 2105751245
3 2 1527795233
0 0
8 2 1712424727
2 2 1467238513
8 1
4 4
9 2 515708668
3 2 2138293152
7 2 1764193448
2 2 1373632042
6 2 439418182
4 2 1089435428
7 2 1017898575
7 3
2 2 149485484
5 2 1232307125
9 2 398813895
4 2 2007177105
7 2 826142608
0 2 529959604
6 2 73605870
9 3
9 0
5 2 1816851410
1 1
5 2 920996695
7 3
8 0
1 2 1714854947
4 4
6 2 1311234027
7 2 218603692
1 2 98335387
5 1
5 2 1464343350
7 2 1928190668
3 2 1090655816
1 4
3 2 18345697
4 2 1758067136
4 2 1807917530
4 3
7 2 305048846
9 0
6 2 1367786471
3 2 344495516
7 2 780820085
2 4
4 2 987628987
1 4
6 0
4 2 1043533979
9 4
0 2 201996313
6 2 1173356491
6 0
6 2 736252008
8 2 883690535
8 3
9 2 86537586
5 2 681136652
2 2 1140620877
4 2 1734571807
1 1
1 4
5 2 795438761
1 3
7 2 393353726
4 2 172403147
0 4
3 2 1984244659
9 2 1697683186
1 2 997385165
0 2 264352158
2 2 62620277
0 2 1346198064
3 3
7 2 727656533
4 2 520404014
1 2 299976291
7 2 1005525086
5 3
2 2 393459212
0 0
2 4
2 3
9 2 491294569
7 2 119727116
7 2 126041550
5 2 1964737358
6 2 1889520695
5 2 1932530058
5 3
3 2 367851422
9 4
8 2 1837368421
0 2 1137116258
9 2 1599776293
3 2 707176839
2 2 1576566138
5 2 119511070
6 2 1718941745
3 2 1944630156
9 2 638453067
9 2 1086558444
6 3
0 4
0 2 354645711
7 2 1312715325
2 2 700260326
7 2 1826478608
8 2 333576833
2 2 1681524218
3 2 2074873299
1 3
6 2 1507669035
6 2 1252492272
9 2 967232086
3 2 1394926561
8 3
5 0
6 4
7 1
0 0
2 2 1740633220
4 2 1301999392
2 2 2125027098
1 1
0 2 1718549643
9 2 62005525
7 2 376690715
2 2 91545746
3 2 1662952928
6 2 1485962451
6 4
9 2 381374982
2 4
5 2 1423598684
3 2 875646763
0 4
3 2 1207728040
0 1
3 3
5 2 1496213793
5 0
2 2 1518635848
1 2 21446087
8 2 1943006741
1 3
1 2 1332036466
5 2 1227399563
9 2 1475227786
1 2 583542989
5 2 1992693699
5 2 929663459
4 3
4 0
4 2 320396471
1 2 793071961
6 2 489309255
6 2 81626645
0 2 542413597
6 2 889743930
2 4
7 2 663345738
9 4
1 2 2002199414
9 2 1143045436
6 2 778726621
9 2 1630986155
5 2 896912764
1 2 912384951
3 2 1824229396
3 2 681743703
8 2 1847307896
1 3
8 2 40870999
6 2 1168960334
3 2 606273295
4 2 636793803
7 2 1154092208
6 3
5 0
4 3
6 1
9 2 999456857
0 2 1612377050
3 2 299101679
7 2 2128937293
3 2 1022537445
9 2 2101835854
5 2 730983649
7 2 499430998
3 2 1214949552
8 2 1439420575
4 0
6 3
8 2 131646031
6 2 736089280
9 2 1839108000
2 0
9 2 34795409
1 2 466577868
5 2 1930941069
9 2 1573131524
6 2 1201492464
5 2 1146647662
9 2 244471880
6 2 1508532294
6 2 1632642393
1 2 318646113
5 2 674419551
1 3
1 2 1197477328
7 4
5 3
9 2 2127982585
2 4
0 2 1195931236
0 2 1675361124
9 2 231162683
4 2 1880650891
4 2 1910087243
7 2 1023250560
1 4
4 2 1813190655
4 2 1743230274
1 3
1 3
3 2 1923915780
1 2 1770492828
9 2 615250239
4 4
2 2 1940767813
4 4
0 2 43270046
9 3
0 2 1461452063
5 2 1381441728
8 2 1554676449
7 2 1461045714
4 2 101619344
9 2 496727367
3 4
9 2 328549219
8 4
2 4
2 2 786495347
4 2 1536513563
5 1
0 2 1045541687
4 2 564137559
8 2 387156615
7 0
9 2 991971736
9 2 1366351994
3 0
3 2 1552853901
9 3
1 2 1998518385
3 2 172325475
6 2 1209551093
6 2 1268905799
0 2 1001941260
4 3
7 2 1795902648
6 2 515984061
7 2 1582343652
8 2 1318326566
7 2 7314155
4 2 1131249786
3 2 1828458138
5 4
6 2 1847954626
2 2 1159898178
4 4
5 2 2002677244
4 3
7 1
0 2 761832470
6 2 1148447540
8 2 1015828264
3 2 327582814
8 2 1890938809
1 2 1681489365
4 2 2111714471
7 1
4 2 1981589029
6 2 18998081
3 2 862385648
8 2 999613897
5 3
2 2 1387821482
0 2 1451027571
3 2 1410428338
7 1
9 2 524257705
8 2 1563063496
3 2 1181593168
5 3
2 2 377404872
7 3
3 2 2044532280
5 2 768156375
3 2 1449592430
4 2 1084277774
6 2 2087838609
0 2 24366921
6 2 992264381
4 2 1264137859
7 3
6 2 1671384280
1 2 1812799303
8 2 669368672
9 2 1588022788
6 4
3 2 571798795
8 2 2109910363
5 2 481628244
4 2 1979697079
7 2 1365294507
0 2 101848191
9 2 2081613140
1 2 1413013299
2 2 1532936246
4 2 1323703281
7 1
6 1
1 2 2118010194
2 2 1371232797
6 0
9 2 490356443
1 2 1367740465
7 2 1186867928
3 3
5 2 2037802686
1 3
6 2 2073567018
1 2 183733550
7 2 900665733
3 2 850263256
0 2 1916996953
4 3
2 2 20914289
2 4
4 2 119653325
3 2 1534594958
6 2 2098159491
9 2 62593200
0 2 2105956178
0 2 1932295382
5 4
6 2 1115535974
5 2 1120328736
7 2 467555048
6 2 1976399041
8 1
3 2 1879449941
6 2 2071879985
2 2 970576001
4 2 1079412763
0 4
2 2 1792449526
2 2 477516265
9 2 431068997
6 2 1241885485
6 2 418316545
5 2 1876578274
2 2 1807913483
1 2 1134353678
3 2 397800260
2 2 699587746
1 2 1948961325
9 2 830093705
9 3
1 2 97659436
7 2 919635775
1 4
2 2 139040258
5 2 2134066454
1 2 1117800740
2 2 137633177
7 2 1340624237
0 2 611978404
7 2 677728085
6 2 1775338066
9 2 1344729489
2 2 12836926
0 3
7 4
5 2 487733175
0 2 857285289
6 3
0 2 1167366790
0 2 1468596820
9 3
6 1
7 2 912019728
1 2 1286632579
5 4
2 2 372141522
9 2 1574293603
3 2 66070968
7 2 1777701922
5 4
8 2 1325485602
0 2 1534764601
1 2 1186186850
5 2 824760393
7 2 177173176
0 3
1 2 123985457
2 3
3 2 800234614
3 2 2023592265
3 3
1 2 479542524
8 2 1856152429
2 2 1439635990
6 2 939722478
8 2 1536544365
1 2 467748935
0 2 273419107
8 2 1261909428
1 2 1001982837
0 2 1640637726
6 2 817815321
3 0
7 2 1734580652
3 4
4 2 2112192828
0 4
7 4
0 2 1925556580
2 3
3 2 357482270
2 2 1438268817
6 2 2124272335
1 2 709308701
5 1
6 0
9 2 953593905
6 3
7 2 1399341620
1 2 809895114
3 2 303645004
9 2 567506837
2 3
8 2 16055325
4 2 871665059
6 4
1 2 2038705124
2 4
8 4
5 2 2145632677
3 4
3 3
3 2 312010914
5 2 1554851685
8 2 829463209
5 2 166079002
5 2 1317343821
4 2 1288817882
4 2 1471821091
9 2 214038485
8 2 185204247
3 0
7 2 381500745
4 3
5 2 1690327345
4 3
3 2 945977699
9 4
2 2 1158439947
8 2 728472864
3 2 1645821612
8 4
4 2 1845752100
9 2 51745811
4 1
7 2 862066135
5 2 1707319889
9 2 361913238
5 2 245338736
1 4
9 3
7 2 1171289613
6 2 1919168040
4 2 934424944
5 2 96554044
0 2 803489133
4 2 672219208
8 2 1391380518
0 2 1617884553
2 2 1535770270
5 2 554931763
6 4
1 2 475179850
9 4
1 2 1466624943
5 4
8 2 2094005657
3 2 1410275463
9 2 1024422553
0 2 1211570509
6 2 630919362
4 2 1959005115
1 2 1854815647
0 2 4337820
1 2 135859115
6 2 1908830526
8 2 1382749089
2 2 2051898835
9 2 486411580
4 1
8 2 184101164
7 2 557111439
4 2 1965507828
8 2 2064969606
8 3
3 2 323982012
7 2 88664635
1 2 630843079
3 2 140452105
6 2 2072110246
4 4
8 2 412944123
0 2 1931947840
9 2 2002931203
1 2 511648695
3 2 1496420007
2 2 835894430
1 2 680047791
8 0
2 2 1655728384
0 0
8 2 122697727
7 2 1916445468
3 3
0 2 1556398810
7 2 671351220
7 2 1599093568
9 1
7 2 518761991
3 2 646875147
9 2 1465046587
2 4
3 2 859035325
5 3
9 2 797869707
1 3
8 4
1 3
6 2 1317811622
6 3
6 2 170751261
9 2 1045899650
4 2 489373338
6 2 336231919
2 2 743751306
0 4
5 4
4 1
6 3
7 2 991545804
7 0
3 2 1246014308
4 2 1138899564
6 3
7 2 1219042882
4 1
5 2 1182997991
8 2 1667418219
6 4
5 2 675739752
3 2 1984497834
5 2 1839092686
8 0
6 3
2 3
2 2 743963685
9 4
8 2 674746991
4 2 1536996605
5 2 265801708
3 2 1909947992
2 2 2103553843
1 4
8 2 2119235171
2 2 1921055145
6 4
5 2 1137392429
8 3
2 4
7 2 508026902
6 2 974377819
6 1
4 2 845943574
1 2 1440505641
7 2 984768809
6 2 198267969
1 2 1147054248
2 2 2023643898
2 2 255253983
6 2 1358836077
8 2 1519890846
5 2 2118620164
3 2 1156347560
4 2 1251591278
9 2 1664463828
4 2 965210273
6 2 1249491615
3 2 1855885151
0 4
5 4
3 2 158757366
8 2 1908616730
6 2 1881305475
9 2 1493205341
5 2 1339454350
0 2 423743236
5 2 80045228
7 2 355586793
2 2 1971764512
0 2 1378414808
2 2 1760200406
3 2 999144793
0 2 84537404
3 2 182872654
3 2 160656800
4 2 1499356145
3 2 746602053
3 4
7 2 450880108
8 2 1017139466
2 2 1936875525
2 2 1552909543
6 2 1563440084
7 2 935447419
8 0
9 2 199004934
7 2 1146653630
3 2 1402595262
9 2 1105857762
6 2 267520856
5 0
5 2 1461347892
1 2 242888451
8 2 1212857493
5 2 373214517
5 2 1938868129
4 4
2 1
8 2 1738755809
0 2 504377790
5 2 1318841845
8 0
7 0
0 2 564462706
4 3
7 2 994463241
7 4
9 3
3 2 2068226002
4 2 844448129
9 4
8 3
1 2 65981303
3 2 2130392371
7 3
8 2 754450376
2 2 751723401
0 2 257356915
4 2 1999627002
1 2 1933506787
8 2 1534519638
7 2 175461273
1 2 1746455641
9 2 1627090531
6 2 1962813537
4 2 1634434930
7 2 1236202731
0 1
1 2 1978511762
2 0
3 2 83771377
8 2 952565506
1 2 1514706420
8 2 1435779444
6 2 1206095554
9 2 28115249
9 4
3 2 1033941373
9 3
5 3
9 3
7 2 2097445815
1 2 987826240
7 2 916356557
5 2 124522994
9 2 226575501
6 1
7 2 321667545
9 2 1277056912
1 2 1653732614
8 2 1036398509
4 3
7 2 477322344
5 2 984675710
2 2 1912363472
8 4
3 2 2096550987
4 2 952746517
6 2 540575642
7 2 1521693836
2 2 843360911
3 2 530144681
5 2 1126083902
0 2 845071894
1 3
2 2 1236062203
4 2 554397601
2 2 88206898
7 2 1144676120
1 2 241566407
6 4
7 2 1138702615
4 2 1679621069
5 2 1728544650
8 2 296496388
0 2 1954448642
5 2 1425710779
5 3
1 2 1580791978
1 4
7 2 160021539
7 3
2 2 2139308481
8 2 1693061878
1 2 2133949495
9 2 2050673340
4 3
9 1
0 2 532249845
0 3
0 2 1322565236
6 2 1424409391
9 1
9 4
3 2 564757363
5 2 1134410837
0 2 551034034
8 2 599005828
5 2 1912884605
8 2 734999185
4 2 302192364
9 2 396820822
6 2 240732088
2 2 242139932
4 2 1860045811
5 2 1475243804
7 2 1404408258
5 2 1475154061
8 2 569722950
9 2 1212315924
5 2 967766812
6 2 1084560833
1 2 1853667353
0 2 1721591580
9 2 1469801015
7 2 1405940278
2 4
1 2 1167215090
1 2 2090357061
3 2 45813015
7 2 1986013339
6 2 957111210
5 2 873381697
8 2 459849052
2 1
1 2 206756398
6 2 1931151523
4 2 1168113802
3 2 503865705
4 2 1305864503
3 0
7 2 1189015240
4 2 682544284
8 2 1000369008
1 2 611952063
8 2 207556954
3 2 1227197739
6 2 1535150560
3 3
0 2 1778410677
5 0
8 2 818264467
9 2 118688334
3 1
1 2 192365152
8 2 1234732364
0 2 424783064
9 3
5 2 346363884
6 4
0 3
7 2 1786904889
3 2 483244998
1 3
8 2 2100583567
1 2 1673648962
5 2 1394970969
4 2 2004475903
0 2 637370191
9 2 2015117941
2 2 1843325947
4 2 1658465179
2 2 438869462
8 0
0 2 1747414909
3 2 1133535018
1 2 1593548140
7 4
2 2 204004559
3 2 1773298313
8 2 413838888
8 2 1123306906
4 2 1726098532
7 0
9 3
2 3
2 3
0 2 137218131
9 2 1711170951
8 2 836350096
8 3
7 2 582997199
7 4
3 0
4 2 1946206050
6 3
1 2 237742477
6 3
8 2 906305886
6 2 629270731
3 2 735642358
9 2 1277980821
3 4
7 2 696142495
7 0
4 3
6 2 109633158
9 2 1298128472
9 0
8 2 70715780
5 1
9 2 1085308944
8 3
2 3
3 2 939315410
9 2 1064583947
4 2 567891704
5 2 989489008
4 2 46638152
0 2 2051378028
6 2 1670289798
4 2 576825006
2 0
0 2 1115902513
0 2 1332153651
4 2 521586945
4 2 1009660774
8 2 326848956
5 2 2123155159
4 2 1589408383
4 2 122140504
5 2 698542150
0 2 1532454853
1 2 1928074997
8 2 1252818055
2 2 1617507359
2 2 1711120076
3 4
7 4
9 3
8 4
0 2 323618703
8 2 795200493
6 2 1752496709
0 1
9 4
5 2 1454999843
2 1
5 2 1209309902
9 2 2007185566
1 2 1515469797
3 2 821617274
9 2 1980460388
3 0
8 4
5 2 1511184642
4 2 1369734154
5 4
6 0
5 2 2054264551
6 4
7 2 425976485
0 2 526283203
6 2 1472471107
5 4
6 3
7 4
9 2 1004252551
4 2 809967240
9 2 1990723912
8 2 758432698
4 2 1299176943
8 2 178376809
3 2 395073964
0 2 861534719
3 2 517327740
0 2 2119248638
7 2 237243386
3 2 197384004
1 2 1194879834
0 2 2111486452
5 0
3 0
4 2 1698123631
1 4
0 2 793518785
9 2 1683157681
5 2 553299297
5 2 1774902900
8 2 552389234
9 1
8 4
1 2 553658905
9 4
8 3
8 2 65986434
7 2 744808451
8 2 1998837897
7 2 2087147384
5 2 32195914
2 2 1897916334
5 2 1601381915
9 2 471430870
1 3
8 3
3 2 410696004
8 2 1897783270
8 2 349873361
9 2 1415285084
8 2 244136392
9 2 1779992589
1 2 343425367
2 2 289165174
9 3
8 2 1130937089
0 2 1153633864
8 2 2007086538
7 2 327609871
7 2 704327609
1 2 1307777025
9 2 833333832
4 2 203458155
3 2 1153183713
7 1
0 2 553491316
9 2 384637438
4 2 1549206333
3 2 1810494248
7 2 870263545
3 2 1387225151
9 2 1246929638
7 0
5 3
5 4
8 0
8 2 582285913
6 2 1306666662
0 2 1463268008
5 2 848854768
8 2 479905969
8 3
6 0
3 2 657795547
8 2 1759646568
6 2 1925468654
4 2 818653246
9 0
7 2 1896776382
2 2 379701009
9 2 236687414
2 2 134437571
6 2 1746704466
4 4
6 0
0 2 1150431361
1 3
4 2 323958697
7 2 10993057
5 2 102048666
7 2 1665975173
9 2 1044383800
