100
9223 5234
8431 5234
7244 4536
9015 4425
1877 5234
6672 8200
3854 360
4726 1672
1525 3082
1504 9580
2253 1672
9719 1953
4726 1953
7223 3434
2558 1877
6348 8121
9719 4425
1953 8243
9719 1877
6975 1311
4536 9422
3434 1311
2558 5457
26 9223
3854 1953
5616 1311
6975 3670
1512 8209
8121 9668
6672 7223
5773 8209
8431 26
4370 6348
4425 6348
8431 8209
360 5773
6348 5714
5457 3670
5616 3082
1953 5714
8431 3670
1525 9092
7890 7244
26 8200
3434 1311
3082 3854
1877 3670
8121 4726
7843 6975
4370 8200
3854 8209
26 1311
9668 5616
9719 7890
9422 9719
8200 5616
5234 9223
1504 4370
5736 2883
3854 3854
9580 4536
1953 9723
4536 9668
6672 7244
3854 2164
7244 1953
1672 2558
2883 9223
8243 9223
4785 5457
2164 4425
8200 4536
1311 5714
9580 9223
9422 360
9092 1512
2558 360
5616 1311
5616 5616
8121 5714
6672 5736
9422 6975
7890 360
4726 1877
1512 5714
5736 5714
2164 4425
6672 3670
5736 26
3854 9223
5736 8243
9719 3854
2558 8431
2253 9422
1311 9422
2901 2901
5234 2164
1311 1525
5064 1953
8431 9580
