100
1072 7300
163 9860
8179 9028
77 6608
5643 5514
8793 2104
2098 6195
5514 7083
3473 8778
163 8778
5762 8264
6206 6689
2878 3473
8182 8182
8868 2905
4151 9860
4837 266
6550 8264
5193 6433
3259 6689
1084 1766
1584 6206
5791 8859
8944 3033
1584 7318
6090 2098
6090 2577
77 8232
9860 5805
560 1131
5838 5441
6433 7300
5193 695
8709 2064
156 2905
6433 2689
695 8182
1584 1131
695 5752
6090 3634
2905 4970
5752 6399
8868 8859
6399 8304
1179 5193
8304 572
4970 560
9701 8963
5805 7912
2689 374
5514 6367
8793 6195
5762 6608
3259 9933
2045 572
9701 6206
3428 3584
2104 689
163 266
8264 163
871 6819
5193 4970
5762 9701
266 2045
689 8304
6819 6378
1084 6367
163 8709
2878 6689
8709 7318
3033 6452
5252 4151
6195 8902
6433 7609
8576 8232
266 8859
1214 5643
560 3470
7300 3033
6090 3787
6608 6452
6608 2098
8264 5293
3473 4195
1214 871
2577 266
6433 8955
8859 255
6433 6452
1584 5643
5838 4195
7318 8868
8232 6377
8955 1084
9933 9701
5752 2878
9860 1214
4151 5293
5293 5752
6090 2064
