200
1928 4897
2129 7048
2285 2001
6168 9926
6168 2539
6168 6268
1543 2397
4897 1267
4405 2129
6120 4655
4790 8168
4790 4790
6928 4463
6928 6120
7048 2539
179 4790
9131 6120
179 4897
6928 6928
2306 539
1928 1267
9131 2129
179 4897
8168 8168
9131 1267
2189 384
2001 9926
9926 6120
8168 9926
2001 2001
2203 384
4655 2306
6168 2129
1657 4790
1543 4655
4897 2397
9131 2129
1383 1267
1928 6268
6268 2001
1267 179
8168 2129
4655 9131
2539 4405
2539 1657
1543 1267
179 2001
4897 4405
2129 7048
2285 2539
9926 4655
1657 6120
6928 6928
2285 4405
539 2001
384 2203
7048 9131
7048 2539
1928 1383
8168 6168
2397 2539
8168 1657
2539 2306
6120 539
6268 6168
2001 179
4894 9926
1543 2203
6928 2397
4894 9131
4894 4897
4894 6268
2397 1383
2189 2001
4655 4790
2306 4897
2306 2397
1928 2203
2397 8168
4655 4405
2539 2203
9131 1267
9926 4463
6168 2001
8168 4405
2189 6928
2203 4405
6268 2203
2203 8168
8168 4790
1267 1657
384 1383
1928 1657
9131 4790
2397 7048
1267 4790
2285 1657
2001 2129
6928 2129
1928 2285
7048 1928
2285 9926
1543 9131
2306 6168
2189 539
2189 4790
6928 539
1383 6120
8168 6120
6168 2129
2129 1657
2189 4790
1657 4463
384 4405
2001 384
2539 2001
6168 6928
384 6268
9926 6120
2129 2397
6928 9131
2306 4405
2397 2001
4894 2539
2129 1543
2189 1657
2539 2001
8168 2129
384 4405
1383 2285
2189 4405
6168 4463
6168 2539
2306 1267
9926 2306
2285 2203
2129 2189
6168 7048
2306 2189
4790 9926
4463 2001
4897 2001
1383 1267
7048 539
6120 4894
4655 7048
1267 4790
7048 2306
179 4897
4897 6928
9131 539
4897 6268
1383 1543
2001 539
1657 2189
4463 1267
2001 2129
4655 6168
2539 4894
6168 2285
1928 6928
6928 1928
1657 1657
9131 384
2129 6168
1657 1383
7048 2189
2129 1383
9131 4897
384 2203
2001 4463
2203 1543
179 2306
6928 6120
384 4463
4405 2189
1543 9131
8168 539
179 4405
384 179
2285 2001
1383 4463
6168 539
6928 1267
2539 6120
179 7048
2397 2285
4894 2285
4894 9926
2129 4897
1383 4894
1267 2129
6120 2189
2001 2001
6120 179
2129 2129
539 4790
1383 2306
2285 179
2306 2001
