1000
3642 799
4349 8259
6103 8544
6055 4711
3967 3414
8544 6103
6730 422
4349 2080
5205 6730
1131 7222
3967 3414
4021 2824
9052 7222
8259 261
6055 9039
6103 805
4349 7222
1026 9052
6730 422
2740 3967
9137 8093
799 575
261 8566
7043 1310
1706 355
7043 3038
2080 2824
298 5819
1779 9861
6103 3010
9951 443
9675 3010
3010 5205
3181 2824
5948 2824
5205 726
2824 7085
6055 9675
6275 575
7085 9861
3038 1310
7043 1310
298 5205
8259 5205
5819 9137
261 1310
1706 3010
1706 8566
2740 443
3010 4021
9675 4349
4349 799
4349 9951
805 7085
9039 5948
9052 7222
261 799
2951 6103
9039 1026
9951 2951
1026 2824
4711 7085
9137 9137
1131 1026
9928 6103
8093 9039
443 9861
5948 422
443 9951
443 1310
2824 805
575 9928
3414 2824
7085 1026
1131 9052
4021 8566
9675 4021
8544 3967
422 355
7043 9928
5205 3967
7222 805
1422 3038
6055 3967
726 422
5819 4711
3010 2740
1310 8544
9039 1422
5819 6055
1131 3967
7085 5948
1131 9861
261 261
1706 7043
4711 9951
4349 1026
6103 355
805 7222
8093 5205
3967 3038
4021 8544
4021 2824
9039 422
575 4711
4711 3414
8566 5205
6730 726
355 9137
9928 5948
1422 8544
1310 8544
298 1026
7222 9052
9137 5205
9039 1706
9039 4711
7222 1779
4021 3414
1706 2080
7043 8259
799 2740
726 261
9039 2824
8566 443
6103 4349
3181 1026
9951 6275
3967 9928
7043 6275
3642 7085
5819 355
2080 799
6103 2080
3181 575
8544 575
3181 3010
1026 3181
3010 1310
575 5205
4711 3967
5819 298
3414 6730
726 8259
1131 1422
805 9675
261 6103
2740 4021
8093 4394
2740 261
1131 8566
1131 6730
9928 355
805 5205
3181 7043
7085 799
799 261
3181 2951
3967 7085
726 9039
4394 8544
4394 2080
1310 7085
6275 355
298 7085
9039 4711
9039 2824
9861 5205
443 6275
805 1131
3181 3967
2740 9052
1026 9052
355 5819
3642 6730
1422 8259
1422 4021
1779 4711
2824 261
1310 3038
6103 6730
298 2080
6730 726
9951 4021
9675 3181
3414 8566
261 298
6055 355
3642 9137
9928 1310
4349 8566
8259 3642
1706 9039
4394 2740
805 9861
1422 2080
4394 443
5819 2080
443 2824
4021 6055
2740 8093
4349 4021
4021 8544
355 4394
7222 3967
9928 1779
3181 5205
2951 5819
9951 8259
3414 2740
4394 6730
5819 8259
4711 2951
443 575
7085 3642
8544 9039
8093 5819
5205 2951
6103 8259
9861 2740
4349 443
7043 6055
1422 8566
3967 9039
4394 7043
3181 4394
8259 5819
1779 8544
799 2740
3181 8259
1779 6275
6055 7085
3181 1131
4394 575
3414 298
9951 2824
1422 1422
355 1706
5819 6055
4394 2080
575 5948
5948 1706
3038 9675
1779 9861
4711 9039
6103 2951
9675 443
8566 9039
1026 1706
9039 9039
8259 6275
3010 2824
2824 2824
9951 2951
4394 1131
3038 4711
8544 1779
4711 9928
9861 261
7222 3642
9928 3967
1779 1026
3010 3181
6730 1779
805 6103
1706 5819
6730 443
805 5819
5948 1706
5948 3967
805 726
5948 8259
8544 1422
6275 355
5948 1422
4349 443
2740 726
805 355
3038 5205
9928 726
1422 4711
575 298
8093 9052
7222 261
443 2824
5819 3967
4394 5819
7043 1310
9861 1422
5205 8566
7222 7043
7085 3642
1310 8544
6730 355
8259 3967
8259 8544
355 9928
261 9951
3010 3181
5948 261
261 4711
9861 2824
3038 575
7043 799
298 3010
1422 799
1131 7043
575 726
261 6103
9675 443
4021 9928
8566 9861
9928 7222
9675 2824
6103 5819
4394 8093
8259 805
3414 422
3038 9137
799 5948
3642 9675
443 5819
7043 1779
2824 8259
8259 3414
3181 8566
3642 3181
8566 1706
9675 3038
7043 9675
2951 7222
1026 3038
1310 422
6275 4711
6055 9675
1779 2824
443 2080
5205 8566
8259 4711
2824 4349
2740 9951
1706 1706
1706 2951
3181 8566
9675 805
8259 9951
2740 9137
6730 2080
5819 9928
7222 443
4021 9039
1026 1131
3038 443
9861 5948
6103 8544
799 7222
8259 7043
2080 7043
1779 6730
3642 1310
7043 3181
2824 3642
799 422
8566 6103
1706 3010
3414 3414
4021 5948
1131 261
8566 9928
7085 2080
298 9052
1422 7085
8544 9039
3038 3010
3414 9951
6055 8566
261 1310
1131 799
1779 5819
3181 261
9039 2740
2740 261
7222 805
8566 2080
1131 1706
4349 7222
4711 3967
805 443
2740 2951
8093 4349
1706 2740
422 6275
9928 8259
8093 3038
443 6730
6103 9137
6055 8259
799 9861
4394 3038
298 261
355 355
8093 9861
4021 9039
8544 9951
3038 3038
2951 4021
9137 3414
4349 9052
298 4711
7222 4021
2740 298
3010 7222
298 7043
2951 3181
9039 7043
9928 1779
2824 1026
3038 575
2740 9052
9039 799
1706 4394
298 6730
799 298
9039 5205
9861 8093
9861 5205
3967 1131
9137 1026
1422 4349
3181 4021
1310 5205
4711 5205
575 9861
1026 5819
9675 5205
1026 9928
7085 4394
9928 4021
3181 1131
422 5819
2080 5819
8093 261
9928 1310
726 8544
1422 3642
2740 3414
7043 1131
3642 7085
575 7085
6055 7222
8259 3181
3181 8544
726 2824
3010 6055
3414 6730
6730 7043
6103 6103
1706 9039
2080 2080
298 1706
3038 1422
8093 355
3038 2080
5819 4711
9951 7085
4021 1706
6103 8544
6275 3038
8259 9039
6103 9052
1706 9928
805 9928
7085 4394
3181 2951
355 261
5948 2951
4349 3010
9137 6103
1131 2080
575 7222
799 6275
9928 6103
4349 1422
6730 355
9675 799
8544 1026
4394 5819
8544 726
5205 575
3038 422
575 298
6103 6055
4349 355
5205 422
8259 2824
2824 8544
1131 443
2740 6055
9951 9928
2951 9675
6730 3038
805 2740
1026 575
4021 9675
3010 1422
6275 799
6103 8093
4711 4711
1422 443
6730 4349
4349 2951
8566 9675
298 726
3967 9861
799 1422
1310 575
1310 1131
1779 575
9951 4349
3414 4349
298 2824
9675 1706
805 8566
1779 6730
4711 799
9928 5819
7043 805
5205 9675
6730 8259
2740 6103
7085 9861
8544 7222
261 1131
6103 4349
9137 8259
805 575
298 8093
2824 8259
1131 298
298 6103
2080 7043
4394 9951
3414 6275
3967 726
6103 9675
355 2951
3414 5205
5819 6730
8544 9928
355 9052
298 3642
8093 1779
8259 3414
6730 8093
7085 3181
1779 8544
575 3010
298 726
1131 9861
1779 4349
6055 4349
2824 9039
575 2951
6103 2951
2824 7085
5205 1779
298 3967
5948 6055
6730 1131
3010 9137
422 443
9951 4349
6055 1310
5819 8093
6103 5819
298 355
805 7222
3414 261
7043 443
1706 9039
8566 726
9861 8259
2740 4711
1706 2080
6103 1422
1706 8566
355 9861
4349 3642
6275 3967
298 1131
3010 5819
443 3038
1422 9861
726 6055
805 9861
7222 4394
6275 5205
6055 8093
6730 3010
355 355
805 355
7085 1422
9675 3010
7085 6275
3967 3642
6275 9861
261 9861
1422 1779
5205 422
3010 4021
5205 6275
443 7043
8544 3967
3414 1131
422 575
9137 422
5205 726
8093 805
3414 7222
7043 9675
3967 3010
1131 9039
4711 799
5205 2951
2824 8259
3414 1422
799 9675
3038 1422
9928 805
9137 2824
5948 3181
7043 1706
9928 355
6275 8566
6275 422
6730 7043
298 575
3181 805
8259 575
5948 1310
4711 9861
6103 4021
8093 3038
6055 9928
9951 443
3010 8566
9861 9951
575 2824
298 7043
2080 9137
3181 575
5948 7085
3181 443
9928 5819
2740 1310
3414 1706
422 1779
575 2080
5819 2951
9137 9861
9861 9928
1422 2824
2824 8566
443 5948
1026 2740
7043 9928
7043 3181
443 3642
8093 422
1131 4711
1131 9951
8093 6103
3642 4349
1706 1422
9052 7043
2951 9928
1026 2951
5819 799
8259 6055
8566 6055
6730 355
5948 355
3010 6730
1026 5205
261 9039
1706 3010
8566 9137
805 805
1131 575
261 726
8093 7043
805 2951
726 8093
8093 9137
8566 4394
9928 575
443 1026
799 3181
5948 8544
3010 575
6055 443
6055 9951
1131 422
5819 5948
3038 805
2951 8544
8544 5205
5205 443
4349 9675
298 443
4394 3010
7043 6103
1131 1131
3967 5205
8093 1706
5819 422
9928 1779
2740 443
9039 3967
422 2951
3414 422
4711 3967
6275 6275
9928 2951
9052 9951
805 2951
298 6730
3010 575
4394 1422
1131 9137
7222 8544
9951 8259
4711 7043
4021 298
422 261
4021 8544
3181 8566
2824 3967
2740 261
9675 7043
2951 355
1310 3038
443 7043
422 9928
8259 5948
2951 8093
5819 575
3010 1131
3642 298
7085 799
4394 422
2951 8544
5205 2080
5948 5819
799 9137
6275 6730
9675 805
575 5819
5948 9928
726 261
8544 3038
5205 298
4394 2080
6103 8566
799 1131
1706 2951
355 2951
3642 5205
1706 799
9052 9039
4021 8093
5819 1026
3038 6055
1779 3642
9951 1310
4711 4021
1131 422
3010 1422
799 9039
422 8259
8259 1422
4021 1706
3967 3010
3642 9039
8566 9137
2824 2080
1026 4394
9861 799
422 2951
726 7085
799 7085
3414 7222
4349 4021
8544 8259
3010 4021
7085 726
7043 4349
7222 5948
2740 2951
443 8259
2080 1310
9928 4349
3642 4349
3038 4711
4394 2080
6730 5819
5948 2824
422 8566
9928 9928
3038 1026
3967 7043
443 8544
9928 9951
3038 5819
1779 3181
5819 4021
6730 3181
6055 7085
3038 6275
2951 5948
9052 3038
799 2824
1779 261
8093 4021
7222 805
3967 4711
9137 575
4711 7043
575 575
6730 6275
5948 9039
3181 1310
575 3414
1131 4711
3181 422
7043 2951
9052 7085
443 1026
9039 2080
2951 2740
5948 3642
2951 9928
8093 9928
1026 5948
261 355
4711 1131
9137 4394
9951 8259
6275 6275
2740 726
7222 2824
4711 298
1026 5819
7085 799
7085 4711
1422 726
3038 8544
726 805
261 3181
3010 2951
1706 1779
2740 1706
8093 1310
6275 3038
5205 2740
4711 2080
3414 5948
6103 575
9052 355
726 2951
4394 1131
1310 8544
422 9052
422 2824
575 2740
3642 5948
1026 8093
3967 5205
6275 7085
1422 3010
1310 6055
3181 1706
8259 805
4349 6275
9675 1422
3967 799
422 6730
3038 6730
3038 9137
9137 2824
2740 4021
9675 443
9951 8544
4021 1310
6055 6730
5948 575
1422 3038
1422 8093
4711 8566
355 3038
1779 1779
5948 9137
1779 355
2080 9928
3010 4349
6055 9675
5948 8093
6275 4349
3038 3181
4394 726
8259 726
575 443
422 4021
355 3642
1422 5819
9951 2080
5205 9039
4021 355
1026 1131
9039 9039
1026 9039
575 8093
799 799
298 261
3181 4349
7043 4394
9052 4711
799 799
1779 6055
726 3967
1422 7043
6055 5205
8093 2824
6730 805
5948 3642
726 2824
9675 8566
9137 9052
726 422
422 7085
799 298
3010 2740
1131 6730
1131 805
575 4394
7043 3414
805 9861
8259 3967
355 575
443 6730
4021 7085
4021 5205
7043 6730
2824 4711
355 6103
7085 4349
8566 1310
8544 6730
1706 443
9861 7043
1310 261
422 7085
6103 8259
2740 9951
355 5948
575 4394
2080 3642
5205 4021
9861 7043
1026 3038
5205 575
8093 9137
2824 2951
9052 3967
3414 7043
8093 4349
4021 355
3967 799
2824 1131
3181 2951
7222 7222
1422 4021
2080 9052
3967 805
6275 4349
355 9951
443 5819
7085 1310
1131 2080
9675 575
7222 575
2080 6275
8566 9137
8544 2951
1706 4711
443 1779
805 1422
1026 7043
4021 3038
9039 2951
