1000
38300453 689
49528174 747
-51047536 228
-70944341 132
-44244286 266
-56700270 213
51287432 759
67839938 843
-45934238 258
-73141428 122
556055 470
90094504 954
-91414144 48
-77905242 104
57933344 797
35044443 667
-93702217 37
41583291 703
70752606 858
45367120 721
46210477 724
-1468075 456
-75500739 114
-14495213 396
-8823470 419
92882245 968
59330890 807
-65985616 157
-86771134 68
56902631 790
-10115110 412
-80626530 96
16305819 562
-13455704 401
90385244 955
32512036 650
-28977235 340
58067978 800
48570990 740
64343650 829
20673085 585
7966847 516
49277571 744
5335637 506
-37482914 298
11704909 541
-86072753 71
-17401411 385
32450369 647
51228923 757
37603263 683
-98282264 12
10069049 534
-12586957 408
-27495362 347
-53077984 222
14380013 556
-93312200 40
78173791 885
-65008517 160
-89281631 59
-66807680 152
17775958 571
52102796 768
64526005 830
-56947225 211
28660463 624
-80066716 98
-87439389 65
23465276 597
36092176 670
70803074 859
-57334736 209
-57185690 210
60883141 817
-83901284 83
14289992 554
-58266633 206
-7192840 427
92495633 963
-62877872 180
57238845 794
97322223 986
-31821231 325
-25034134 359
53087354 775
-71657924 130
-92756704 42
-76046652 110
-55967658 215
49927731 750
-14857016 395
81997386 903
-94471971 32
-25928533 355
32231534 644
81477176 900
70455838 857
93159748 970
32218883 643
-35270700 310
-99511016 4
-26792300 352
76123595 878
92771593 965
-191197 467
-63940753 172
-50798195 230
70933629 860
9263670 528
-15700924 390
-7963582 422
12544715 546
78806479 887
41058387 700
-54172741 218
-5190144 442
86356203 926
-47002693 252
22430078 590
32472217 649
46477350 726
-54120835 219
-11008309 410
40932617 697
17885956 572
33874606 660
28426451 619
18871634 575
8986494 525
85256898 916
48523835 739
-47871340 245
-94882735 30
-7174911 428
25072186 608
-75909863 111
3556910 496
-14957751 394
60349100 813
-22307261 369
98879536 996
-79806061 101
-7540937 423
-82024407 90
29967550 632
-40347926 286
62027884 823
-24714838 360
-24214646 363
-31899947 324
79328051 889
-67174016 149
16596596 566
43486099 713
-64798822 163
-46557572 254
-64729129 164
-39939411 291
-14483402 397
-45955244 257
59093517 805
93646751 972
-17869253 383
57155528 793
-38732643 294
-79927866 99
36169483 671
-63100212 178
81035355 898
-70089543 135
-45342977 260
-90233770 55
-84858411 78
-65055898 159
-15199535 393
83551375 910
-34189562 317
21343296 587
49399084 745
-88079220 63
73383715 872
80802353 896
-70904739 133
-47636259 248
59420601 808
32422558 646
-23029681 367
-96484468 17
-67916938 144
64184678 828
72748306 868
8623406 521
9373775 529
98765902 995
82242226 904
-29871384 332
92239027 962
95989993 982
-69846103 136
-68998445 140
92851371 967
-1349740 458
92792862 966
24409305 603
-63010143 179
31936936 639
54352194 781
32697103 651
-63470960 175
60294903 812
-83622786 86
61893579 822
-20992277 375
-66383179 154
-16866678 386
-6003838 437
4473004 502
29874847 631
-74483027 117
91598906 960
42561578 710
-64249300 168
49050325 742
-8917672 418
-37841013 296
8177718 519
-972809 461
-67698533 147
-6945321 431
33069300 655
-34681907 313
-5578461 438
-89441249 57
-29182687 337
42318104 708
37801818 685
-12756283 407
37367991 682
1145314 477
17326119 568
89858147 950
5958050 509
-66946952 150
10540736 536
-94984059 29
-19328055 378
33097722 656
-40714544 284
52638056 771
9414097 530
-89423529 58
-61752777 187
-64886192 161
-13356861 402
52012577 766
23160537 595
46454151 725
-82869023 88
68439257 848
85277689 917
23667275 599
2896246 486
-75310006 115
-22041542 370
82535112 906
-1032629 460
-81308655 93
-21607782 373
10918735 539
-47277453 251
51726916 763
-96159501 21
8563439 520
-66662051 153
15608982 558
43590686 714
-48095535 242
-90462373 54
-5570551 439
59789965 809
-39929016 292
98211372 989
-36012014 305
52994457 774
77505420 881
3295605 493
-89529023 56
77516602 882
-8510210 420
68094609 846
-41803829 279
87887919 940
55238653 784
4332932 501
28445284 620
-37282115 300
49789767 748
-62061465 184
83968598 911
22588039 593
-25370750 357
-58578464 204
87851399 938
-80688424 95
2950874 488
8835856 524
19169259 579
-34388518 316
-29816409 333
-67373126 148
-28446252 341
-3143059 450
82579052 907
28495442 622
96373063 983
-96188951 20
-36172704 303
48460000 737
86315759 925
-85246085 75
-24276560 361
-98117653 13
-47902918 244
36781148 675
-35940563 307
38298387 688
-64869 468
72405063 866
27317830 617
-28145937 344
54315949 780
-36872633 302
-66167746 156
90439311 957
31796840 637
53607653 778
-35829518 308
7262775 514
-49623768 237
51609406 760
-16509913 387
-6847747 432
-53679961 220
3333520 494
56601237 789
-79813204 100
68002830 844
1021699 475
-61273670 189
66948739 840
-94265182 33
-5401815 440
-27538143 346
38910271 690
26835833 613
21344008 588
97201823 985
46830192 731
-29037738 339
-63956649 171
-44219549 267
-73611803 118
-96239270 19
24827815 606
-61956048 186
89385809 947
65173756 832
75930433 877
-36008470 306
-85511231 74
80291256 894
13420220 551
45530981 722
42114306 704
41427726 702
19094502 578
5520833 507
50327022 754
37246554 680
-3692878 448
-10001010 413
9459082 531
-85079739 76
89250815 946
-44521178 264
54659613 783
87863452 939
-69673966 137
-4348943 444
-87139070 67
-88571025 61
94646647 975
-64289841 166
-47651466 247
-40123355 289
-79544440 102
-81908819 91
19694661 581
715267 473
-9302885 417
54540016 782
-99221121 8
-29306659 336
-7012632 430
-94589692 31
72545285 867
-31445925 328
32451318 648
-41996571 278
87695679 937
-43975879 268
-58188155 207
74098536 874
-42483150 276
-64018169 170
12340601 545
82502951 905
-58404569 205
-8280701 421
-76247770 109
79153075 888
-90735964 51
-50206045 231
-29085042 338
94219443 973
-81452566 92
17368962 569
34368136 662
-33679110 319
58967825 804
47775787 733
-23815307 365
43768289 716
-28209509 343
-29561183 335
13178905 548
-99953218 1
-98046690 14
94311539 974
-88466134 62
-66870407 151
37691447 684
-61369191 188
40190532 694
19935734 582
33209148 657
29571138 630
-6097798 436
-33156759 321
-31619516 326
92680120 964
-85676597 72
-18616612 381
-48025990 243
50138943 752
16554602 565
-15726962 389
-13582143 400
98377395 991
-5276214 441
70370369 856
9210711 527
31844435 638
-98294183 11
-42790245 273
69414507 850
-91868595 45
3685332 497
-31482411 327
-49348339 238
-28419064 342
-84661496 79
-54411533 217
-40171537 288
-14070122 398
-3356254 449
2936653 487
22563089 592
-20309359 377
72086386 865
-73096830 124
-92480267 43
-43581527 269
64547684 831
-64641287 165
4955517 504
-39546879 293
-2395126 452
37346904 681
48080420 735
-75530526 113
26488101 612
-48983683 239
67018858 841
58344804 801
75303552 875
78282910 886
57077871 792
-56885937 212
88778778 941
-60694989 192
94653561 976
-204918 466
-59743774 195
-1855237 454
29294817 628
-50173494 232
77333725 879
81175664 899
-47503565 249
-83914634 82
52727990 773
-95944460 24
12111237 544
32774026 653
89879035 951
55477696 786
19647715 580
18359722 573
-84212584 80
-75897730 112
51955910 765
-72966860 126
-95797847 25
1965846 481
-40869607 283
-92827325 41
89098480 944
-26014892 354
-67896001 145
73646244 873
3138346 490
-90598749 53
34882452 666
77740834 883
87002353 933
16772543 567
9861286 533
25032081 607
65933442 835
31621532 636
71118288 861
-74832793 116
95717930 980
32124988 641
-73216222 121
33629488 659
40477031 695
66689789 837
-96414107 18
-58652217 203
35390512 668
-87516138 64
89501302 949
21015858 586
46622573 729
-40551426 285
-92078197 44
24115146 601
-62681780 181
-97131745 16
98261424 990
-41364536 281
16522169 564
60084872 811
20630914 584
25838077 610
-93319189 39
53310077 776
-43029798 272
45010986 718
28898675 626
52123164 769
1109554 476
-46025347 255
-94260970 34
32153604 642
81015375 897
-53131246 221
86750968 931
96497165 984
-15431805 392
-45622917 259
43148620 712
50572516 755
-83988623 81
-18120156 382
-67766062 146
40561438 696
16385392 563
-72969803 125
11970475 542
77335166 880
95415745 979
4183603 498
95404918 978
42426752 709
9042595 526
-60063136 193
68052596 845
92198884 961
49464642 746
-46613452 253
43728521 715
61320380 820
-94227584 35
-55889780 216
62057732 824
80138826 893
-31154553 329
80398100 895
-93744147 36
25553933 609
-43056625 271
-58896336 202
45324373 720
588241 471
47924265 734
-24261567 362
57862680 796
29444269 629
46591428 728
-37112006 301
-99308294 6
13304654 549
-30628742 330
-86678823 69
10909980 538
86684323 929
62318012 825
86180448 924
93402064 971
63201490 826
48892225 741
99819851 1000
36640715 674
-72076504 128
-62319575 183
15698723 560
-99748939 3
32760695 652
-4953263 443
28699702 625
48105616 736
32356241 645
61145830 819
-42772127 274
23342716 596
-73118955 123
-17697659 384
-99414460 5
71938136 864
-51450242 226
-61220588 190
-87139603 66
-1511712 455
-73519340 119
-83768201 84
-23208919 366
-91041161 50
-77903732 105
36785955 676
71548866 862
-43123168 270
-21123872 374
-27462309 348
24823552 605
18439141 574
34771243 665
4226191 500
-85521972 73
-52917645 223
28458008 621
-99248076 7
-7154943 429
3217702 492
98658719 993
-95010957 28
-59493955 199
34444356 664
-68973364 141
-9482924 416
36796106 677
17613852 570
1254411 479
-41007378 282
-44395780 265
-50100099 233
-13263332 404
63771729 827
38257753 687
10188736 535
-91198548 49
3204575 491
46829731 730
45042070 719
-314095 465
-6843082 433
86404024 927
-39997823 290
95344452 977
27059694 614
-98561029 10
99445348 997
61487305 821
-71140833 131
51127486 756
34044470 661
-57963448 208
95798074 981
52094211 767
-21672524 372
-33349678 320
-59600736 198
2303593 484
85304314 918
-69105027 139
53397201 777
97932085 988
-40213984 287
89130494 945
8153113 518
87128874 934
66777905 838
-52181527 224
-83744397 85
19015815 576
83173079 908
-64201690 169
69486897 853
90393394 956
4189369 499
86490798 928
13330916 550
-34447298 315
-63604878 174
86069567 923
-51048085 227
60976531 818
-60715726 191
-22680641 368
-68869753 142
14475017 557
-25445890 356
-63913235 173
21729470 589
-83213830 87
-77172926 107
98680271 994
78141220 884
-59709218 197
-65507363 158
60779682 816
-32452512 323
89982037 952
27311716 616
66803550 839
58538653 802
-64817046 162
57997353 798
23716186 600
90016477 953
66400360 836
85238500 915
1250766 478
-47802781 246
50304599 753
8001880 517
41036361 699
38912383 691
-63160245 177
28608811 623
83383220 909
8798060 523
-81172381 94
22536577 591
-1317517 459
-13345294 403
28256865 618
-69354062 138
84367514 912
42815840 711
23538483 598
70270145 855
-80091738 97
86812757 932
-18946189 379
85178613 914
52667518 772
65549087 834
54006721 779
38216197 686
-73514204 120
-10867209 411
-61969489 185
-49800405 235
60377198 814
51843937 764
85715979 920
85971358 922
42279843 706
85689269 919
-89242874 60
-6250948 435
4782373 503
15985797 561
-21904719 371
-13866877 399
69415713 851
-7446195 425
-45264134 263
2496091 485
31215398 634
-91702997 47
-64286755 167
42145460 705
6473194 513
58059593 799
65368835 833
35958281 669
33212867 658
-77094202 108
5901642 508
-62431027 182
-27725805 345
3090326 489
55473742 785
57389468 795
13684182 553
30017946 633
85808105 921
-15888273 388
-91832003 46
88847350 943
-66232800 155
14367444 555
-56138611 214
-63313960 176
40967869 698
-37867960 295
-95993570 22
-26500327 353
49220464 743
24343855 602
6445112 512
-9981282 414
935344 474
-35046325 311
-549360 464
69181556 849
58550823 803
81486259 901
-41435289 280
-45985098 256
99719861 999
-79496444 103
-48372158 241
81960367 902
694425 472
-48635358 240
59289981 806
-59743495 196
-1454695 457
69903614 854
71814606 863
12882890 547
39880193 693
60725196 815
3529168 495
-95125879 27
-42756809 275
1537778 480
-45305984 261
-85039087 77
36551598 672
57031443 791
69463257 852
-47422208 250
51681691 762
27099956 615
-95286069 26
-9660527 415
-42310946 277
19016852 577
79755529 890
-12913436 406
72873473 869
-68649245 143
-59926710 194
55746394 787
31956826 640
-7301345 426
-99773290 2
23146563 594
-86092555 70
42314174 707
48484855 738
5975700 510
-59386656 200
-6385204 434
52584126 770
49856331 749
31471497 635
79968953 892
86704157 930
45685494 723
33049336 654
89498519 948
75358964 876
51274701 758
67741491 842
-13162930 405
-90653312 52
-18830149 380
-51899240 225
92889280 969
36861573 678
-27161644 351
-34462766 314
10676450 537
91026847 959
24464074 604
7559554 515
98641292 992
87192430 936
72876792 870
-27199709 349
-93620208 38
39217166 692
-4119484 446
73101289 871
-19311 469
37188237 679
50061165 751
-12537517 409
-99112205 9
-45304194 262
-72648860 127
-25366333 358
-4209836 445
84929720 913
90465093 958
-82252632 89
-33809263 318
68422321 847
51657515 761
36589956 673
44914661 717
41258911 701
-37336388 299
20486517 583
79876149 891
-70222704 134
-15444487 391
-602335 463
-30025903 331
47030941 732
97829674 987
-49873968 234
-24001688 364
-35536853 309
9756466 532
2111048 483
2090759 482
-71948699 129
5058414 505
-32800191 322
-27167549 350
-77526289 106
-29736415 334
-2484570 451
-37566408 297
-20485105 376
6408254 511
46483710 727
-59010671 201
-95974917 23
13610029 552
25894834 611
-51011277 229
11606432 540
-3840195 447
-49703943 236
29001118 627
-1951187 453
-97828623 15
12093102 543
15648707 559
88804566 942
55823096 788
-36016104 304
34424843 663
87148852 935
-34741093 312
59876020 810
-7535267 424
99528069 998
-902001 462
8755269 522
1633
-63100212 60976531
-37482914 34882452
-73216222 13330916
65368835 3529168
-4348943 -602335
82502951 34444356
-87139603 -972809
9459082 -59926710
-76247770 32512036
-28446252 32218883
-14070122 32512036
97932085 -26792300
62318012 37346904
-70904739 62027884
81960367 -35829518
-95286069 -52181527
-97131745 -69105027
8563439 -52917645
-91702997 -49800405
17885956 -96159501
87002353 97932085
81486259 57077871
86315759 60883141
82502951 29571138
55823096 -6847747
23160537 28445284
-25366333 49399084
59876020 -64641287
92851371 46477350
-69846103 -67766062
-8823470 67839938
-7301345 24343855
-87139603 51843937
-93312200 -31154553
82579052 -49800405
5958050 -61369191
2950874 25838077
-53077984 55473742
-35270700 -83901284
32697103 -64729129
32472217 -84212584
-95286069 57238845
29294817 -36012014
87128874 9756466
-7154943 -80066716
-74832793 80291256
-95993570 99719861
-1511712 -35829518
-27199709 73383715
-28145937 6445112
24827815 57238845
-73141428 38298387
-80066716 57933344
-93744147 40477031
80138826 94646647
-73141428 -86678823
588241 36169483
-81452566 18871634
-34447298 -98282264
9210711 39880193
715267 93402064
34368136 21343296
94653561 -73216222
13420220 92851371
-34681907 83383220
-61220588 76123595
-42756809 8001880
-81308655 -61752777
-31482411 3556910
-91832003 10909980
-35046325 3138346
-27167549 -79496444
-92480267 2090759
-28145937 43768289
-64249300 -35536853
90094504 64526005
34424843 71548866
-40869607 32124988
-89423529 14289992
-96239270 19015815
82579052 77333725
-71657924 60883141
72405063 -99953218
12340601 67018858
-35536853 43768289
57862680 22588039
-87139603 -80066716
-46557572 -64817046
57933344 -70089543
-51450242 73646244
51681691 6473194
3217702 17885956
52638056 89250815
19016852 48570990
73383715 -45985098
-60063136 26488101
94219443 -65008517
-43581527 95415745
-90653312 -66167746
-65985616 -43029798
694425 -66232800
-49348339 -61273670
-39939411 52994457
42426752 32472217
-26014892 20673085
-98294183 69414507
14380013 27059694
79876149 -41007378
9414097 -85079739
-31619516 8623406
-35270700 23465276
36551598 77740834
-15700924 98261424
83551375 -29816409
-62431027 -26792300
-29085042 23160537
85178613 32451318
34044470 -80626530
24827815 59289981
-74832793 -91198548
-47871340 -19311
87148852 23465276
50327022 87863452
-35046325 -61369191
33209148 -17869253
70752606 -67174016
41036361 -29871384
42426752 -45264134
-31154553 52584126
17885956 -92756704
-36872633 -34447298
52667518 -3143059
-37841013 81035355
-72966860 -34447298
98261424 -76247770
-61220588 -45305984
6473194 4473004
-45934238 -63160245
-52181527 -31821231
41258911 -40714544
98658719 46829731
40561438 3685332
-61273670 27311716
37188237 64184678
19094502 -70222704
40477031 -99773290
85971358 -91414144
80802353 45685494
-95125879 53607653
-549360 -58188155
79876149 92198884
-94227584 73101289
48080420 58344804
57389468 33629488
59789965 49789767
95404918 -69105027
23716186 -98282264
45010986 52584126
-39939411 88778778
32422558 67839938
-45934238 -73514204
-58652217 -25034134
59876020 556055
-67698533 -21672524
-69846103 -40123355
-95993570 -89441249
-34741093 51726916
-28209509 1254411
17775958 10918735
31796840 77335166
46830192 24827815
-204918 -21123872
10188736 -13162930
28898675 27311716
29571138 -29736415
-33809263 -91414144
-29561183 86704157
5958050 -70944341
-69846103 92198884
43148620 -62681780
-90462373 47924265
96497165 -23029681
-23029681 -34447298
-51048085 19015815
-24714838 -7012632
15648707 16596596
23342716 -69105027
-83914634 -34189562
52584126 -84212584
-6385204 -28446252
77333725 50138943
-9981282 52102796
-1349740 -40171537
-41435289 88804566
59789965 22563089
50327022 -14857016
60294903 -75500739
-63470960 556055
-49800405 13420220
29571138 -34388518
3295605 4189369
55238653 -29182687
54659613 72748306
-83768201 94311539
-50206045 -45264134
-59010671 -54120835
-34189562 -43975879
45530981 89385809
-87439389 -6250948
-35829518 15698723
-71140833 23716186
82535112 -7540937
-91868595 -64201690
32153604 52123164
-39997823 97932085
5058414 89501302
40561438 90465093
52102796 -27538143
-37336388 -17869253
66948739 79153075
-42756809 -63913235
86684323 72545285
89858147 98377395
-74832793 32231534
-66167746 63771729
-42772127 21729470
91026847 12340601
-59010671 -43581527
-83744397 66689789
51843937 82502951
-43123168 62057732
83968598 45324373
-1468075 52012577
85808105 97932085
41036361 -76247770
-90233770 65173756
-59010671 -59493955
90385244 50061165
89498519 8001880
-20485105 -75530526
-20485105 -5401815
-2484570 38216197
75358964 -45264134
-63956649 12093102
-97131745 -62877872
42114306 -54120835
-36016104 89879035
63771729 79153075
-13866877 -66383179
-95944460 98641292
21343296 87002353
42815840 4332932
-15431805 19169259
51955910 72086386
27059694 25894834
73101289 -70089543
-59743495 -34189562
36640715 4189369
86750968 -28446252
52123164 -72969803
-11008309 -29306659
-71948699 -82024407
-64289841 -54172741
69463257 -64798822
-96484468 95344452
-56885937 -57185690
-97828623 32218883
-82024407 95798074
18439141 94653561
-65507363 46829731
31621532 94311539
49927731 5335637
32153604 93402064
27099956 715267
-15431805 -95010957
19935734 -13455704
-54120835 -8823470
-35829518 27311716
18871634 -12537517
-44395780 4189369
50327022 4782373
-60694989 63771729
73383715 77333725
-972809 -40869607
-70944341 19169259
71814606 56902631
-81452566 -85521972
-92756704 -204918
72748306 -62061465
-89281631 -83622786
80802353 70752606
-73519340 45324373
31936936 -7154943
-27199709 -27462309
-94260970 13684182
-41364536 51843937
-59600736 69415713
42279843 -48095535
86356203 -91868595
-83622786 -25370750
32774026 -1468075
6473194 -76247770
-48025990 15698723
-61752777 -51011277
-83901284 42114306
38912383 -98046690
7966847 556055
33069300 24343855
-1951187 37801818
-89423529 18359722
40932617 -86092555
98377395 52012577
71548866 17326119
50304599 -69354062
-93620208 36640715
-93620208 -75909863
-61969489 38912383
6473194 72405063
24464074 51843937
7262775 -71140833
-33809263 -30628742
74098536 43590686
-50206045 -67896001
-67698533 -63470960
-29037738 -41007378
86684323 32450369
52727990 -47902918
3556910 -67896001
-86092555 69415713
-86678823 -56947225
-95944460 50138943
-29306659 81960367
45530981 54006721
-41007378 -66662051
59420601 52994457
-65008517 79328051
13178905 81477176
89501302 87851399
-33809263 11704909
45324373 -25445890
32774026 -89281631
51955910 77505420
93159748 9373775
48523835 28699702
-6945321 85689269
-27495362 -82252632
37603263 4183603
81175664 -95944460
-9981282 58344804
-22041542 17775958
49789767 23146563
86750968 1250766
33212867 34424843
8563439 36551598
-68973364 -67766062
-57963448 -43029798
-61956048 23342716
-8280701 1250766
-19311 -60694989
8001880 -69354062
-7540937 -96188951
47030941 85715979
3090326 -79544440
60349100 37346904
98680271 70933629
92771593 -71948699
6408254 79968953
23667275 -75500739
50327022 14475017
-46557572 -99953218
70455838 86404024
-42756809 -12586957
-14495213 45042070
-61369191 -96484468
87128874 53607653
-59926710 -37841013
16596596 23160537
-91702997 -70904739
-6945321 85808105
-8917672 90094504
87148852 -39939411
-45264134 89385809
23146563 61145830
-67373126 70370369
-31482411 73383715
38216197 -13866877
10540736 38912383
23146563 -98561029
24464074 -93319189
-39997823 98377395
-89281631 85808105
23716186 49399084
40190532 -85511231
-39939411 78141220
9263670 29444269
42426752 -47651466
61487305 -69673966
-50100099 -47422208
81477176 -8917672
-1454695 -33156759
51955910 60349100
8563439 88778778
-63100212 33049336
22536577 -56885937
36781148 98879536
-95125879 80398100
-67174016 93159748
28495442 72086386
62057732 62318012
77740834 36092176
3217702 63771729
14367444 46454151
-3840195 -13345294
-47422208 -63604878
-94882735 -75500739
86180448 -99112205
41427726 -1454695
88804566 90016477
-65985616 44914661
-44395780 -12586957
33212867 86812757
-94265182 -23208919
-49800405 92680120
98641292 -27538143
-70944341 49220464
-65507363 28426451
-88571025 25553933
-50173494 -47422208
-68869753 16596596
-76247770 72405063
-26792300 54540016
10188736 49220464
47775787 24343855
-6945321 17775958
16385392 89130494
15698723 -24714838
84367514 37603263
-64249300 73646244
-51047536 -7174911
50572516 -73514204
5901642 97829674
28445284 92198884
1965846 19935734
52667518 -40347926
59789965 72545285
86069567 -17401411
-25370750 81997386
72748306 46210477
90465093 -98561029
18439141 48892225
90393394 51274701
61487305 13330916
-59926710 -62319575
12340601 -1951187
24115146 4782373
88847350 -65507363
-51047536 -25034134
-1855237 -63940753
34044470 69415713
31621532 -35536853
-60694989 72748306
-14957751 82579052
58538653 -37867960
13304654 40190532
78141220 13610029
-14857016 -70904739
-94227584 -31821231
58059593 -45934238
-51048085 23667275
-63604878 -99248076
-74483027 85178613
86315759 29874847
-56700270 64526005
54006721 -39997823
1250766 -3143059
-59926710 -59493955
72748306 52727990
92680120 46829731
-70904739 86750968
31796840 45530981
-63470960 48484855
35958281 2950874
43590686 36169483
48105616 80291256
-49873968 694425
49220464 32153604
-84212584 -45955244
92495633 87695679
-17401411 42114306
-64249300 85178613
49399084 49050325
8755269 -73514204
-1855237 -94882735
-27161644 19015815
42114306 -28977235
-1317517 -81908819
49464642 -67766062
51657515 79876149
-77526289 95798074
-99414460 -90598749
89879035 -15199535
-95010957 15608982
29874847 -69846103
-3840195 -83744397
29294817 87192430
84367514 -21672524
-28209509 -44395780
-95125879 -16866678
12093102 38910271
90016477 41036361
-44219549 -82869023
-18120156 59420601
42145460 -47802781
-2395126 -602335
86069567 28495442
64343650 61320380
26488101 37691447
-7174911 99819851
18359722 27099956
-30025903 89250815
66948739 -81908819
12882890 17613852
-99248076 12093102
-22041542 62027884
71548866 -91832003
31844435 -39939411
-45622917 65933442
-94589692 -51899240
32231534 -74483027
-41803829 97322223
54006721 -24001688
14289992 59330890
-14070122 25072186
-71948699 49277571
-49873968 7262775
-46557572 72748306
20630914 -5570551
-72648860 -98046690
-42310946 -27199709
-53077984 -75909863
-67174016 -93620208
-8917672 38257753
-23815307 2950874
-4953263 -44219549
53397201 16305819
75358964 89858147
83968598 -34681907
99445348 -6847747
73383715 23342716
-13263332 32472217
72086386 -94882735
69903614 -66662051
66948739 43148620
50327022 5958050
-76247770 86684323
-30628742 27317830
-45955244 85715979
2496091 75358964
75930433 85808105
34771243 54540016
-7174911 -77094202
60377198 9373775
58067978 -91414144
-25445890 86704157
75358964 98261424
9459082 49528174
-85676597 -60694989
54006721 81035355
-27462309 97322223
71814606 -94471971
32124988 37246554
-15199535 -53679961
95415745 43486099
-67766062 59789965
-31899947 56902631
-37841013 4473004
-24714838 -9302885
-1468075 94653561
-55967658 -204918
-61273670 25894834
-13162930 59876020
69414507 -15199535
54659613 32760695
75930433 40932617
-89281631 -51450242
51287432 -41435289
28608811 55477696
-44219549 28458008
-81452566 83383220
-73118955 -99308294
81960367 85715979
-549360 -75530526
-972809 17775958
-36172704 90016477
-65985616 66400360
90439311 69414507
90393394 -92756704
-5276214 92680120
-46613452 -37282115
-81908819 42426752
-63940753 91026847
84367514 -13345294
-98294183 -34741093
94653561 31621532
-70944341 91026847
48460000 93402064
-63100212 54006721
50061165 87887919
-43123168 52727990
-25445890 -41803829
-56700270 14289992
31621532 -34388518
67839938 87863452
87192430 24409305
24343855 -54172741
10909980 21729470
-41996571 24409305
3685332 -14483402
-56700270 -46025347
-91832003 98377395
-17869253 -95993570
588241 81035355
19694661 9756466
14289992 50304599
70270145 86069567
93646751 25553933
65173756 -75310006
79876149 88847350
98377395 68002830
90439311 8177718
-17401411 -314095
-41996571 54540016
-81172381 87148852
40932617 37801818
4332932 -91832003
32472217 -81908819
23146563 2936653
-11008309 -61956048
-61273670 -62319575
-14957751 -64018169
10540736 24409305
46622573 10540736
98658719 54540016
-31821231 -70089543
41036361 -93620208
38298387 -28446252
41583291 -61220588
-41364536 36796106
-36872633 -57963448
-45622917 -21607782
-84661496 -95974917
-85521972 -40551426
85256898 51955910
-88466134 -47002693
-41007378 -40213984
33209148 -59926710
90393394 89498519
57389468 28426451
58538653 -191197
-40869607 42815840
76123595 -79806061
-87139070 -98282264
-27199709 19169259
-84661496 -71140833
95798074 -13162930
57389468 36551598
-33809263 -28145937
98879536 -73519340
16385392 69181556
-89441249 -68973364
-59709218 51127486
-40171537 -28446252
-99511016 85238500
-37282115 66400360
2303593 -33679110
47030941 -82252632
-45342977 -38732643
-75530526 49464642
1965846 -68998445
26835833 69181556
-69673966 -67373126
-27462309 -98294183
32153604 73101289
-82869023 -85511231
40932617 -68869753
-52181527 -4209836
92495633 -48372158
84929720 81997386
-84858411 -3356254
-57963448 92889280
-39929016 8177718
41258911 -58266633
-84858411 -902001
78173791 8986494
-28977235 59330890
52584126 -70904739
65368835 48892225
42318104 -35829518
19935734 4473004
-8510210 -37841013
-94471971 -89281631
13304654 -97828623
-56885937 23538483
85277689 59330890
-58652217 -93744147
-58578464 -13356861
64184678 54006721
57155528 37246554
46483710 90393394
15985797 33212867
4226191 -15444487
-75530526 3217702
-10867209 71814606
94653561 87192430
2303593 -314095
-59386656 59789965
34368136 81015375
6408254 94646647
80291256 87002353
89501302 23465276
3204575 -66167746
-86678823 71118288
-43123168 -90462373
-45934238 42318104
77516602 -85521972
-66870407 76123595
-67766062 69414507
-37482914 26835833
-32452512 -12756283
79968953 68422321
-17401411 -87139603
-34741093 46454151
27311716 -19311
-38732643 12111237
-45934238 47924265
-18120156 -95797847
-2395126 -70222704
-85246085 16596596
-98294183 90094504
-69673966 -59493955
25072186 8623406
-28145937 4782373
81960367 81997386
38910271 -59010671
-91832003 92198884
-11008309 -17401411
10676450 -13582143
-62319575 87128874
29294817 -97131745
-17401411 -67174016
29444269 19169259
-58896336 51228923
32760695 74098536
73383715 -34462766
-58266633 -23029681
92882245 32760695
86356203 -15199535
93402064 -70089543
37188237 -902001
34368136 -63313960
24409305 -6945321
-94882735 -44244286
-77172926 5335637
-972809 54659613
31215398 78141220
-92756704 -28145937
-64869 87148852
69181556 40477031
-53679961 -99953218
-18120156 98261424
47924265 57031443
15985797 -43581527
-24714838 -64018169
25838077 -8510210
-87139603 -11008309
-81452566 48460000
-62431027 -34447298
-18830149 -48983683
8563439 3529168
-98561029 -47277453
3333520 556055
-67766062 -94882735
-54172741 9042595
3138346 -13345294
40932617 79328051
-58578464 -99511016
-87439389 72748306
-28209509 58967825
90465093 -47871340
59876020 -26014892
51228923 -58404569
13304654 56902631
-27538143 -74832793
14475017 85808105
95404918 -72648860
45685494 -79806061
-6847747 88778778
87695679 715267
-6945321 57997353
-48095535 -64886192
48523835 -83914634
-98117653 -67766062
11970475 29571138
51287432 33069300
-41803829 -2395126
-2395126 31956826
5958050 60084872
35390512 -49800405
-27167549 -13455704
45042070 -35270700
29294817 -28977235
32472217 9756466
41258911 -55889780
-75530526 28898675
37801818 89858147
64547684 -75310006
-64249300 28445284
-204918 -20992277
16596596 89130494
-47002693 38300453
70752606 -70904739
47924265 23538483
-69105027 556055
-53679961 28458008
-91832003 -99248076
-6945321 -191197
80291256 -47802781
87192430 59876020
93159748 46477350
63771729 -47503565
55238653 -87139603
-60063136 -90233770
71814606 49789767
-74832793 -94589692
-59493955 37188237
-37566408 -35046325
32218883 -55967658
-40551426 -73514204
-90735964 58538653
-21672524 33874606
80291256 79153075
-44219549 77505420
588241 -83988623
-80626530 -15726962
87002353 -5570551
-90735964 -29816409
49220464 59420601
8177718 -37336388
-99308294 9042595
62057732 94646647
36781148 -88466134
-97131745 -44244286
81477176 58344804
83173079 -61956048
59093517 48080420
31844435 -75897730
16554602 -77094202
-64798822 -99112205
1109554 24827815
-83988623 -95125879
32356241 32697103
61145830 -33349678
-89423529 -57963448
-49348339 -61220588
-63313960 64526005
-62319575 -67174016
-34447298 50138943
67741491 37691447
-79813204 57862680
-1454695 -8917672
-55889780 52123164
-95993570 8177718
32356241 1965846
-95993570 2936653
-45304194 935344
36589956 -18616612
-86072753 -90462373
70455838 29571138
51726916 -94227584
-5190144 43148620
54540016 -46557572
-6945321 -87439389
-24261567 -73118955
52094211 70752606
-43123168 -93702217
-29736415 -59493955
3138346 -85039087
70270145 -33679110
87002353 -27462309
-83744397 8755269
-15888273 -91832003
41258911 23342716
-21904719 17613852
-83914634 95798074
52638056 -48095535
-45934238 42561578
-25370750 -14957751
-15888273 46477350
-54172741 -48025990
32153604 -44521178
-33809263 -2395126
-73141428 63771729
80291256 86180448
60725196 60349100
67839938 -98561029
10540736 90385244
-46025347 -63940753
16305819 -18120156
-14483402 -2484570
3090326 -96239270
99719861 99819851
32774026 -50206045
-62061465 -92078197
77505420 -972809
23538483 -85511231
-91198548 -32452512
65933442 48460000
68052596 -49800405
-602335 87851399
32472217 3529168
-14957751 -37867960
77505420 5058414
81035355 -8280701
16596596 -85079739
85178613 -65985616
82535112 48523835
53607653 59876020
-62061465 1254411
55746394 52584126
-63160245 -60063136
-83213830 -24001688
-47651466 -15888273
72405063 -91702997
-25928533 50061165
-48025990 39217166
-84858411 -47002693
-35270700 52994457
16596596 38257753
-6097798 -42772127
23465276 -59743495
-91198548 3217702
-67916938 -55889780
-90653312 -59493955
-60694989 74098536
50061165 -16509913
86315759 31471497
26488101 51657515
35390512 2896246
-66232800 -55967658
-27161644 -9981282
16522169 -70089543
-13455704 85715979
42114306 -73118955
-25370750 81175664
38912383 52638056
20673085 95798074
-1032629 8798060
-99414460 -71140833
70752606 4332932
87128874 48080420
-11008309 64547684
-80091738 81997386
-32800191 28608811
3529168 -40171537
-24001688 96497165
8835856 -29037738
69486897 -27462309
-41007378 42318104
73383715 -72648860
93646751 -59600736
-1349740 -75310006
-36016104 -8823470
46454151 51228923
39217166 23538483
22563089 -56885937
-65055898 -86678823
70933629 85808105
-6843082 -87516138
-18616612 -93620208
57862680 60779682
51127486 51657515
-30025903 29967550
1965846 -72966860
-49800405 97201823
36861573 64184678
-204918 -48635358
87192430 48105616
94646647 -43581527
-1454695 -81172381
-85246085 57155528
16522169 -6843082
28426451 95404918
67839938 8563439
79968953 -77903732
-64018169 14367444
47775787 -14483402
72873473 -15444487
81997386 -24714838
-67766062 82535112
-37482914 86356203
-93744147 -33156759
72876792 81960367
64526005 -35270700
-60063136 14475017
31844435 -92078197
-25928533 79328051
-30628742 81015375
-94471971 -63470960
91598906 21729470
24823552 64184678
-14957751 -73611803
-31821231 -27495362
31956826 -3143059
18439141 -87139070
-40213984 7966847
-14070122 9210711
98641292 39217166
20630914 -84858411
23160537 -50173494
36551598 -83988623
37367991 46454151
23342716 53607653
-33809263 -86072753
95404918 -73519340
48570990 29874847
65549087 -63940753
25072186 42314174
-37841013 81035355
8623406 14380013
12340601 -28977235
-93319189 -45622917
82579052 1250766
82502951 23716186
-95286069 -67174016
-25034134 -90735964
-37867960 -17697659
43728521 -75530526
31936936 -76046652
-49873968 68094609
-48372158 -46557572
-89423529 -92827325
-6847747 -1317517
32231534 -61752777
-64869 71118288
-90233770 -58896336
-63604878 86812757
-54172741 64184678
80138826 -12586957
-52181527 -99748939
-94265182 31215398
98261424 -24214646
99528069 46830192
19647715 -84212584
80138826 -73519340
50304599 -36008470
-83213830 75303552
-14495213 65933442
-35046325 -86092555
-1349740 72086386
-49348339 9263670
-6847747 25838077
-14483402 86812757
68422321 15698723
15648707 95344452
-25034134 10069049
6445112 5958050
65549087 32697103
90016477 16305819
-89242874 37801818
6445112 51843937
99719861 -84212584
98211372 -82024407
-1855237 -40213984
-12537517 -93312200
77335166 -46557572
25894834 -34741093
6445112 -80688424
52994457 2303593
42318104 6408254
-22307261 -26792300
-65507363 -98046690
70370369 42815840
26488101 23160537
19094502 89130494
65933442 -47422208
-5578461 32760695
-35940563 53607653
-39546879 -9660527
25894834 90393394
34882452 -83768201
52994457 11606432
-36016104 29001118
64184678 -902001
35958281 14475017
-4953263 72873473
-18830149 9373775
715267 27311716
23716186 -35536853
92882245 -29871384
71118288 4782373
32512036 38300453
66689789 -40869607
52584126 -99511016
-33156759 -972809
46591428 24343855
4183603 13330916
-75530526 -45305984
-9302885 4473004
-90735964 85277689
-89529023 -42790245
36551598 -59010671
-47636259 -95125879
-31154553 -64286755
67018858 70455838
-60715726 -63940753
4332932 -27462309
-57963448 28660463
-13263332 -84661496
-85521972 -1511712
-8510210 -46557572
58550823 5335637
-41364536 57031443
-1032629 39880193
-64798822 -5276214
-5570551 97932085
-1855237 -42772127
34771243 -94882735
-6250948 -4348943
-60715726 -79806061
83968598 -8823470
20630914 -42483150
-24714838 2303593
-39929016 51228923
-90653312 45324373
-76247770 24409305
-3692878 33097722
93646751 36796106
-29306659 556055
-24261567 -5578461
-63160245 -98294183
50572516 96373063
3090326 32760695
-94260970 -48635358
-76046652 -20485105
61893579 13684182
57933344 52994457
-99511016 55746394
48523835 -57334736
24823552 -97131745
1145314 -40213984
78806479 -1855237
-57334736 -13455704
-24276560 -1349740
85277689 -40551426
-66946952 46210477
77505420 36785955
-67698533 -1468075
22588039 85277689
93402064 61145830
-50173494 -59743495
-47503565 -80626530
61893579 -39997823
-90233770 85277689
92851371 -99221121
64526005 94311539
-79544440 38910271
-55967658 80291256
-33809263 -47422208
-41996571 -95974917
41583291 28660463
33069300 83968598
-9482924 -22307261
8623406 -60694989
-33809263 9373775
6473194 -6847747
-30025903 -58896336
-33809263 29444269
-85079739 95989993
-5190144 4183603
59330890 -7535267
-9302885 -94471971
82502951 85256898
37188237 -74483027
-96414107 50061165
-45264134 -42756809
-37566408 32450369
-30025903 41058387
32697103 -37867960
72748306 -53679961
57389468 588241
-27199709 -31899947
2090759 28699702
-27199709 81477176
-77903732 -49623768
98261424 1965846
-63160245 -7535267
23146563 74098536
27317830 15985797
-14857016 29294817
-6385204 -73141428
935344 29001118
-51048085 -40869607
-40551426 14380013
48892225 2896246
-85511231 -29306659
59330890 -20992277
33097722 -89281631
92239027 99819851
-15199535 -62061465
-27462309 46477350
61145830 81477176
38216197 51228923
-81452566 39880193
59330890 -63313960
-88466134 -29037738
52012577 48080420
86812757 -61220588
89498519 36551598
46210477 65368835
52123164 18871634
41258911 32512036
-99414460 41427726
935344 21343296
-76247770 -13356861
19647715 23465276
65368835 95404918
-63160245 55473742
3333520 55823096
-77172926 37801818
-28209509 81486259
54659613 -49623768
86704157 46477350
-77526289 69414507
-26500327 6408254
-36012014 -77172926
89098480 -31154553
-49800405 33209148
48460000 694425
-75310006 -67896001
72086386 -92756704
-86771134 15608982
28898675 -68649245
-5401815 11970475
95415745 -29816409
92851371 -35270700
46622573 85178613
-62431027 -68998445
-70944341 -57185690
-27462309 48080420
-40714544 67741491
82242226 -54172741
72405063 -13162930
-34388518 -33809263
-95993570 -93312200
-75909863 3138346
6408254 47030941
-82024407 80802353
9459082 -8823470
52094211 -41803829
46477350 94646647
-93319189 64343650
62318012 -64289841
-35940563 -94227584
79755529 25894834
36785955 20673085
13304654 51681691
-40869607 7262775
-24714838 68439257
-6250948 34444356
-68649245 -7174911
-61956048 92771593
-80091738 42314174
24115146 -79544440
12093102 34771243
85238500 23538483
-30025903 -21904719
-27538143 24409305
-3840195 86750968
59789965 3217702
98765902 25838077
-12913436 6473194
88847350 13330916
-63010143 59876020
-19328055 66689789
23716186 -7154943
-22307261 42145460
53607653 80138826
-88466134 -34462766
-98046690 -53077984
16772543 38257753
43768289 -29037738
8798060 -91702997
-10867209 35390512
-29085042 32356241
85238500 35958281
85277689 -59926710
-72648860 33629488
52638056 47924265
-37336388 12544715
-602335 -66807680
2303593 -61969489
-34741093 85971358
20630914 59789965
11970475 -87439389
12093102 81035355
73101289 38910271
43768289 55238653
-80626530 -62877872
64343650 -85511231
-95286069 13610029
37603263 -15199535
-68973364 -29182687
9414097 -49623768
-20485105 17885956
45010986 33097722
-41435289 80291256
11704909 6445112
-12913436 -82252632
32512036 -96159501
75930433 13304654
31956826 -90462373
60084872 -7540937
556055 60349100
-64249300 72748306
-91198548 4226191
-88466134 32512036
-93312200 61487305
91598906 53310077
19169259 2303593
-63913235 -549360
-58896336 32451318
45324373 87148852
21344008 37246554
-95974917 43728521
2303593 99719861
57997353 43148620
-95010957 45685494
-37336388 2303593
99719861 9042595
-47802781 -15431805
80138826 29874847
-72969803 -5578461
-77094202 -60063136
-59600736 -10115110
9756466 99528069
37603263 56902631
86069567 -18830149
-89242874 26835833
-20485105 -27167549
42145460 -16509913
44914661 -77905242
61145830 99445348
66400360 8623406
9373775 -34741093
82535112 60294903
27311716 92495633
-40213984 59789965
8563439 91598906
-33809263 -66383179
-18946189 60883141
-35046325 92792862
-85676597 36781148
-77905242 -90653312
40967869 -65985616
27059694 58067978
-92756704 82502951
57155528 -67916938
-35829518 69414507
-31619516 -44219549
-1468075 -27495362
33629488 -17869253
11704909 -1454695
45324373 -1468075
13178905 33629488
58059593 -64018169
66803550 -24261567
45042070 58059593
41036361 -63956649
-89529023 82579052
89501302 -25928533
95798074 -64729129
34368136 694425
-60694989 -45264134
51228923 -83622786
45685494 -48635358
9756466 73383715
8623406 51274701
55473742 31844435
86069567 51287432
-46557572 7966847
16522169 7559554
-43029798 -2395126
-99953218 32697103
-65985616 -19328055
-69354062 -72076504
-10867209 92771593
24823552 -59709218
71938136 -7192840
39217166 33874606
49220464 28608811
31936936 23160537
-61369191 -95797847
32760695 43148620
88847350 -20992277
-42790245 -71140833
-89423529 -99112205
94311539 -26500327
-51047536 -21123872
-45934238 -29736415
-29871384 95989993
-73611803 -1951187
-14495213 -27161644
6445112 -90653312
-22041542 -94471971
-64641287 32422558
-85246085 -86072753
23465276 -12913436
19169259 3138346
72405063 36640715
-80626530 -28977235
-8510210 88778778
51274701 -25445890
97829674 -17401411
-92827325 -44244286
-57963448 -70904739
89879035 45324373
-2395126 98377395
86356203 74098536
13610029 20673085
42426752 60349100
-11008309 9042595
31956826 40932617
-67174016 72545285
-84858411 -23208919
13330916 21729470
-41996571 40477031
29967550 -99221121
-7540937 18359722
41036361 23538483
43148620 38298387
55477696 -98294183
-66946952 -42790245
93159748 49927731
57933344 5335637
-37841013 36092176
47775787 89130494
7966847 60976531
-6847747 -48983683
-79927866 -70904739
-95944460 42314174
-48372158 46830192
-45304194 -42790245
-23208919 -21672524
33069300 60779682
34044470 19094502
-54172741 -34462766
-77094202 42318104
9042595 -83914634
-204918 -24214646
-56885937 -60063136
-13162930 -92078197
51287432 -59926710
-45264134 -36172704
-41364536 -80688424
-34447298 -36872633
-51899240 -49348339
-24214646 95344452
-65985616 49277571
16554602 64526005
47775787 12340601
2896246 85256898
52994457 -49623768
-44244286 -49623768
-54411533 22588039
43148620 9459082
715267 -2484570
94311539 -64729129
66777905 82579052
-87516138 -13455704
52102796 -22307261
32218883 -91702997
43728521 50327022
29444269 -93620208
-30628742 -44395780
-63940753 49220464
-70222704 92792862
-47902918 -60063136
9756466 -16866678
2090759 -42790245
-972809 -7446195
-22307261 36092176
-47636259 41058387
-28145937 21343296
33209148 14367444
86812757 -15431805
64547684 -41364536
-7963582 -15444487
-44521178 37801818
23342716 -67896001
-70089543 -72969803
-23815307 25072186
88847350 -37867960
-70904739 -92078197
-53131246 13610029
-79496444 87863452
-62681780 92882245
-34741093 -45305984
80802353 67839938
79968953 -24001688
17613852 -33349678
97201823 90393394
16596596 -5276214
-83213830 -72969803
-67916938 -28446252
78173791 39217166
92882245 75303552
-95125879 84367514
28699702 -36012014
89501302 60084872
-50100099 10188736
89385809 2111048
-89529023 80802353
73101289 -12537517
-22041542 17775958
-39929016 92495633
-47422208 -48025990
98765902 13420220
44914661 3090326
-18830149 -22041542
32356241 -29085042
16385392 -29085042
-71948699 -3356254
86069567 48460000
38910271 38257753
62027884 -43029798
31956826 81175664
4183603 -27161644
25838077 -73141428
935344 -74832793
-64201690 85689269
49220464 -58188155
2111048 -9981282
-1349740 -73096830
-25034134 22563089
32774026 55746394
69181556 38910271
-63313960 -87439389
-99221121 52094211
-77094202 33069300
46829731 42114306
51843937 89879035
34444356 67839938
-4348943 -66232800
57238845 35044443
-58404569 49464642
75358964 14289992
37367991 45685494
19094502 44914661
43148620 32760695
-43581527 -35270700
52584126 86404024
-66383179 -83914634
90385244 40190532
-83901284 -30025903
-89423529 -21672524
-28977235 32450369
-204918 8001880
-83768201 37346904
-87139603 -94227584
19647715 90385244
52638056 -54411533
49856331 -37482914
-1454695 -7154943
85238500 29294817
19694661 -98046690
3138346 -31899947
-77905242 -50100099
-89423529 61893579
35958281 -25928533
-49800405 -34462766
-95944460 33874606
-12537517 23342716
85689269 51681691
-84212584 -5190144
94311539 85256898
-90653312 -92827325
77505420 -13866877
1250766 8798060
-73514204 14475017
-89423529 40967869
23146563 8798060
-69105027 -63470960
38298387 91026847
32472217 -9302885
77740834 28660463
-79544440 -91702997
-37112006 95344452
-39929016 32774026
-95286069 -84858411
38300453 -64886192
5958050 -45342977
-96239270 -75909863
-7012632 -94882735
-28145937 4226191
-24714838 -47802781
8798060 66803550
-73514204 92495633
-64798822 -92827325
22588039 -81452566
-191197 -21607782
-7192840 588241
9459082 53607653
-13162930 -8280701
25553933 95989993
45324373 55477696
19647715 -75530526
-88079220 58059593
36092176 31215398
-9981282 9861286
-6097798 38298387
-40347926 43768289
99528069 -83213830
45042070 -63010143
14380013 71938136
-41364536 -29306659
52994457 -61369191
8563439 83551375
45042070 13420220
17885956 -7192840
41583291 -84212584
13684182 89385809
30017946 -93319189
-47503565 41427726
