3
10
-4279 -4271
20089 20104
32731 32771
19693 19751
-8447 -8426
-18255 -18213
-30751 -30688
22829 22873
18789 18838
-2576 -2576
1000
2 9 -2576 -19416400
2 9 -2576 -45860090
2 7 -23669 -6997497
3 9 8089
2 3 19750 13615640
2 5 -18240 24341301
1 3
2 1 -12160 -38777000
2 2 -28833 -30770482
2 8 18803 26530510
2 0 -4277 -31044206
2 7 22841 35213167
2 8 -24447 -1077464
2 8 -7313 42255790
2 0 23999 31666826
3 7 22841
2 1 20099 24581740
3 9 -24747
2 6 6109 24714244
2 9 23001 -5113887
2 4 -8428 4688326
2 8 18806 26203046
2 7 22858 -44093884
2 6 -30703 39644198
2 2 32745 -1185842
2 6 -30708 8582124
1 0
2 5 -18220 505604
3 5 -3436
3 9 -2576
3 0 -4277
3 5 -18220
1 7
2 3 -47 -6501394
2 0 -4278 29068863
2 9 31737 23320636
2 0 -4274 -35101356
2 5 -18226 13767624
2 0 -4279 29956350
2 3 -31664 1675977
2 2 24083 -14069322
2 1 20098 -45382908
2 2 4278 -39932565
2 2 32745 26970142
2 9 15429 -38983498
2 8 14171 -46657467
3 8 18806
2 5 10959 23586682
3 6 -30703
3 2 32745
2 6 22507 -9229608
2 3 19709 41436102
3 6 -30703
2 1 20095 -41790150
2 4 -8427 -32531816
3 0 3952
2 9 -2576 28654352
2 4 -28261 -26486848
2 1 -3367 7410504
3 4 23219
2 8 18821 -23963440
2 2 32766 16061148
2 6 -30700 -40877766
1 7
3 1 16223
3 3 19750
2 4 -8431 3867512
2 7 22864 27379280
3 1 20098
3 4 -16383
2 1 -371 -38687884
2 7 22855 41663690
2 1 -2951 -17385884
3 6 -30700
2 8 18818 -15463052
2 7 -19383 -42666985
3 2 20809
2 1 20093 -47502020
3 1 -5020
3 0 6257
2 8 18800 -41389476
2 0 -4279 6945920
2 4 -8446 12135964
3 8 18803
2 2 6401 42539000
2 6 -13271 9140629
3 9 25099
2 7 22865 -31910104
3 4 8375
3 5 -9354
2 9 -2576 -48088196
3 0 -4274
2 3 19699 33015605
2 0 -4279 23120954
2 8 18798 -42359800
2 7 22836 -36735049
2 9 -2576 34673069
2 8 27449 -24639440
2 8 18836 -44594684
2 5 -19316 -9055280
3 2 32766
3 0 -4279
2 0 -13636 7413792
1 6
2 4 -1263 34059414
3 6 -27873
2 6 31196 20973504
2 5 -18252 -48157280
3 6 20411
3 2 32766
1 3
2 5 -18225 -48120913
3 1 -6307
2 7 22867 15740058
2 0 -4279 23826416
3 6 -30703
2 7 5472 49508150
3 2 6561
1 4
2 6 -30735 14296104
2 2 32748 35695683
2 1 23593 32810844
2 2 -19386 12306482
2 2 -4130 -49473000
3 7 22865
2 2 18341 -13751602
3 8 18818
3 8 16541
2 3 -2101 28773705
2 3 30021 42075672
2 2 16709 -3655705
2 5 -18234 27044544
2 6 25045 32132228
2 9 -2576 33607087
2 8 18833 -27705860
3 5 -18252
2 5 -18247 -10237472
2 2 5889 17303731
2 2 32752 -23835633
3 3 28933
3 6 -30735
3 3 -13107
2 8 18833 38762844
2 3 19747 46930431
2 5 -18236 -25427314
3 1 20099
2 7 22846 -42140299
2 0 11113 36610478
3 4 -8446
2 3 -29161 29312821
1 9
2 3 19717 -9860780
2 9 16376 -14006772
2 6 -30709 24446588
2 8 18795 -46587418
2 0 22203 -24861668
2 0 -4279 -26334204
2 7 22860 15506848
3 9 23453
2 5 17249 -36884
2 8 5731 16481410
3 6 -22512
2 6 -30701 -47385760
3 5 30683
2 9 -30293 37641906
2 2 32750 -48105140
3 2 32745
2 6 -28703 16365900
2 4 25213 -28923498
2 2 -17370 31628800
3 8 1427
2 5 27147 -46799875
2 6 20261 7096897
2 1 20104 5279715
3 0 -4278
3 1 20098
2 0 -4273 8097446
2 3 19750 -36441880
2 4 -8430 -30230767
2 2 32736 8795310
3 3 22493
2 3 19725 48436302
2 8 20126 20967960
2 1 20096 -28657260
3 5 1997
3 8 18800
3 7 -14343
2 7 22837 41711650
3 4 -8427
2 4 -8440 -4121830
3 5 -18226
2 7 -3824 -32730320
3 6 -30735
2 0 -11027 -21910254
3 6 -9109
2 3 -22238 -48501832
3 2 17593
2 5 26745 49790660
2 0 17229 24878265
2 5 -11806 31349083
3 2 -16183
2 1 11739 -3384688
2 2 7366 15387474
2 1 20092 -7376180
2 0 -4275 -46884251
2 1 20099 -33859235
2 1 8161 35103546
2 3 -30483 -43382215
2 2 32737 -46257482
2 0 -4275 -13780880
2 0 -17331 42679840
2 9 28200 -25040640
3 7 -13047
3 7 22855
2 8 18817 -43398842
2 4 26231 35347022
3 7 30337
2 5 27073 -46815465
2 6 -30711 16600350
2 2 32765 16279652
2 3 19731 -9785616
2 6 -23365 -48279161
2 8 18794 10508172
2 1 20102 -11877962
3 3 -913
1 8
2 8 18837 -38739274
2 7 2432 -17886424
2 3 20863 -31721470
3 3 19731
2 1 20097 47715910
2 1 4335 -43031800
2 2 21605 -38444192
3 6 -30709
2 2 -1222 39996059
2 7 22839 7268718
3 8 28801
2 8 18817 -12247220
2 8 22505 -32750190
2 4 22084 -42640189
3 9 21786
2 5 -18254 42114944
3 4 -8446
3 4 -8428
3 2 -24091
3 8 18817
3 2 32748
2 9 -2576 34766926
2 6 18721 -16576904
2 5 -1365 -40869650
2 1 -427 42601600
3 2 8858
3 5 -18226
2 9 -16163 -14175361
2 2 -12447 -7991752
2 6 -24991 13646758
3 2 32766
3 9 10545
2 2 32741 1892688
2 3 -28898 -25692640
3 0 10597
2 7 4917 -44587905
2 2 -5775 37834852
3 7 -20211
2 4 -8438 33373320
2 5 -18244 -43822981
2 1 -30563 -45882640
3 5 -7351
2 7 22857 -27224700
2 8 -23855 -10996348
2 9 -6479 20423008
3 2 32750
3 0 -4275
3 4 -4207
2 9 -2576 -10251500
2 8 18793 -33947502
2 9 -2576 -29819813
2 8 18838 -33847224
1 8
2 8 -19028 20503310
3 2 32766
2 1 -12471 27103776
3 1 20092
2 3 19700 -45300745
3 0 -4273
3 2 13889
2 0 7989 39697135
3 9 16167
2 9 -2576 12641837
2 7 22852 -48143176
2 7 1657 -49889148
2 8 27345 -39295361
3 6 -30732
3 6 -30711
2 1 20099 -39500920
2 7 22857 -35336590
3 3 -20911
2 6 -30733 -30512814
3 6 -30708
2 8 13441 2401074
3 1 20095
2 4 -8444 25833500
2 2 32740 47264500
3 1 20096
3 3 19717
3 2 -16273
2 8 -12765 -49966031
3 4 28210
2 8 -8439 -13857792
2 3 19728 13272438
2 8 18802 -48392946
2 2 32760 -20399580
3 2 32766
2 7 22853 -6044080
2 0 -4272 36575500
2 6 -30701 -20812810
2 5 -18243 -31680250
2 1 1792 -11176914
3 7 -26453
2 5 -22777 48926098
2 1 20102 -40140696
2 4 -17275 16706984
2 3 4624 16398600
2 5 -18226 13448171
3 4 27210
2 2 17293 -42902820
3 8 18821
2 2 32750 -9222411
2 0 -30427 -37430519
3 6 -21503
2 2 32736 -22112698
2 1 -23083 37700290
2 4 -21329 44201600
2 6 32753 34475472
3 4 -8446
2 0 -4278 -41244955
3 0 -14656
2 8 18799 8092808
3 8 13039
3 1 20102
2 7 22836 -46211375
3 9 -2576
3 9 -23345
2 4 -8437 -37629490
3 0 -4274
3 6 -30709
1 6
3 2 32736
2 5 -1701 9641352
3 8 18817
2 2 32758 240157
2 3 19742 -41729650
3 9 -21210
2 3 19745 43269828
2 6 23883 -12880
2 7 3097 -44259107
3 7 22864
2 3 -24409 47560730
2 9 -2576 -43863779
2 5 -2298 -46254500
2 1 27737 -19686046
2 6 -30732 -18975850
2 9 -2576 -6412516
2 6 14761 -29807116
2 0 -4273 40361840
2 3 19702 -35488636
3 9 -2576
2 9 19849 22938264
2 8 18804 -603900
2 3 19718 8410579
2 4 -8434 37508133
2 1 851 7974625
3 6 -30701
2 9 9745 -34933019
3 5 -3652
3 4 -8431
2 0 -4273 -24475561
3 9 7105
3 8 -20163
2 8 18793 -35218750
1 9
3 7 22837
3 6 -30701
2 1 -21205 17126452
2 8 18803 3881250
3 7 30295
3 3 32663
3 6 -16275
2 8 -24255 21100275
3 1 20099
3 2 32740
2 7 22867 -47024352
3 2 32760
2 8 18806 -30873992
2 4 24635 31311988
2 6 -30711 -27503893
2 6 -30746 -40135840
3 5 15741
2 6 23703 -24565625
2 4 -8434 -10733128
2 0 -4274 -32789586
3 6 -15233
2 2 -19247 43107904
2 1 -18783 17703090
3 0 -4278
2 4 19719 42731860
2 1 20095 -15396300
1 0
3 5 20287
3 9 -2576
3 8 18837
3 5 30653
2 8 18814 33407136
2 1 10434 -14368048
3 2 26367
2 3 19746 16549873
3 0 10421
3 0 26769
3 7 -16417
3 1 -26447
2 7 22839 -3247500
2 5 -18235 6704980
2 7 16057 19877450
2 7 1851 -28312158
3 6 18269
3 4 -8431
3 2 32740
2 4 30273 -49861616
3 8 32455
2 6 -30702 49977392
2 1 13236 4090741
3 5 -18252
3 2 9577
2 9 6413 -25801493
3 1 20098
2 0 -4273 -15225585
2 7 27396 -41121011
2 2 8973 -30300665
2 0 18145 -2350188
2 0 -4272 -16947225
2 2 -14655 -22584208
3 3 13191
2 2 20921 4448982
2 1 20091 3629444
2 4 -26423 -34102764
2 9 -2576 -14892824
2 4 -8441 -46249384
2 9 -2576 45001382
2 3 19733 -9665323
2 3 30845 -31683844
2 2 -4239 -46439365
2 3 19693 -47400894
2 1 20092 -47262312
2 3 19724 6209800
2 0 4675 -43586554
2 0 -6151 26622814
2 4 -8439 36294510
3 9 -2576
3 9 -2576
2 5 -15777 24456605
2 6 -30743 31128889
1 6
3 7 21188
2 3 19750 -40165081
2 0 -28635 3144586
3 6 2514
2 2 32751 -42230312
2 1 20093 -28955300
3 3 19717
2 8 18832 4965429
2 8 -18303 49836068
2 0 25785 -18675400
2 8 -4799 -20644206
2 5 -18230 -5728356
3 9 -2576
2 4 20034 -28669723
2 0 -4271 -14042441
3 6 -30746
2 9 -16271 -47135750
2 5 -18216 4798330
2 3 -383 -49951079
2 7 31611 -14271037
2 3 15555 33486881
2 9 -2576 -9012836
3 3 4627
2 3 -32131 7423600
2 1 22159 44581420
2 5 -18242 -24016956
3 8 8371
3 8 6834
3 5 -18247
3 3 -6649
3 8 -17075
2 1 -13183 46912650
2 6 -30747 -35779425
2 4 -8444 -18751638
2 4 -8433 -31227878
2 9 22731 -15908628
2 0 -4227 -5063507
2 9 -2576 -4830237
3 7 22839
3 1 20097
2 9 -19923 -46867985
2 7 26369 31493762
3 8 18838
3 1 1955
3 8 -2959
2 8 -6744 -26388860
2 0 6993 -45100564
2 9 -11231 24248360
3 6 11821
2 6 -11339 21901549
2 8 3467 26465310
3 9 27136
2 0 14326 -31073253
1 8
3 6 -21997
2 1 20104 -28914822
3 3 19718
2 0 18507 7590076
2 2 32754 -13368920
3 1 20669
3 0 -4273
3 5 -18216
2 0 -4276 -45663106
2 6 -30693 -15579200
2 8 18823 -12437775
2 4 10933 39208623
3 0 -4276
3 6 28324
2 6 -30719 -47718912
2 8 29993 36101992
2 5 -18219 -27691776
2 7 22856 -14813810
2 4 -8445 13701740
3 8 -32307
3 7 22856
2 3 -14302 -44345746
3 9 2729
3 2 -2251
2 0 6289 -39569088
2 2 845 22807672
3 7 22860
2 0 503 28304758
2 7 22844 -17801853
3 7 -5393
2 7 22834 39108320
3 6 -9587
2 5 22357 -35355029
2 4 3573 14237522
2 2 30302 -26339040
2 8 18822 -630586
1 3
3 1 -23521
2 7 -17118 -18536380
3 0 -4278
3 7 22844
2 7 -25515 -46884328
2 7 22003 44897184
3 8 -121
3 7 125
3 5 -18234
3 0 -4277
3 0 28653
3 6 -2374
2 4 -4072 -27036800
2 3 -4549 31355846
2 6 -30728 -23239722
3 2 32751
2 2 32746 -19032363
2 9 -2576 49281368
2 3 19741 -20218148
2 5 -18253 6955150
3 4 -12855
2 2 -2211 -47234059
2 1 30371 45988414
2 3 19735 30514624
2 2 -11323 -46993572
3 0 -4278
3 9 -19545
3 4 -8438
2 8 25851 -10954969
2 3 -16573 -28070988
2 8 3205 33862031
2 3 -13115 -36403922
3 2 15415
2 1 20093 1261318
2 2 28549 -41112233
2 8 18811 11177450
1 3
2 4 31631 -32961495
3 3 19750
2 2 32765 31601778
2 5 -18251 11388611
3 3 21329
2 5 26686 -17864612
1 6
2 5 -7423 -12868532
2 0 22692 45605896
3 9 27641
3 8 25758
2 3 19736 -25541180
2 0 -23371 -7012880
3 0 -4274
2 4 12134 -12940320
2 2 -16131 -8350545
3 5 -1867
3 5 -15701
2 7 -27999 -30400730
2 7 22835 43480572
2 7 -13171 -8030604
3 9 8601
2 3 19712 45911460
2 2 32731 -44369198
2 8 5181 28159968
2 4 -19855 1063145
2 6 -30728 38783860
2 0 -4275 -1346108
2 7 22830 -1718096
2 8 -4859 -10649712
2 4 -8436 -35428962
2 0 -25855 -32393870
2 9 -2576 18418035
3 0 -11883
2 9 -2576 -10384356
3 1 -397
3 6 -12235
2 3 19742 -12778938
3 7 22855
2 3 19745 8728160
2 3 -1931 -35090000
3 8 18817
3 5 -18219
2 2 32741 -38061920
2 1 20096 3273649
3 1 10275
3 1 -18121
2 2 10771 11613828
3 4 16129
2 0 -4274 39592781
2 6 -30712 -28619672
2 5 -18240 -25966948
2 8 26513 37087980
2 4 -8429 -40903871
3 3 -13874
3 8 18833
2 9 -3967 36597120
3 6 -30700
2 5 32142 7954739
2 8 -19215 -18542696
2 5 -7063 15075456
3 1 28915
2 1 20094 -10845068
3 2 32731
3 7 22856
2 2 20579 22843641
2 4 -4715 -43838689
3 9 -2576
2 4 -8428 -12880768
2 3 19709 -28825100
3 2 -4728
3 3 19699
3 8 26931
2 6 -3379 14082500
3 0 -4278
1 6
3 9 -2576
3 4 -8429
2 7 22868 24443584
3 6 -28106
3 7 -18702
3 9 -2576
3 0 -4279
3 7 22855
3 7 32403
2 5 -18217 887905
2 2 32764 -10036650
2 6 31475 -24579696
2 5 -23466 4858350
2 2 -21811 -14456016
3 9 -2576
2 8 20539 15644758
2 3 -24343 17238775
3 5 -18219
3 8 18832
2 0 19425 -39659084
3 0 -4271
2 3 19730 -48176760
2 6 -30713 40615336
3 1 20095
2 8 29873 8345055
2 0 -3795 16587470
2 7 4673 18677082
2 3 19734 25481593
2 8 18830 1043359
3 5 -6939
2 9 6780 4963531
2 4 10958 24653302
2 7 22871 -29922054
1 7
1 8
2 7 -13295 44865880
3 6 -30701
3 1 20099
2 7 22846 -34377978
2 4 -5068 48574650
3 9 -2576
2 4 -8447 -751595
3 7 -8944
2 3 -31411 11099070
3 1 20097
3 9 -2576
2 4 -2328 46251652
2 6 -2871 -5986675
2 5 -22547 15100323
2 8 -15438 40450704
2 1 20090 -22382576
2 4 -8436 -12203470
2 4 -8438 -48267596
3 2 -16606
2 9 -2576 -46182500
2 3 19712 -29628207
2 9 -21043 13950287
2 9 32366 -25335696
2 0 -4276 36043949
3 5 -18216
3 6 -30747
2 7 22859 40141875
2 8 21609 -12048336
2 6 -28527 10139890
1 9
3 0 29473
3 6 -30709
2 2 32769 -40516934
2 2 32762 -3355110
2 5 -18230 -11790536
2 0 -4279 34123134
2 9 -2576 20825921
3 4 -23291
2 6 -30712 38883456
2 0 -4275 9049387
2 7 22861 -31539909
2 8 10201 -42049020
3 5 -18251
2 5 -18227 39840025
2 0 -4273 22803040
2 5 11505 29816394
2 4 -8435 26526948
2 0 15681 41223005
2 9 -22725 -14668380
2 0 -4276 -32350611
3 5 -22367
2 4 -8435 -49967594
3 9 -2576
3 3 19693
2 4 -8444 -1078776
2 9 -2576 -38906164
3 3 19745
2 5 -18241 -15495680
2 5 -18215 5778559
2 6 -26219 22028264
2 9 -2576 -43025996
1 6
3 4 -8437
3 2 1677
2 4 -8435 41332735
1 5
2 2 6961 32397640
2 1 -17627 23269625
2 9 -2576 38825955
2 9 -2576 -14825102
2 6 -4261 37273683
2 9 -2576 -31747858
3 8 18832
2 7 -23391 -46613930
2 8 18838 26308402
3 7 22860
3 4 -6281
2 1 20094 45741359
2 8 18816 -42567290
3 4 -19960
1 7
3 5 -18226
3 0 -24708
2 4 -8441 -32778966
3 8 18832
2 5 -18233 47956547
2 2 32741 35503894
2 2 -13797 -12885998
3 7 22846
2 3 19703 -31294440
2 6 -30691 -40499275
2 7 22853 9834184
2 9 25517 -34006630
3 6 -29419
2 5 26145 -9327630
3 7 22841
3 5 -18217
3 0 -4278
2 5 -18213 -37600280
2 4 -9151 -24894264
2 1 20095 -2089810
2 2 32733 -4813704
2 9 -14859 -4291058
1 8
2 7 25564 -26128498
2 9 8518 26169812
2 0 -4277 31721888
3 9 -2576
3 8 18804
2 9 -2576 11417760
3 3 -22743
3 0 -4274
3 7 22858
2 8 18792 18234433
2 7 -3556 -43985156
3 7 2878
2 0 -4271 -40784850
2 5 -1087 -2620290
3 1 2785
3 8 19747
3 5 -18227
2 9 -2576 -8814853
2 4 8337 -32199760
2 2 -8600 -15703375
2 7 22837 42152184
2 8 1641 44058600
2 5 -30863 -13570702
2 6 -30725 -4332560
2 8 -14015 36313984
3 7 -5014
2 2 29461 31032772
2 0 -13763 26301072
2 9 -2576 -31031854
3 4 -3159
2 4 -8446 30927552
3 5 9561
3 3 19745
2 7 -27031 -39577759
3 6 4778
2 0 -4274 -41870408
2 5 -18223 49646948
3 0 22995
3 0 -4273
2 4 -8444 34966594
3 2 32764
2 1 19969 -36291168
2 8 -13795 -26607852
2 6 4907 -44907887
3 2 -25165
2 9 -7415 -40183992
3 0 -4272
3 8 -19308
2 4 -8439 28046443
3 6 24408
2 6 -30701 -24862435
3 0 31812
3 3 -515
3 1 29037
2 7 20218 39129700
2 2 -9427 -22026609
2 5 -25541 -18995183
3 2 32741
2 9 -25911 -22390444
1 7
2 1 20089 -40418502
2 0 -5011 37209321
1 6
2 9 -29949 19555485
3 3 -15615
3 2 32754
2 5 -18250 2725522
3 2 32746
1 0
2 7 30663 -45731611
2 1 20089 -43332480
2 0 -4279 44614010
2 4 -8428 -26058012
2 1 20098 38238416
3 7 -15701
2 3 19716 -45225074
2 4 -8434 23001122
2 6 -32500 11957622
2 5 -18248 -5487522
3 8 -10804
3 0 -4271
2 9 -2576 30966392
2 7 22871 -49311424
3 9 -31897
2 7 22870 37638235
2 5 -9307 15960358
2 8 -7639 -27633519
3 5 -18254
2 7 22863 -28500150
3 2 -4295
3 3 -30751
3 1 -2703
2 1 20104 -27560442
3 3 -25691
2 0 6404 -38898320
3 8 -11894
3 7 22871
2 8 18826 2499541
3 4 -8431
2 5 -18213 22555430
2 5 11228 17607032
2 7 22848 -43915560
2 7 22861 32144512
2 5 8159 -32280620
2 6 -30734 -33158242
2 0 -4277 15921150
3 6 16638
3 0 -8847
2 1 -4655 11472694
2 0 14316 20201956
2 0 -16423 -43796560
2 3 -27552 647804
3 0 -4279
3 0 -4277
3 0 -4275
3 1 -555
2 3 27472 -34001320
3 7 22852
2 0 -4277 -5550000
3 6 -30702
2 0 16001 46825778
2 1 -9244 -44876384
3 7 22830
2 8 18818 -47946767
2 2 31311 -29055995
3 7 24405
2 8 18806 1359699
3 3 19699
3 3 19703
2 2 29477 22213424
2 1 -17503 -20586624
2 2 -2437 -35798932
3 7 -20047
3 3 -2818
2 5 -18249 -27029220
3 4 -8446
2 5 13733 8812459
2 9 -2576 34446968
2 1 -13115 15742168
3 8 18838
2 8 18815 76803
3 9 -2576
3 4 -28575
2 8 18789 -49360088
2 4 -8430 26139243
2 3 -22375 -44642815
3 2 -12872
2 3 19751 33898437
2 1 20093 23390964
3 7 -27983
2 4 29074 -40082225
2 2 12009 -3854456
3 2 -15743
3 4 -8427
2 7 19005 42314250
2 9 19133 -16291348
2 0 -4271 28459066
3 6 -30734
2 8 18811 -26577580
3 9 -2576
2 2 32754 41541660
2 3 5235 4513457
2 0 -31371 -18963918
2 9 -11286 -49310414
3 1 -15552
2 6 -30695 -49377852
2 3 19706 17529206
2 7 -18831 -37950510
2 1 2789 -21279554
2 4 -8431 -3645725
2 0 -4274 -6120693
3 8 18792
2 1 20090 13378032
2 5 -18215 -4641050
2 0 24013 -48374451
2 4 -24159 3493408
2 1 24749 49217300
3 3 19741
3 4 -8444
3 5 -18226
3 8 18826
2 1 -9423 15303238
2 4 22941 48329221
2 2 -5605 12901153
2 4 -12793 -41887330
3 5 -18234
2 9 -4869 -47304703
1 3
2 9 15901 22361927
2 4 15553 4103374
3 1 25193
2 0 -4279 -5795684
2 2 32740 -27890815
3 7 1449
2 6 -30717 44476347
