3
10
26015 26075
-27069 -26958
29361 29437
-19337 -19311
23177 23257
-13958 -13936
-14193 -14173
-12537 -12517
-21014 -20947
6944 6985
2000
2 4 23187 -4477872
2 9 6949 20760943
2 0 -18977 -6010396
2 7 -11042 -3308571
2 1 -4765 -39727232
2 7 -12523 27277252
2 1 -27011 4540351
2 5 -13956 17363096
2 1 -18730 -36046914
3 4 22635
2 2 29415 -41527000
2 6 -15207 -19086564
3 9 6949
2 8 -26687 -6507344
2 8 -12096 45937976
3 9 -3907
3 1 -27011
2 6 7748 35170141
2 7 -12520 44482893
2 8 -16081 -17318440
2 0 9688 16920360
2 1 -29268 -34612085
2 6 -14177 29140672
3 9 -28595
2 1 -27068 16149184
2 9 -12479 43609600
2 0 18563 9739491
3 1 -27068
2 6 -14184 -405470
2 9 31686 -47357915
3 6 30808
3 9 6949
2 1 -26995 17197877
2 5 29606 -9097728
2 8 -20950 -43936964
3 7 -12767
3 1 -26995
2 1 -26976 -40016816
3 9 6949
3 4 1959
2 1 -26959 25876636
2 3 22635 -30215081
3 1 13639
2 4 23233 -40648072
2 3 11761 49437520
2 1 -27010 -45658390
1 5
2 8 20645 7172124
2 6 8165 22012952
2 3 -14326 48886816
3 6 20299
2 4 -19891 -9752880
2 2 -12327 45093280
2 3 18733 26173284
1 7
2 3 -19336 -46699602
2 6 3680 -19837443
2 4 -27367 -43444128
2 1 -7074 34064192
2 4 9129 45055048
3 1 8005
2 7 18327 -14671232
2 9 6976 38669830
2 1 -26997 2451496
2 0 26020 40418949
2 0 -3263 6908924
2 4 14469 -21220400
3 2 29415
2 3 -19316 -11953750
3 0 26020
3 1 -28020
2 5 -30299 4559950
3 9 21755
2 7 -12520 24260039
2 1 23730 25934900
2 3 -26534 -2329972
3 3 -19316
2 3 -23807 33164216
3 4 23233
2 4 23212 28151898
3 8 -5632
2 0 -11775 -47279753
2 2 29415 -29759162
2 0 -28627 -35116625
3 9 6976
2 6 -14187 -27857282
2 3 -19333 -35428396
1 8
2 1 -26577 -1862644
2 4 23221 46603746
3 2 7843
2 5 -13945 -39843016
2 3 13641 32984032
2 5 23135 -4899950
2 7 16748 -21394127
2 8 1209 -92600
2 5 -13941 -9912910
2 4 -10677 -29621352
2 3 -19319 35462104
2 9 6963 47663039
2 9 30633 -38338784
2 8 -32039 43591340
2 2 29367 29884261
3 8 -10279
2 7 -12526 24267149
3 6 31615
2 8 115 -21890171
3 7 -12526
1 0
2 3 -19311 -20868512
3 6 -22501
3 6 -14187
2 4 365 -19974834
1 7
3 7 7389
3 2 29415
2 7 29749 -10444576
2 8 -21011 -25734500
2 9 6959 -40772782
2 4 2263 48209417
2 1 -27023 -40975508
3 7 -25591
3 3 -18559
3 8 -21011
3 3 -8065
2 9 6965 -30320263
1 8
2 0 26027 -18867758
3 4 11121
3 2 28585
2 7 -12533 -13907262
3 9 6563
3 5 -13941
2 6 -14184 30346842
2 8 8435 -29376068
2 6 7489 6107948
2 3 -31635 10268780
2 9 12064 20130428
3 1 -27011
3 4 -14419
2 4 23236 19000144
3 5 -13941
2 6 31245 19686624
2 2 29417 22970322
3 3 -19311
2 9 -14490 -3033276
2 7 16091 -4156692
2 5 -24639 -14928218
3 4 23221
2 2 12724 -17929311
2 9 6944 25857440
2 4 23218 -22272696
2 1 -26961 11169386
2 6 -14182 37338756
2 1 -26985 -2059824
3 6 -32689
2 6 10627 6038830
2 4 23248 36121845
3 6 -14184
2 7 -12525 1680672
2 5 -13946 41903270
1 0
3 1 -27011
2 1 -26988 -16152540
2 8 -8631 2259700
2 0 31337 -5725436
3 0 26027
2 4 23210 40400820
3 8 3769
2 8 -20963 -29332071
2 2 29420 -42063549
3 7 -12526
3 7 -12533
2 6 32525 419380
2 6 31785 17304397
2 7 7947 36377388
2 4 23224 -12804718
2 5 -13936 -29084800
2 2 2456 -6115887
2 2 29380 46209848
2 5 -29099 20276120
2 2 29379 3396175
3 4 -30654
2 4 23189 28483385
3 9 13537
3 5 -13941
2 2 29369 -45560080
3 8 -20963
2 3 -19323 25679942
2 2 30807 -18810538
2 8 27649 142205
2 4 23232 -20153335
3 8 -21011
2 8 -15088 22329285
2 4 23184 8615585
2 1 -8931 -10333008
2 7 -12525 15251577
3 5 -21664
2 7 -1433 43044352
3 1 -26976
2 8 -20994 28282719
3 7 -17631
2 7 -12522 15244830
3 5 -13936
2 7 -17055 -23198165
2 8 -15751 -29082165
2 0 -26671 -38656565
3 2 25633
2 7 -12536 39779776
3 6 -14187
2 6 -14183 -41291372
3 9 -3202
2 3 -19331 17666682
2 1 -27031 -42372333
2 7 -12517 13609120
3 0 26020
3 0 -11243
2 1 -26976 -1222310
2 3 -19319 -48274555
1 4
3 4 -9920
2 4 5593 20945836
2 1 -27056 -7768880
2 1 22951 -37025948
2 7 -13423 -43155008
2 1 -27017 -8182240
3 9 6959
3 5 3009
2 3 14627 41245068
2 1 -27034 -35668400
2 7 1203 34059889
2 9 -2757 37667392
3 1 23413
2 1 -26989 46271228
3 5 -13946
2 1 2898 -32182720
2 5 11373 3764745
3 0 26020
2 8 -21011 40145730
3 0 19931
2 2 6933 49596182
3 8 -12203
1 7
3 8 -29183
1 3
2 7 16017 -22911684
2 4 2221 25005712
2 1 12929 15869440
3 3 -10505
3 9 6944
3 3 -19336
3 7 -27803
2 6 1212 23811960
2 8 18191 44820479
2 5 -13938 -26967216
3 2 29369
2 2 7181 -120263
3 4 -27248
3 1 -27011
2 3 -25162 35586787
1 0
1 7
1 9
3 6 -14177
3 8 -18949
3 0 -19608
2 2 29370 34798692
3 5 -13938
2 1 -26998 -48151461
3 8 -20963
2 5 -13950 4519930
3 3 -29651
2 7 -12525 -21359268
3 1 -27017
2 6 -14190 16405240
2 6 -14192 -12183616
2 2 8813 -28020256
3 7 -17847
3 8 16347
3 4 23218
2 2 -14071 -33510016
3 8 -20963
3 2 29420
2 2 10857 18856392
2 0 -17499 32567800
2 1 -2379 -20837228
2 2 29434 16966396
3 5 -16600
2 1 22773 18049002
3 7 -12525
3 9 6976
2 0 -31328 -34039945
2 9 10257 15981282
1 5
3 1 1759
2 8 -19335 -45724300
3 6 -14183
3 5 26293
2 8 3398 -31157181
3 8 -4277
2 4 30822 36666768
2 5 -13940 44099088
2 3 -15866 -8428802
3 9 27859
2 7 -12530 23433585
1 4
2 0 26068 15812413
3 8 -21307
3 5 5421
2 7 22897 35413260
2 0 1396 15317790
3 5 -20089
2 1 -23887 -45680186
2 7 9643 -8536535
3 0 -22223
2 8 -27470 -32018076
3 4 2817
2 5 -13949 -34314808
3 6 25243
2 2 29382 3632652
2 9 -13118 -42984670
3 5 -13949
1 9
3 2 29380
2 1 30522 -47458448
2 7 19838 10440603
3 1 -26976
2 2 29393 -5435762
2 1 -27038 23512026
2 2 29432 -44747168
2 6 -14184 -21642750
2 1 -26977 10701952
3 8 -20963
2 8 -19813 -21710316
2 2 29365 -4884072
2 1 -26961 47060076
2 6 -14185 -37426028
1 3
2 9 6983 -14377944
2 8 -8496 -20176318
2 3 -19319 -9388752
2 9 -27441 14959446
3 4 23221
2 9 10977 -36680748
2 2 -14654 34108920
3 7 -25869
2 2 29435 -19276220
2 2 -1565 -46705250
2 8 -20965 21819688
2 2 29402 -581076
2 3 11361 17176512
2 0 26024 30186895
3 9 13761
2 2 29433 -35743584
3 9 -4773
2 6 14617 3862036
2 8 -20991 -37191655
2 3 -19315 -24515461
3 0 26027
2 9 6978 15649426
2 5 -24131 14657930
2 6 -14173 -20168985
2 5 -13943 10046927
2 9 6944 -33139200
2 1 29437 -48494968
2 4 18959 -47014200
2 5 -13937 -33163712
2 4 23250 -6276140
3 1 -26995
2 0 26045 -36639494
2 4 23194 -46268540
2 4 -23575 14416317
2 6 -14181 33845210
2 7 25341 27914770
2 7 -12537 -42678167
2 7 -12522 -21170542
2 4 16157 -3467546
1 6
3 3 -9980
2 3 -19320 46427020
2 9 32618 -3349152
2 1 3989 -4618752
2 6 24221 -21587440
3 0 26020
2 2 -13640 -16998080
2 9 7089 9402782
2 7 22494 -44087715
2 5 -13936 -13088744
2 7 3636 -30491945
2 3 -19314 -34260459
2 4 21290 -41505255
3 5 -13941
3 2 29365
3 0 -15573
3 2 16490
3 1 -27023
2 6 -14187 -28884460
2 9 5435 23514348
3 6 -15427
2 2 -5667 42162616
2 7 -12537 29857575
2 4 26107 1923750
2 4 23207 7858856
3 8 -21011
3 9 -30799
2 8 -10771 -8597518
3 9 6959
3 5 19617
2 9 32245 -47798713
3 0 -19436
3 8 -20965
2 1 -27035 -42889788
2 1 11457 30737021
2 8 15657 22088904
2 8 -12162 -44732262
2 7 -12521 44444511
2 4 17827 -42245964
2 8 -4135 9161040
2 1 -26982 48296084
2 8 -20981 10832272
2 4 23235 12176792
2 7 -13699 30775660
2 8 -21006 46381800
2 5 -25307 -16522170
3 9 6959
2 8 -20997 19746963
3 6 -1495
3 8 -14127
2 1 28701 -20483000
3 0 26045
2 5 -13952 -6859109
3 6 -14184
3 9 6976
3 8 -397
3 4 345
2 9 6952 43148368
3 1 -26998
3 4 -14091
2 4 22686 -33677553
3 0 26024
3 4 26799
3 8 -18808
3 0 -24034
2 9 25129 -43107656
3 2 29365
2 0 26041 41680771
3 9 6963
2 2 -13263 -35383916
2 4 5009 -15990676
2 4 23177 25401618
2 2 -7707 6293984
3 8 -20991
2 0 26038 -43796672
2 2 1601 -15575708
2 4 23181 25807456
2 2 28109 -34614818
2 4 22497 36416902
3 2 19693
3 2 8953
2 7 20811 47498763
2 9 -27795 7266880
3 5 -21735
2 2 3471 27059268
2 1 -32602 18234100
2 8 24833 18642680
2 3 -19334 -11701708
2 4 23223 12805877
2 6 -14177 -7166318
1 4
3 5 -13938
2 0 26060 3673736
3 4 23235
2 3 -19315 29265144
2 7 16450 32612592
3 2 27337
2 6 -14177 -37761716
2 2 -18891 34479311
2 6 -15295 35461984
2 7 -12525 -27779418
2 4 14017 13270080
2 8 -32649 -13992828
3 1 -27068
3 1 -8233
2 4 23221 -28614124
3 7 -758
2 8 3151 47261974
2 9 -539 -39143600
3 0 26024
2 5 4665 42902620
2 7 -12518 -41196992
2 6 -14180 -49059910
3 5 -13938
3 4 12295
3 1 -27056
2 8 17729 -22237058
2 5 -24618 35357846
2 3 -19317 -12082050
2 5 -13946 -39126310
3 1 -17004
3 8 -20002
2 7 -12534 -17072330
2 8 -19999 40298935
2 7 -24123 -8430146
2 4 -13789 -14370947
1 2
2 4 23179 -43401600
2 5 -13955 -10135960
2 2 29416 22047155
2 2 29399 -9087908
2 2 29415 -41408225
3 4 23181
3 9 6963
2 4 -1335 -514278
2 7 -12532 -17632005
2 2 -18187 -19137064
2 3 1741 15352266
3 7 -12533
3 7 -30564
2 4 4193 -15670160
2 8 -21002 -30447086
2 9 6965 34648980
2 7 1622 -26174768
3 0 -26745
3 4 -21031
3 2 -18447
2 1 -27019 -38434411
2 0 26034 46287285
3 2 4103
3 5 -13936
3 6 -14182
2 4 -3046 -2759680
2 0 26025 40569544
2 1 9189 -5541360
3 7 13003
2 3 14725 -23152588
3 1 -31567
2 4 23200 398388
2 8 19977 -15843704
2 2 29361 18199367
3 0 26024
3 8 18198
2 2 29419 5345450
2 9 6955 -27097900
2 2 29402 42130784
2 9 6953 -24398060
2 6 -12041 22636816
3 0 18969
2 5 15341 4123128
2 7 12317 9957937
2 6 -30140 -6368570
3 5 -27033
3 7 -29769
2 2 8725 -35198696
2 8 -20997 34328040
2 8 -4207 -49746880
2 7 -12517 2669610
3 7 -26819
2 0 26022 -25739156
2 6 -8829 46645123
2 2 17230 -26777257
2 2 18415 -23279680
2 0 26063 -46558125
3 9 30141
3 6 -14192
2 6 6937 -19519782
3 3 -19331
2 8 -686 36384656
2 7 -2038 2562558
2 9 6970 -49173800
3 5 3585
3 8 -20981
3 4 -16493
2 2 -11803 10838266
3 4 12421
3 2 3747
3 2 -8981
2 0 26047 -37527340
3 8 -20965
2 2 19921 -6428430
2 6 20055 9180748
2 8 -20975 35829584
2 6 -14173 -892053
2 5 -15041 -41564226
3 2 27943
3 3 -19323
2 5 -13939 -31768241
2 6 -14174 -12469776
3 9 6978
2 5 -13947 45119525
3 6 -26471
1 3
2 0 26032 49626880
2 9 32213 -26736760
3 2 29434
2 7 -12634 -28066277
2 6 -14173 -10780261
3 1 -27023
3 9 6978
2 3 -19325 -39939800
2 0 26041 -20439775
2 8 -21001 32238490
3 6 -14184
2 2 29408 -48419898
2 8 -21976 -41859432
2 0 -710 -25011140
2 8 -20984 2977484
2 5 -13943 34846573
3 0 33
2 9 6945 42942720
3 6 -30239
2 0 26060 11546594
2 9 3184 21335458
3 5 -13956
2 0 10769 3700899
1 9
3 0 26038
3 2 29415
2 6 -28209 14516728
3 3 -19334
3 3 -19336
3 4 23179
2 1 -26970 -36727520
2 2 31570 -28429680
2 2 29433 -48826366
2 1 -27051 25583488
1 9
3 6 -23403
2 9 6984 31143508
3 7 -12520
2 5 21746 -16377526
2 5 -8740 -33031782
2 7 -12528 -10635986
3 5 -2605
2 3 6703 -45969194
3 4 23248
2 7 -12532 42856354
2 6 9469 32144670
3 0 13770
2 2 29418 17737195
3 7 11380
3 1 -27011
2 1 -26992 -29845888
2 9 6963 -5645132
3 3 -19333
2 4 -1426 47092084
2 9 5194 38954240
3 5 -29287
2 1 -30068 5177250
2 8 -6375 -38174824
2 5 9733 -39742660
2 0 26071 -18372072
2 7 -12529 -17879000
2 8 -21013 34744116
3 6 -14182
2 8 -20983 -44620672
3 9 6949
2 1 4958 18390244
3 1 12979
3 7 26193
3 7 -294
3 0 5457
3 2 -28161
2 9 -20103 33583773
3 2 29419
2 0 -29143 -47516256
2 9 26689 2866720
3 5 -27027
2 4 23237 21537846
2 7 -1665 -3479820
3 4 23212
2 7 29903 16828358
2 5 9921 41548160
3 6 -14185
2 4 23220 1861568
2 2 29395 -37095328
3 9 -12948
2 6 -14180 30529096
2 6 -14182 27558164
3 3 28405
2 8 -21014 35139535
3 0 26068
3 5 7872
2 3 -19314 -1719958
2 3 -19322 -45620317
2 0 26053 21851920
2 5 -7622 -36321719
1 2
2 8 -20964 18348272
2 3 -19312 -41843924
2 2 4033 -40441912
2 6 31273 -5037470
2 5 113 44176080
3 7 -24313
2 0 26050 -38944600
3 2 12637
2 7 3574 -34436326
2 5 -4027 -40007670
2 4 23177 -17190012
3 3 -19311
2 4 7537 4066378
2 7 -14325 26542444
2 5 -13951 -32342507
2 9 6976 37812404
1 6
3 9 -31247
2 5 -17302 -25560876
3 3 28089
2 1 3983 11851313
2 2 -26218 -36854922
1 2
2 1 24097 -2558102
2 6 -14179 28779210
3 5 -13955
2 5 -25147 -8117887
3 1 -27011
2 3 -19326 12275500
2 0 -2403 -22478194
2 7 -30255 46998226
2 1 -27007 -44413786
2 4 -14142 -46473754
3 4 -6287
2 3 82 -28359322
2 1 -26974 -41829908
2 6 -14183 -20530604
2 8 26814 -45121039
2 4 23241 -572105
2 9 6952 -48140288
2 2 -14259 -41246710
2 4 6275 40781262
2 1 -30303 21346992
3 2 7420
3 3 1681
3 1 -27035
3 7 -6207
2 5 17234 1903610
3 4 9655
2 7 -12518 35655581
2 1 -27024 13652268
3 3 -18929
2 2 29406 -47091110
2 7 -12531 -40149930
2 0 -10476 -1973323
2 9 6969 -3436562
2 9 -3365 -6218512
3 9 -10795
2 4 13627 26547356
3 4 23212
2 5 -10041 -44438584
2 7 -12523 9464949
2 8 -20963 35722558
2 9 16206 -11014030
3 2 29408
3 5 8993
2 8 -20972 29903979
1 8
3 3 -19325
2 9 6953 -5379450
3 6 -14190
3 9 14272
3 6 17805
3 4 9953
3 3 -19314
2 6 32429 -44491204
3 4 23223
2 2 29413 -17958422
2 4 23220 4629662
2 3 -19312 43421056
3 3 9237
3 8 -20223
2 6 16591 24959171
3 2 29418
2 8 -20978 -4164389
2 3 -19313 5844804
3 4 16137
3 6 -14190
3 2 26794
2 1 -406 16885080
2 8 -20987 -34676160
2 5 -13939 40844095
2 3 -19336 31657422
2 5 -1995 43608096
2 2 29409 4531076
2 8 -12863 -18995518
2 4 1601 -123226
2 5 11736 -10620400
2 1 20862 -25878888
3 9 6945
2 2 29385 -49661420
2 8 -20990 45647700
3 2 -11566
2 0 -14036 16791092
2 4 -31119 -11681810
3 8 -21001
3 0 26041
2 2 -16509 -37012862
3 5 -13943
2 8 -20980 17872258
2 4 -31704 2511820
2 2 -12799 -48809239
2 1 -22595 48536610
2 7 5665 -20538125
3 0 26063
2 8 -20984 15591610
2 5 7197 -6236590
2 1 -26994 44578786
2 9 6962 1999320
2 7 15721 39026856
3 8 -20950
2 0 -18125 -45545980
2 2 29436 -5481874
3 8 8267
2 9 6963 -38827467
2 6 -14789 -26291106
3 9 -15098
2 8 -20958 8053696
2 8 -24439 18679712
2 4 23180 -32836080
2 4 23204 41593462
2 1 -26993 11930656
1 8
3 5 -13950
2 0 -10207 39627904
2 3 -4793 -3491540
2 8 -20972 1829248
2 6 -20179 26579280
2 4 10697 -28649488
2 5 -13951 -19258140
2 5 -13949 42390324
2 4 32737 -16659127
3 9 6962
3 4 23250
2 9 -4445 -1304634
2 6 153 -44385988
3 3 -19311
3 7 -17810
3 5 3511
3 5 -13955
3 9 -15741
2 3 -19319 30481801
3 5 14491
3 7 -12520
2 3 -29591 -35542125
2 5 -13939 -20114000
3 6 -14174
3 2 -23987
3 8 11407
3 1 137
3 8 -20983
2 0 26067 38139192
2 9 30873 -49478400
2 5 734 -26906904
3 1 -23966
2 0 26060 -39273362
2 5 -30137 -43342976
3 3 149
2 2 29392 5645956
3 2 29408
2 8 -20991 44551750
3 8 -14323
1 0
3 8 -20991
3 8 -20994
3 8 -21002
2 9 6984 -26650552
1 4
2 3 27800 8902076
2 3 -16495 -5534646
3 0 -21799
3 0 26022
2 5 11114 -43419206
2 8 -20984 -8444400
3 6 -4065
3 7 -12518
3 8 5865
3 0 -12778
2 7 -4887 11731134
2 6 -14179 -12347034
3 2 29413
2 4 31189 12477419
2 7 -12523 22598612
2 5 -13938 40150626
2 9 4097 -21920148
2 3 32561 31696888
3 4 23236
2 1 -7339 -2858997
2 5 -16026 -40765732
3 1 -27007
3 6 -14183
2 3 -19334 -29193188
3 6 -14184
3 1 -27019
3 6 14515
2 1 22488 35612316
2 8 13956 21007807
2 4 -15519 -19472375
2 4 -7465 -30539440
2 2 15326 38594557
2 4 -17703 17976300
3 0 26024
3 7 -12532
3 5 -13941
2 5 -13956 -11991870
2 4 23241 -6419624
2 4 23231 34146214
2 4 26193 -31928779
2 4 23208 -25661984
2 1 -28399 28492946
3 9 6953
3 5 -13951
3 3 -19317
2 6 -14191 34623600
3 5 16774
3 1 2989
2 4 5666 25361430
2 5 -20301 49835392
3 9 -14226
2 6 -14191 -7887420
2 3 -19316 -26820468
2 5 22274 34981328
2 9 6980 -44169855
3 3 6447
2 6 -21071 -26501840
2 1 -27047 -24767832
3 5 -21987
3 9 -4039
2 6 -17639 -39074244
3 9 -19143
2 1 -26985 -939463
2 7 -15017 2147696
2 6 -14185 -8592700
3 8 -24567
2 9 -655 19222630
2 5 -13944 -36277360
2 8 -20997 -21647824
2 2 3629 19593942
3 1 14111
2 3 -19332 23382838
2 3 19667 25576930
2 9 6960 -49803600
3 4 23250
2 8 -19835 -29054916
2 2 29364 35688288
2 7 -12531 -23214937
2 9 259 -36027482
3 1 -27024
2 6 -14185 36952622
3 5 -13949
2 0 26066 -41067670
2 7 9307 -31451700
2 2 29367 22569605
2 7 8445 -3021830
2 6 -14182 -22269746
3 1 -27034
3 6 -14184
2 5 -13947 42919611
3 5 -13956
2 6 -14182 31552623
2 0 26058 39892113
3 8 -21011
2 4 23187 -15799099
3 3 -27549
2 3 -19323 -13101179
2 6 -14189 -33640800
2 5 16495 34734724
2 4 -21407 -28628488
3 1 -26977
2 0 26056 -44513565
3 7 6466
2 2 29372 -47480062
3 8 -20958
3 3 -19322
2 1 -27034 -4591580
2 8 -20976 -22238304
2 0 -5375 -33883293
2 2 29388 -23550414
2 1 24304 -28907297
3 1 -26994
3 0 26063
2 9 -32756 -41920219
3 0 26038
2 1 -26970 -29611554
3 8 -20978
2 6 29415 -9427146
2 2 29420 -3574400
2 0 26032 -4142778
2 2 -27827 12903415
3 7 -13331
2 8 -4951 22524875
3 6 -16317
2 8 -20965 -42833722
3 5 15431
3 0 -17911
2 8 -20980 -8080440
2 9 6983 -40896371
3 2 4460
2 9 -18019 -38110850
2 5 -31605 -40475786
3 4 23177
3 3 -19323
3 3 -9948
2 9 6955 45848376
2 4 23185 11592152
2 2 -31137 7814790
2 5 -23639 -40212067
3 3 -19331
2 2 29409 -23509246
3 4 20417
2 8 27809 -34790560
3 0 26063
2 7 -18509 -3338082
2 4 -9127 7694564
2 4 23191 27063432
2 6 -14186 48081830
2 4 23233 20325160
3 9 -18445
2 3 -20901 -13247330
2 0 29308 8706620
2 9 6983 -11374078
3 1 32389
2 8 -20998 32844745
2 6 -14174 -41407680
2 3 -29484 3385206
2 4 -2251 -33501830
2 0 26060 -16448086
3 8 -20991
2 4 -14893 16101646
3 3 237
3 8 -20950
2 9 24539 -41824670
2 5 -14362 2589762
2 6 -14185 44791782
2 9 6956 -33685075
3 5 -15747
3 2 29361
3 7 -12534
3 0 26038
2 5 -13941 4267320
3 4 29090
2 3 -381 -40359792
3 8 -20997
1 0
3 4 -4833
2 7 -12518 30498240
3 0 29550
2 2 29372 -36174825
3 2 29370
2 1 -23389 45754794
2 0 23425 -35542130
2 0 -15539 48015844
2 0 -16453 -22671520
2 2 29389 48154654
2 1 -26960 -32402636
3 1 -26982
2 8 30960 -10458184
2 5 7421 -35651808
2 6 -959 -32106864
3 6 -14187
2 0 1217 48568304
3 8 -20980
2 7 17137 -11888070
2 6 -10303 -41413824
2 4 23216 -38703835
2 3 -19322 -3987538
2 8 -20962 42362807
3 7 -6719
1 7
2 8 -20971 13791554
3 2 29392
3 7 -12517
2 1 25173 42405161
3 9 -2581
2 6 -14183 18432064
2 7 -12530 31374046
2 3 -19337 23660928
2 4 -28921 37025176
2 7 -19150 12229526
2 3 -19337 -18832480
3 2 29436
2 2 26703 -40138548
3 3 -19314
3 0 17917
2 9 -26949 9320552
2 9 21954 -19794240
3 0 -23411
3 9 6443
2 7 -12519 47773741
2 2 29423 -26603620
2 0 -26727 -31307107
3 6 -14174
2 7 -12524 -27712455
2 6 -14190 -30217216
3 0 26060
2 5 -30058 39009025
2 4 23224 -11774070
2 0 26025 -33049473
2 6 -14180 -45225023
3 3 -19311
2 4 17956 -21857095
2 9 -1033 -26606932
3 0 26038
1 8
3 4 23185
3 4 23223
2 3 -32175 267991
2 4 23193 473200
2 6 -2950 8434364
2 9 4065 -49125616
3 4 23200
2 9 6955 -32943490
2 2 29373 -30650100
2 2 29437 24599515
2 8 -11622 15700960
2 8 8693 24427288
2 7 -12522 2582271
2 9 -4072 -35307940
2 5 14705 -1343660
3 5 -24382
2 7 -12518 -40130724
3 9 22529
3 5 -11053
2 1 -2407 -24660071
2 2 29425 9342174
2 8 -20961 17403352
2 1 18787 2385638
3 3 14065
2 6 -13229 25982900
2 7 -12481 44350252
2 6 -25325 32651317
3 3 -19325
2 8 29482 39489280
3 7 -11021
2 1 9169 9579520
3 1 -27047
2 1 -31567 -6336801
3 0 26020
2 1 20065 -7313748
2 0 7871 36082828
2 0 -14673 44475256
2 9 6980 -49669864
2 2 29421 -21448495
2 9 27291 -27972332
3 7 -14999
2 8 -20978 21181240
2 7 -26655 -19210560
2 3 -19328 1619530
2 1 -27043 -24397442
3 0 20315
2 3 -4575 -42982336
1 5
3 4 23210
3 0 26071
3 9 6965
2 8 -20999 -43556756
3 9 6976
1 4
3 3 22647
2 8 -20993 19812194
2 9 6947 19545902
3 2 22369
2 5 16057 34414632
3 9 6955
3 7 5753
3 1 -27056
2 3 -19336 6803232
1 4
2 3 -15386 2512713
2 5 12995 509120
3 9 6969
2 3 30767 -13305540
3 8 19873
2 2 29429 39237905
2 5 18505 39288040
2 7 10687 -46743164
2 7 -23590 3380382
3 0 26047
3 2 29399
2 1 -26993 46717115
3 9 6944
2 4 -32410 -32376436
3 1 -26994
2 4 18073 -14778765
2 3 -19318 -36960368
2 8 26233 43042425
2 4 -29430 1828416
2 4 23189 23058601
3 8 -20958
2 4 23184 -33118160
2 9 6950 32776222
2 4 23213 12364412
3 8 -20964
2 7 -12534 19081204
2 3 15707 30778670
3 3 -19332
2 4 23211 28252880
2 2 29367 37115730
3 5 -13941
2 0 26017 29402000
2 2 -4799 30233000
3 2 29420
3 7 -12523
2 5 -13944 26872296
3 7 29953
2 3 -10265 -49445975
2 0 26042 24613688
2 3 -19329 -10537148
2 8 12557 -34403180
2 7 -12536 25884613
2 1 -26995 -13986500
2 0 26074 -38134944
1 2
3 0 26038
2 3 6346 -14133300
2 9 6978 -17397696
3 2 -9531
2 2 12488 -16500728
2 7 -28277 -2565440
3 3 7639
2 1 -27006 24127272
3 7 18497
3 8 -25237
2 9 31544 46591849
2 5 -15236 -22308096
2 7 -12521 44734277
3 7 -12525
2 8 4957 -38454541
2 0 26028 22567804
2 0 -24120 37624018
2 4 -30672 34189988
2 7 -12517 27911836
2 7 -8205 -37173312
2 2 29419 -27266961
3 9 2768
3 1 -27035
2 8 -20961 -13365851
3 1 -26960
2 7 -12530 42615082
2 7 -12537 -48742120
2 9 6979 -38889000
3 5 -13940
2 2 4859 29851757
3 2 29367
3 4 23218
2 4 23246 -28618844
2 6 -14190 -2539060
2 4 19742 26863062
3 0 -28893
2 2 5642 -31626290
2 0 16173 27267268
3 7 -12519
2 8 -20966 25280178
2 2 29404 -15145648
2 4 -15311 -36005803
2 2 29370 31128952
3 8 -20975
2 1 -31679 1122648
2 5 -13952 6994994
2 1 -27026 19343064
2 6 -14185 -28956535
2 5 -13951 12897504
2 1 24249 -38971908
2 3 -19333 18734560
3 4 23241
2 4 23217 -12518712
1 4
1 6
2 1 -27002 -15578200
3 8 -7695
3 9 -31343
3 6 -28362
2 0 10851 -9543472
2 6 -14991 9938960
2 3 -19328 21762572
2 2 9537 9399550
3 8 -20980
2 3 -28481 -17690360
2 2 14389 -39525128
2 9 -7361 24257655
2 2 29433 -9898260
2 7 -12521 12242026
3 8 -20981
2 5 32150 43324088
3 8 -28612
2 8 26561 19635360
2 1 -27023 -37369844
3 7 -12520
2 6 -14191 -28308696
2 8 -20963 -36347816
2 9 22834 -47734996
3 8 -24721
3 2 5977
2 1 -27032 -3173010
3 1 -27026
3 4 -1255
2 0 -18414 41300420
2 4 26325 -4473872
3 5 20889
3 5 -7191
2 6 -25763 -31460589
2 4 23214 2643772
3 8 27078
2 9 493 4257428
2 4 23195 -46968838
3 7 -12577
2 9 6971 21773732
2 4 -21486 -42086070
3 6 -14186
3 1 -11327
3 6 -18843
2 4 23246 43180520
3 7 -12523
3 5 -7201
2 1 -26977 -30013675
3 4 -24539
1 0
2 9 16664 -49311504
2 9 -4623 26678846
2 6 -14180 23615960
2 9 18913 -41769768
3 1 -26961
3 6 -14174
2 4 -28428 -4475168
3 2 -18523
3 6 -14187
2 0 26056 -27425180
2 1 -27031 31849781
2 0 -26812 45966990
2 6 -14181 -27263921
2 0 26025 16193978
1 0
3 1 1672
2 0 -16255 33306000
3 0 8481
2 2 29390 -35173513
3 2 8819
2 3 8711 -47597750
2 1 3283 35968094
3 2 29413
2 3 31045 37247825
2 5 -26722 -13353413
2 3 23053 11647815
2 3 -30841 -14064214
3 5 -13938
3 1 -10610
2 1 -26959 -22314125
3 4 23232
3 1 17449
1 7
2 6 -30671 13638742
2 6 1712 34261478
3 3 -26617
2 7 9100 -6295696
2 3 -19322 -2182843
2 0 26044 -622256
2 3 -20594 -49567420
3 1 -27010
2 5 -13940 -17850390
3 2 -25071
3 1 3542
3 0 -28699
2 8 -20994 -12221667
2 4 15458 -43549336
3 2 29436
2 0 13978 5537865
2 4 23245 -14844096
2 7 23470 27065060
3 6 -20301
2 8 -21006 -7026790
3 6 -14174
2 2 29362 17105772
2 7 -12520 23547192
2 6 -14185 -30498328
2 7 -12533 -45163949
2 8 -31407 -49489848
3 7 23413
3 8 -426
3 1 -27032
3 3 -19329
2 3 -19329 -38827154
3 9 6976
2 9 6960 9949944
3 8 -20994
3 5 -13951
2 5 6977 -31732287
2 1 4955 -8684024
3 4 23207
3 7 -12524
2 3 -19334 -40458650
3 6 -14179
2 1 -26974 20170922
3 8 -4703
2 6 -14175 -42206650
2 7 -14779 1929972
2 8 -21005 44370382
3 2 27192
2 1 19413 21151087
2 1 -27047 -43121520
3 4 23210
3 0 26038
2 0 -17017 -31579108
2 1 -26973 15389051
2 1 -27067 12422649
2 4 23139 -19834920
2 8 -26943 -35252656
2 3 22175 -40678150
2 6 -14174 -11066318
2 1 1803 3470368
2 4 31376 -45342533
2 8 -20974 -41008884
2 1 -26990 -2571125
2 5 -17932 42929912
3 5 -13945
2 4 23252 -29293868
2 9 6967 -38854665
2 4 23198 47180296
2 0 26028 34500190
2 0 26042 -25127138
2 3 -7007 14413756
2 5 -23853 37745607
3 2 29372
2 3 27249 31503205
2 9 6951 20767664
2 1 -27031 -20049647
2 2 21383 8507175
3 2 -30811
2 5 -13939 -40653280
2 0 26033 -41403812
3 7 -7175
2 2 -11225 -30884000
2 4 4217 -42912940
2 7 23139 -16079168
3 3 -19329
2 7 29332 -33954000
3 6 -14186
2 0 7077 42478436
3 5 -13940
3 6 19865
2 6 -14182 43410730
1 1
3 9 -13027
2 9 6973 -47395678
2 0 4003 7346510
2 9 -1967 -19207315
3 6 -13369
2 6 -14179 47376298
3 2 -16639
3 5 -28784
2 3 -4749 29132033
3 1 -31775
1 5
1 6
2 9 -11038 8993470
2 8 -20984 -35300891
2 9 6948 -35585216
3 9 31873
3 6 -14180
3 1 -24926
2 4 23256 -20112504
2 4 22843 13265100
2 9 18581 13964524
2 0 16358 12073870
2 1 -27033 -46541246
3 4 23213
2 1 -26972 -5476040
2 8 -20973 43011294
2 3 -19323 1946500
2 4 23201 -39780149
2 9 -19087 10996200
2 0 -30986 -17055308
2 6 -14179 -41050670
2 6 -29669 -49334555
3 5 23805
2 8 -29486 -32729530
3 3 -19316
2 0 683 7932400
2 6 3097 7475325
3 9 -20457
2 8 -20989 -37336547
3 2 29372
2 9 6974 21954484
2 1 -27028 16273936
2 3 4961 -34473802
3 3 -8944
2 3 -19323 -23942568
3 3 23929
3 7 -12526
2 7 -4674 7247936
3 1 -21749
2 8 6117 15607296
2 3 -19316 34167481
2 8 -20983 -42491320
2 2 29425 10850605
2 1 -27003 24777778
2 6 -28724 34477232
2 1 -27001 14963904
3 9 6983
2 1 -26998 -1039400
3 4 -13157
3 2 -20411
3 2 29433
2 5 15873 -23136240
2 9 21837 33631958
3 8 7161
2 7 -12517 44508750
2 2 29402 -15356928
3 6 -14186
3 3 -27907
2 0 81 -23534120
3 9 23351
2 2 29368 41944368
2 5 4409 -31937408
3 0 29951
3 0 26038
2 0 26017 -41511950
3 5 -13940
2 9 6971 -34574324
3 2 -18894
2 6 -14193 36637667
2 9 5177 45690015
2 6 -14183 -11238285
3 4 25745
3 6 -30240
3 8 -21014
2 1 -11103 -41756582
2 4 -16551 40810248
3 1 -27033
3 0 26071
3 0 26933
1 3
3 2 20529
2 8 29787 -30554300
2 5 -13951 39440242
2 4 23241 -24139200
3 6 20697
2 5 -24875 -49842344
2 6 -14186 -24604312
3 7 -12815
2 1 -27036 -41585250
2 6 -14173 26923036
3 1 9957
2 2 29387 -28956125
3 4 -18195
2 5 18202 -22891891
3 6 21085
2 7 23299 23012520
2 0 24593 -17855970
3 4 30669
3 6 -5135
3 1 -27021
3 9 6962
3 6 24112
2 4 23181 -34981606
3 5 -13944
2 6 -11391 -14943176
2 5 17065 -23212688
3 0 5859
2 5 -8739 -22972433
2 8 -20976 -2107200
2 4 18897 -16460520
2 5 -13946 -18418668
2 6 -14177 39821375
3 3 -19337
2 7 -26759 -44081606
3 2 30177
3 3 20087
2 9 3945 -29380968
3 8 -20983
3 3 21409
3 6 14990
3 0 26027
2 3 -23634 -46082125
3 2 29420
3 3 -19311
3 5 -13951
2 9 6982 -44317535
2 3 -5504 -10122420
3 9 6962
3 4 -14683
3 7 19134
2 3 -25703 25227904
2 5 31121 -31412744
2 0 15033 21272604
2 3 -19336 9584540
2 5 -14231 126496
2 3 -19332 5528844
3 8 -21011
3 4 23191
3 9 -5936
2 2 -12986 13241088
2 5 -13958 31776360
2 0 28924 -41218362
3 6 -21431
3 0 26056
3 3 -19322
2 1 -23733 -11669247
3 1 -27038
2 1 -27012 -38939762
3 8 -20973
2 0 -3280 16859930
3 0 26024
2 6 -14179 20176608
3 4 23201
2 6 -14174 22121077
2 0 -8638 -42043505
2 4 23213 -9501266
3 9 6945
3 1 26267
2 0 26060 -12844680
2 0 26019 -1768208
3 1 2241
2 5 29651 -32597932
2 8 19985 -29356602
3 2 29395
3 6 12001
2 7 -12965 -22877532
2 2 -7637 -13807284
2 8 -20978 35384600
2 8 -21013 17218250
2 3 26549 40076448
3 6 13833
3 0 26041
3 8 -9255
2 6 -14178 -5677935
2 5 -13941 -19779547
2 6 13409 -7653329
3 8 -11013
2 8 -20950 -40847802
2 1 1049 -19046270
2 9 6955 40740825
2 5 31110 -35932973
3 6 -14182
2 2 29645 -44680208
2 9 6968 -2906936
3 7 -12528
2 2 29430 5781847
2 6 -14191 -27535174
2 8 -26020 28115305
1 4
2 9 -1405 25604380
2 2 28981 -36964875
3 4 23236
2 6 -30577 1444590
3 1 -26970
3 6 -14173
2 3 -26751 41490136
3 1 -20614
2 6 -14180 -46942988
2 4 -24394 -9131172
2 6 -5983 -7008634
2 2 -17491 -35206800
2 1 -3411 27917024
2 7 17148 -15842496
2 6 -7900 6701088
2 2 4556 -46069680
3 2 29367
2 5 -7889 -12021875
3 0 -28255
2 5 -20955 -1907220
3 9 6944
2 5 -13950 -42251926
2 3 -11625 -38160986
2 6 -20311 22503824
2 8 -12082 -46772711
2 9 6955 -18693802
2 4 23253 -21073224
3 2 29372
2 9 6953 28381764
2 6 -24700 -41715030
2 0 26043 40398600
2 6 -14174 -25348596
2 0 -8818 40758675
2 0 15497 -49838066
2 7 27766 1648728
3 2 29365
3 9 6979
2 7 -12534 6891020
2 5 -22108 8267944
2 5 24565 47554898
2 1 -8667 -19948200
3 1 -26988
2 2 -24918 6895656
2 7 -25963 -13876950
2 8 -21010 19959604
2 2 19594 -22129394
3 5 -13936
3 7 -12529
3 6 -14180
3 9 -24988
2 8 -20969 46731920
3 3 -19319
2 2 -11465 19742386
3 4 23218
2 9 3276 23908817
3 1 -26972
2 8 -24629 -38688571
2 2 29393 24438364
3 0 8454
2 8 15809 39244760
3 9 -9354
2 2 29431 -27490016
2 4 8077 44131680
2 3 -19314 33938648
3 3 -32461
2 4 14315 -16615618
2 4 23203 -29034821
3 9 6959
1 0
2 2 21710 6665280
2 9 6975 8283648
3 3 -6606
2 0 -4315 -9903649
2 1 -27007 13030545
2 2 24465 27313602
3 6 17069
3 3 -19332
2 8 -20958 13994622
3 3 26253
3 4 -13157
2 4 -4793 42107020
3 6 -4896
2 0 26061 -4991577
2 6 16397 -13874982
2 0 26041 -20830250
2 6 -28581 -17240702
2 2 29393 21193320
2 6 25596 -24911410
3 0 30317
3 3 -19318
3 2 29433
3 8 9426
2 3 -17857 -45844700
3 4 1844
1 9
2 5 -13939 -31925096
2 7 -12537 24207400
3 1 -23159
2 4 -25132 28200975
2 0 26065 -22819955
3 6 -9999
3 9 6975
3 9 6948
2 8 17193 -42412160
2 5 17320 21511236
2 0 26037 -2703360
2 8 -20997 -27598437
3 1 -19575
3 1 -27024
2 7 -12529 -19208400
3 1 5256
2 8 -20952 4326781
3 2 29430
3 0 20245
3 1 -6771
2 4 -29167 -48721982
2 9 7013 48968752
2 5 25181 -41877864
2 8 -17527 -42808750
3 2 29364
2 7 113 49789840
2 4 23224 36934016
2 8 12791 41950360
2 7 18203 16992148
2 7 -14720 46316516
2 0 26067 1133410
2 7 -21692 -9184864
2 9 6952 -48688256
2 1 -27052 -25820647
2 5 -13951 -4053622
2 2 -12047 -49394471
2 1 -27064 39592448
2 8 -14427 23186062
3 5 -13940
2 6 19968 48866062
3 1 -27007
2 7 -12519 -38951072
2 3 -19334 -13309100
3 1 -8121
2 6 -14178 18449930
2 2 29405 17204896
2 7 427 -10209258
2 1 -20159 -40169320
2 1 24821 -29206224
3 2 29402
2 6 -3331 -21317300
2 9 6953 27205944
2 0 26023 8157168
2 6 8001 -49661801
3 3 -19329
2 9 4561 -40042874
2 3 -19334 27105520
2 1 -21631 -2487147
2 6 -14191 6372340
2 7 -12530 -32064032
3 6 23431
2 1 -15716 -1331610
2 0 -30919 -26121168
2 2 29429 -40288706
2 6 -14186 -14952868
2 2 29395 4342426
3 7 -12533
2 9 6975 -46643012
2 7 -12537 32168435
1 1
3 5 -13943
2 3 5254 -24872136
3 2 9071
3 0 18980
2 3 -32403 -42491730
3 7 -12522
1 1
3 8 -30243
2 0 26073 -26779213
2 8 -32535 -41896848
3 8 -20993
2 3 8075 42340990
1 7
3 8 -20981
2 6 -14174 -9562845
2 6 -14188 -30889220
2 3 -19331 27661327
2 5 9283 -42310034
2 1 -9361 -17069394
3 1 -27051
3 7 -12533
2 1 -26977 11384930
2 6 -14187 -2282435
3 6 -14193
3 2 29406
2 3 -633 -5252232
2 9 6980 19258160
2 6 10768 49948383
3 2 6505
2 4 23235 -45793412
3 6 -8697
3 9 6944
3 9 6952
2 1 -19727 -25633100
2 2 29376 9843512
2 8 -29016 21537904
2 6 -5091 -49685753
1 7
2 3 -19316 18502822
3 0 3312
2 2 29397 48962523
3 1 -29667
2 7 -11355 -16432666
2 3 -19321 -33793744
2 3 -19325 -38927960
3 1 -26992
3 6 -14181
2 4 -23103 40799532
3 0 -23041
3 3 -19325
1 7
3 9 22951
2 9 6973 49982602
3 4 23207
2 4 20731 -35711330
3 4 11240
2 5 -13953 -42495652
3 5 -13955
2 1 -10678 38540314
2 4 23218 27955744
3 2 32756
2 3 -19333 11604000
2 5 -13952 -42120315
3 4 4930
2 1 7087 1828268
3 0 26044
2 4 29985 -22685003
2 4 23230 -29414562
2 8 23912 38099902
2 3 -19330 6779608
1 9
2 1 -27004 -5178240
2 1 -23398 -4301000
2 1 -26993 -40559644
3 8 21617
3 3 -19337
2 0 26063 -162650
2 6 -14191 -32652073
3 7 -12537
2 7 17916 -45844090
3 3 -19326
3 0 26045
2 2 29366 15057931
2 9 6970 -6198400
2 7 -12519 -15729795
2 3 22313 -12461112
3 9 3095
3 7 -12520
2 1 20523 -49454056
2 1 -11219 18393725
2 2 29365 17471392
2 4 -17295 10583958
2 9 6968 -35752
3 2 29385
2 9 6949 -35861930
3 8 -21498
2 1 13085 -46681072
3 4 10282
1 2
2 1 -27040 40505178
2 5 -13936 15575368
2 3 -19321 -36471974
2 9 6972 -9304572
3 9 6960
2 2 -23201 41688560
2 5 -1222 -24557514
3 6 -14184
3 2 -6997
3 9 6967
2 8 -12615 -31450975
2 2 29424 45176249
3 8 -20991
2 0 26037 -23266536
2 6 -14175 -14017540
2 7 -12526 6659386
3 4 23189
2 0 26068 -214397
3 1 -26974
2 9 -12425 42814727
2 8 32694 42007512
2 6 7259 -4735404
1 9
3 4 23185
3 9 11999
2 2 8039 -34618900
2 8 12585 40785815
2 1 -26759 48426349
2 1 -27009 -2613328
2 9 -3703 33982816
3 8 -20997
2 5 -13946 13210018
2 4 23245 -34602728
3 1 -14159
2 8 11654 -20202660
2 1 -27010 -28916410
2 7 -12520 9630578
2 9 17185 35754408
2 7 -12528 -30060832
3 3 -19329
2 8 -20968 -7766926
2 2 30722 -45600496
2 9 6965 -16236834
2 3 -19324 43582707
3 3 -26051
3 7 -12523
1 4
3 8 -20980
2 2 29389 -2710220
2 6 -14175 -29216730
3 3 -31079
2 4 27361 11446840
2 7 -3071 49620578
2 9 6964 21430546
3 0 26061
3 4 23177
2 8 -21005 -33681169
2 2 -9247 18309873
2 2 29384 -12132866
2 6 -14183 -35980468
2 4 23227 -5056488
1 7
3 3 26741
3 0 10370
2 2 29385 -38680565
2 2 29389 -40703600
3 5 -13941
2 6 -14182 17105444
2 2 -843 -49091690
2 0 -20917 32727630
1 2
3 5 16769
2 9 27537 27912971
1 5
2 0 26016 -29411315
3 9 6978
2 2 29419 -24226422
2 6 -14181 -49638937
2 6 24055 31556595
3 0 26044
3 2 3785
3 6 12839
3 9 -7335
2 2 -363 35771780
3 6 -14186
3 6 4971
2 4 22133 39618682
2 6 -14174 -48462534
3 7 -19711
3 7 -25003
2 4 -28035 24284137
3 5 -13955
2 8 -20955 -8375924
3 2 29366
2 3 23002 41239170
3 9 6978
3 5 -13944
3 4 23236
2 8 -21014 -14221452
