3
1
-45550 -45001
2000
2 0 -45348 11557000
2 0 -18176 -25084470
2 0 -45023 34393815
3 0 103380
2 0 451598 -23013040
2 0 -54570 19871788
2 0 -45524 4700828
3 0 265308
2 0 -328392 -45011399
2 0 447884 32115280
2 0 -201696 49946624
3 0 -45023
3 0 -45524
3 0 497759
3 0 -45348
3 0 -45023
2 0 -236296 10416144
2 0 -45057 10914600
2 0 -451749 -1519360
2 0 -45164 -31988912
3 0 -363380
2 0 162154 19652070
2 0 10062 11160222
2 0 -45416 -18328741
2 0 -352726 14459134
2 0 -45106 27200000
3 0 -45106
1 0
3 0 -45524
2 0 -45150 45886888
3 0 -45023
2 0 -443026 17118362
2 0 244663 -42117440
3 0 -45348
3 0 505316
2 0 -45106 -44638110
2 0 114779 -15702991
2 0 -45324 -39528336
2 0 -45359 -35047019
1 0
3 0 -45164
2 0 100086 45857595
2 0 118174 7869213
1 0
2 0 20268 -38257350
2 0 -120348 -10777242
3 0 -45524
2 0 270917 -16714561
3 0 512748
1 0
2 0 -45044 -47537040
2 0 -45108 -15683700
3 0 -45108
3 0 -45044
3 0 -246204
3 0 -45023
3 0 -45164
2 0 -45041 -2342544
2 0 -5538 -8321370
2 0 228267 -33746400
3 0 -93058
2 0 -92210 29665530
1 0
1 0
2 0 -176995 7368896
3 0 -45359
2 0 364177 -18033300
2 0 -45454 17813120
2 0 -45044 -3917690
2 0 -45131 4292172
2 0 -479964 41874496
2 0 -45119 -11599296
3 0 -45416
2 0 92152 -18650180
2 0 -45028 4313168
2 0 167616 15195477
2 0 -34856 7889520
3 0 120908
3 0 -45044
3 0 -435516
2 0 -45325 -39932721
2 0 -45008 -40229158
3 0 -45131
2 0 -17416 -12213126
2 0 -45504 -40816569
3 0 -214260
2 0 487672 4211200
3 0 -45008
2 0 -45250 -23359948
3 0 -45250
3 0 -45131
3 0 -45416
2 0 2613 -16405348
3 0 -336088
1 0
2 0 -257196 -3014761
2 0 272784 7684041
3 0 -45108
3 0 59408
2 0 -45428 -46611617
2 0 -62434 -4073756
2 0 387494 -47489820
2 0 -45358 -28361624
3 0 475241
2 0 -45482 -38514890
2 0 -45512 -49907419
3 0 -45428
3 0 -513246
2 0 185747 1312480
2 0 60448 36264225
2 0 476566 27453510
2 0 -45286 28572400
2 0 394265 -42742589
3 0 -478401
3 0 -45108
2 0 -485736 4444730
1 0
2 0 -45194 26177764
2 0 107357 19972448
2 0 -45310 49395984
2 0 336390 45670200
2 0 -45479 14939000
2 0 -45545 -33359750
3 0 -45108
2 0 479626 -16417920
2 0 -55040 -31880724
3 0 -463174
3 0 -45131
3 0 -45810
3 0 -45044
2 0 211504 35819434
2 0 200260 -21409466
2 0 -241044 -21868689
2 0 -475376 -39126616
3 0 -45416
2 0 -45434 15014372
2 0 -309216 47339840
3 0 91789
3 0 -45194
3 0 -45023
2 0 77052 26377610
1 0
3 0 -517516
2 0 74536 -25868839
2 0 386398 12400272
3 0 -45023
1 0
2 0 -45463 -29222349
2 0 -283456 24057223
3 0 -53120
3 0 -45286
2 0 13935 -42136880
2 0 190881 44715960
2 0 449674 -12210000
3 0 -45348
2 0 38498 -9990698
1 0
2 0 -45007 -37690860
3 0 -21728
2 0 -45506 -7983196
2 0 282688 25770774
2 0 -45144 -11397500
2 0 -45151 44485152
3 0 -329246
2 0 -330508 -41697920
2 0 -45302 -2946572
3 0 -45454
1 0
3 0 -45325
2 0 -45254 44150843
3 0 6487
2 0 -45466 -49217708
2 0 291804 5693478
3 0 -45194
2 0 176188 24242215
2 0 -45422 45563152
2 0 -45326 -6305085
3 0 475771
2 0 371676 -45940868
3 0 -214583
3 0 -45482
3 0 -45434
3 0 -45164
2 0 -197468 33797805
2 0 -45207 38249508
2 0 -45439 2821792
2 0 -45244 33358066
2 0 409432 -49814799
2 0 -45208 17363369
3 0 344168
2 0 -505484 -21378768
3 0 -45466
2 0 -45379 16206545
2 0 -45018 -33994391
2 0 -45161 -2251539
2 0 -45354 -47965843
3 0 -45504
2 0 -45025 -43035172
2 0 -45392 4906058
3 0 -45348
2 0 -45008 -2040500
2 0 197888 22277865
3 0 -45041
2 0 -45481 15761706
2 0 -440406 -17345800
2 0 -45123 -8238418
3 0 -248764
3 0 -62261
2 0 -45299 -2072685
2 0 -45248 31719952
3 0 98304
3 0 -45028
2 0 309192 -40992900
2 0 -45335 46925920
2 0 -45381 -45773320
2 0 280672 -6085995
3 0 27560
2 0 -45334 40387540
2 0 507487 -41962950
2 0 -45070 -37891224
2 0 506070 -37719500
2 0 -45317 25498088
2 0 238976 -42149121
2 0 -45519 41608327
3 0 -45286
2 0 -45538 25913180
3 0 -45538
1 0
2 0 -470904 -19828424
3 0 -45161
2 0 -18590 18581620
2 0 -45040 -42929400
2 0 229987 -35797632
2 0 -45157 -12695936
2 0 -45511 -26463995
2 0 -45476 18324143
2 0 -497265 -2992372
2 0 -45050 -47595631
2 0 -45533 -45796616
3 0 496872
2 0 -399584 33927258
2 0 83596 49588272
3 0 -377600
2 0 58126 -18666007
2 0 -45112 -32136649
2 0 373901 -1786504
2 0 -45388 39234089
2 0 -383992 -47283284
2 0 -86331 -18018694
2 0 -496412 -12372696
2 0 -172941 -49232023
2 0 -45453 31665368
2 0 -454728 33323448
3 0 -45334
2 0 -45499 9607910
2 0 -45221 -14225263
2 0 -420605 -47027616
2 0 174314 -42086237
3 0 377576
3 0 -45028
2 0 -221092 -30523689
3 0 -45388
2 0 -45299 -19667534
3 0 507444
3 0 -45524
2 0 -45397 -22063950
2 0 -124000 -18342048
2 0 -45026 -37155327
2 0 98789 16856023
1 0
3 0 -332864
3 0 -45334
3 0 -45481
2 0 454328 -280306
3 0 -297256
2 0 -17416 25073032
2 0 -45158 -44741068
2 0 -45329 40424160
3 0 222814
2 0 480168 -43047760
2 0 -45316 44831044
2 0 -45333 -28479815
2 0 176528 -33319875
2 0 -45190 -40579139
2 0 -45231 -34054840
2 0 514304 -3725870
2 0 -154974 -10183500
2 0 275106 40497728
3 0 -474380
2 0 -234464 -24974301
2 0 -78788 2642948
2 0 -45429 -10978720
2 0 -287024 -46621302
3 0 -60486
2 0 358784 23512080
2 0 -45225 -30945434
3 0 -212216
2 0 268101 -20354224
2 0 -45087 1054305
3 0 -45316
3 0 -45379
2 0 -45381 24173617
2 0 -242438 29944840
2 0 -368036 12324534
2 0 46950 -6906850
3 0 -45335
1 0
3 0 -45439
2 0 274032 14280752
2 0 -45080 -34800146
2 0 -324685 7621520
2 0 -45253 45707420
3 0 -45221
2 0 -45045 -10687808
2 0 -45089 -29227920
3 0 -45439
2 0 311880 44200240
3 0 99948
2 0 263241 -22088080
2 0 -121126 -15039400
3 0 355040
2 0 -15084 12935441
2 0 -45200 -48802986
3 0 -45244
2 0 -45270 -2119546
3 0 -45463
2 0 -45240 -20108908
2 0 -45527 -26555328
2 0 -45073 17084649
2 0 109586 -7622726
2 0 -166200 -46160652
3 0 -45040
2 0 -45410 -34939299
3 0 352157
2 0 -346413 43531145
2 0 -45498 -1587509
3 0 -240967
2 0 -45419 -12113466
3 0 -45358
3 0 -99891
2 0 -45549 46552849
3 0 -45392
2 0 491363 29425910
2 0 261329 -23520232
2 0 -45470 -42596135
2 0 -45453 -22919900
2 0 -45520 -26008516
2 0 -453176 -11371560
2 0 -283266 -47308828
2 0 -45424 -8003760
3 0 -235432
2 0 376852 -8424426
2 0 -45218 22645884
3 0 -45240
3 0 -45106
2 0 38698 16130680
2 0 -45304 -48134994
2 0 -45201 -38226320
3 0 -45244
3 0 -95609
1 0
3 0 -45073
2 0 -45082 -44188504
2 0 -45378 18159918
2 0 8062 15373780
2 0 -401208 35726692
3 0 -35464
3 0 -45028
3 0 -45463
3 0 -57504
3 0 -134200
3 0 -45476
2 0 -42946 -641000
2 0 478476 -19141250
1 0
2 0 -45450 -19481000
2 0 -354802 6596706
2 0 -45240 -39008648
2 0 -45534 18339184
3 0 52536
2 0 44730 -4032884
1 0
3 0 -338047
2 0 278400 42658524
3 0 288252
2 0 -315116 24600064
3 0 -45410
1 0
2 0 -45333 -42932488
3 0 463678
3 0 -490406
2 0 -45056 -34055000
2 0 -321497 -44300461
2 0 -45213 22575206
2 0 -45500 -23363312
2 0 -45457 41285839
3 0 -45213
3 0 -45056
2 0 -45525 -42703456
2 0 -45269 -15262640
2 0 389936 31225240
2 0 -45529 5299621
3 0 -247762
3 0 -320646
2 0 -45027 -12220434
3 0 -198254
3 0 -346368
3 0 -45045
3 0 -45379
2 0 -45496 45983520
2 0 -45196 -73508
3 0 -45334
2 0 -45319 -49496222
2 0 -70444 -49364484
2 0 -188822 -27193120
2 0 -45506 -36193100
2 0 -45188 -42033852
2 0 -45127 13442140
2 0 -484986 -1703653
3 0 -45027
2 0 -45042 -31077222
3 0 -45213
3 0 -45106
2 0 134940 -44688040
2 0 402944 -9423772
3 0 -45397
2 0 222336 -32083011
3 0 -398271
2 0 -45529 -31024946
2 0 -7515 12260240
3 0 -45270
2 0 -45373 -7940781
3 0 -45056
2 0 -45094 -38065440
3 0 81648
2 0 -45074 -16857510
2 0 82932 -320500
2 0 -45261 -21112988
2 0 -67886 45265832
3 0 -45023
3 0 357258
2 0 -45161 32987494
2 0 460341 -31900754
2 0 -45419 -33074062
2 0 -45294 4466072
2 0 -45545 49449175
2 0 -45283 -49708422
3 0 513750
3 0 -1548
3 0 -45253
2 0 -454869 -15238864
2 0 347190 12344170
2 0 -45076 -27816950
2 0 160704 41563150
2 0 -367664 40167870
2 0 -45159 -11937500
3 0 -45151
2 0 -45513 38187285
3 0 -45354
3 0 -45159
2 0 142874 -28717662
3 0 248568
2 0 -304808 41860504
2 0 -45291 41625140
3 0 -45008
2 0 -84140 -19770685
3 0 -45410
2 0 -45117 -13666172
2 0 -45058 -32176380
2 0 -45046 -46597605
3 0 -468135
2 0 -45509 -36804528
2 0 -440928 43259407
2 0 -45439 47103631
2 0 -45500 18448322
2 0 -297712 24180190
2 0 458346 -34605410
2 0 -45204 37546195
2 0 -185298 35016207
3 0 -45253
2 0 -48885 -30347983
2 0 -45411 -34534000
2 0 -45477 19289712
2 0 -45471 -9291008
2 0 -49300 -41870484
2 0 -45241 -17161895
2 0 -76996 34033138
2 0 -478720 -42291142
2 0 -45157 -40362953
2 0 -45321 -49702450
3 0 -8440
2 0 -45196 48758236
2 0 -52480 -36629580
2 0 -45016 -31771712
3 0 -45419
3 0 -45007
2 0 -45293 19324765
3 0 -45131
2 0 -242102 -37775280
2 0 -45229 2467648
2 0 -45195 -15855812
2 0 185628 -46661922
2 0 -456678 28071190
3 0 -45310
3 0 -79044
2 0 -45443 -43210679
3 0 -45524
2 0 245549 2481037
2 0 -45004 13124388
2 0 -65087 -5250540
2 0 -45449 -16782678
3 0 -45291
3 0 -298362
2 0 -45469 -47937429
2 0 445820 -5580187
2 0 -45071 -32957200
3 0 -45354
2 0 -154554 16844490
2 0 -74601 34049514
2 0 -45061 -39878240
2 0 -179798 -10731388
3 0 -45040
3 0 -489012
3 0 -225805
2 0 103060 13865907
2 0 -428992 37157250
3 0 -29368
3 0 -45026
2 0 -45241 11373709
2 0 -408298 24814104
2 0 60380 -44141540
2 0 -45193 45524676
2 0 -45306 -26016915
2 0 20184 -48237525
2 0 -262656 42128020
2 0 216683 -28006376
2 0 -435592 36395922
2 0 -45175 -36789680
3 0 -45469
3 0 -45190
2 0 -45449 -5540079
2 0 -45052 -14217448
3 0 -234480
2 0 -45109 14217958
2 0 321986 -42803140
2 0 -158716 -13916480
3 0 58190
3 0 -45450
3 0 -205402
2 0 -45285 17631990
2 0 -45293 -5054758
2 0 -45176 -23743839
3 0 -128721
2 0 -417030 46183090
2 0 -271088 -28689150
2 0 101430 -15835405
2 0 -258686 -3640324
3 0 -100928
3 0 -45159
3 0 -197330
2 0 9227 -32769672
3 0 -45023
2 0 -45348 -27823068
2 0 317385 -28854238
2 0 332849 -46000902
2 0 -45441 -45389350
1 0
3 0 -45052
2 0 132498 -17508329
2 0 -45041 -23404706
3 0 -45028
3 0 -130899
2 0 -94608 33424924
3 0 270556
3 0 -482407
2 0 -45188 15928840
2 0 -45264 574740
3 0 205703
3 0 -45221
2 0 -31384 14566824
3 0 76276
2 0 -76120 -6723204
3 0 24008
3 0 -45270
2 0 -45172 43645033
2 0 -417085 -49959424
3 0 -45087
3 0 -45144
2 0 -45094 27894120
2 0 -223392 -39259046
2 0 -45084 28796224
2 0 -470079 -30555784
3 0 -45310
2 0 368864 27537200
3 0 -45172
2 0 -45545 5503473
3 0 -45325
3 0 -45070
2 0 -45188 31645243
2 0 -45312 -35624368
2 0 -425880 -14199984
3 0 -425360
2 0 -179142 -29487192
2 0 -6059 -6003320
2 0 -186443 -29666504
2 0 -307766 535957
2 0 -45027 -28877647
2 0 163186 21019800
3 0 -45496
2 0 -45337 -46385616
2 0 -45050 13287651
2 0 -96293 4507052
2 0 -469774 25268076
2 0 -227935 -10355462
3 0 -45419
1 0
3 0 270604
3 0 -45512
2 0 316526 49534056
2 0 -45384 19894686
2 0 -45127 21252214
2 0 433408 -47735500
3 0 33096
2 0 -45347 13643405
2 0 -45411 -35224136
3 0 -45176
2 0 -45243 -6424746
2 0 51302 28618875
3 0 -240562
2 0 278832 48802303
3 0 -180064
2 0 -45132 -26103388
3 0 -45457
2 0 -109952 -37789490
3 0 -45164
2 0 -45108 -6997006
2 0 -281534 36015841
2 0 5148 -17085375
3 0 -176293
2 0 -45073 -1489980
3 0 206591
1 0
2 0 -45443 8675200
2 0 -355624 -32143075
2 0 -45168 -44894828
3 0 -45190
3 0 -519552
2 0 -45301 12109911
3 0 473230
2 0 332290 -2979184
2 0 45942 36711993
2 0 -45386 42264285
2 0 -45040 -44565306
2 0 -45283 -26046291
2 0 439656 21029528
3 0 -178876
3 0 -130435
2 0 254776 11888000
3 0 196508
1 0
2 0 -45193 46447493
3 0 -45453
2 0 -45504 16289904
2 0 -45430 -15955376
2 0 -45497 -36901880
2 0 -45462 -27700416
3 0 -45312
3 0 -45520
2 0 188608 48525280
3 0 -45270
2 0 439058 23569833
2 0 -45232 -46375248
3 0 -45243
2 0 -45457 19592816
3 0 -45519
3 0 -45299
2 0 269214 16046957
2 0 174136 42092724
2 0 66563 36559351
2 0 -45138 -3034920
2 0 170733 -14366976
3 0 -136064
3 0 300881
3 0 -480808
3 0 -84744
2 0 -238482 -47088000
2 0 -45442 -28946990
2 0 -308701 -26125634
3 0 -45283
2 0 -215620 36984798
2 0 -45509 26263606
3 0 -45325
2 0 -45060 29408320
3 0 -237701
2 0 -45421 42047823
2 0 -334292 -37327904
2 0 -141429 -18752425
2 0 166665 37118330
2 0 -45086 -14641600
2 0 324428 20789310
3 0 413280
3 0 -45410
2 0 -45127 -25234816
2 0 -378792 2786880
2 0 -60541 -42175320
3 0 499414
2 0 -45352 11209405
3 0 -45463
3 0 -292839
2 0 -65664 20800092
2 0 442528 27198767
3 0 -45080
3 0 -45094
3 0 -325568
3 0 -45334
2 0 -45224 -27009254
3 0 -45201
3 0 -45070
2 0 -382905 29106116
2 0 -33398 16300672
2 0 -45227 45015942
2 0 -443640 9810537
2 0 136212 -12862130
2 0 -475304 38968740
2 0 -263711 -41164250
2 0 -45451 -3493380
2 0 74498 36558770
3 0 -204313
3 0 -45221
3 0 -45434
2 0 -505818 -31386663
3 0 -45168
3 0 -45159
2 0 -307215 30333926
2 0 -45159 -37924054
2 0 -225441 -28297987
2 0 441152 -22464300
2 0 -45298 44299656
3 0 -45074
3 0 -45498
3 0 -316773
2 0 -45162 48576534
2 0 -47940 -1833380
2 0 332742 -36601284
2 0 -45198 3945230
2 0 -45322 23339318
3 0 -45499
3 0 518759
2 0 -127224 14005885
2 0 -429282 -25862566
2 0 239092 5251312
2 0 -45079 48161060
2 0 -45400 -8043152
2 0 39112 3751528
3 0 377796
2 0 -73449 21188494
3 0 -62861
2 0 -493830 -9794176
2 0 -473366 -26794572
2 0 -45442 -41833533
2 0 -45542 28227063
2 0 -45230 -4782176
3 0 -82504
2 0 46404 -47158598
2 0 -45028 29577625
2 0 -45239 -22637888
3 0 -45476
2 0 96218 16867968
3 0 145004
2 0 -45216 7536500
2 0 -45334 -28740506
3 0 7152
3 0 -45534
2 0 -45292 42964112
2 0 -45520 -29642820
2 0 -45084 -28394414
2 0 -45469 -2395348
2 0 389871 -30068174
3 0 -298847
2 0 116248 3819485
2 0 -444663 -15300401
3 0 -45196
3 0 293796
2 0 -45287 -7531141
3 0 -103290
2 0 -45479 44598612
3 0 -84648
3 0 -45074
3 0 -345324
2 0 114209 8039686
3 0 -518136
2 0 -285361 -13078241
2 0 393068 9989528
2 0 420199 -5008870
2 0 127596 34742720
3 0 -94440
2 0 -45461 -37511720
2 0 -36675 -26281280
3 0 -45354
3 0 -342950
2 0 -69232 -16491638
3 0 -45071
2 0 -346746 17695975
2 0 -521180 35628608
2 0 -285848 37375665
2 0 -45148 -35130352
2 0 218568 -27003434
2 0 -427268 -7273206
2 0 -45443 -44756860
3 0 -45253
2 0 -45202 -14712800
2 0 -45366 -42436595
2 0 -45134 7716624
2 0 451818 25029233
2 0 -45319 -8308608
2 0 -45286 3176600
3 0 -45454
3 0 -135032
3 0 -129046
3 0 -271150
3 0 -45354
2 0 -45417 -34130202
2 0 -262448 -18818300
3 0 -45074
2 0 -45514 -46297440
2 0 366240 -44192495
3 0 -388506
2 0 -466457 12314177
2 0 -45060 -22808910
2 0 -33028 -950782
2 0 -120768 -29969792
2 0 428686 -275250
3 0 -45329
3 0 -45079
3 0 273438
2 0 -45382 79032
2 0 -45112 -29033018
2 0 -45512 10331459
2 0 7578 -25447704
3 0 -45354
3 0 -45334
2 0 -45111 -2143775
2 0 364932 36056933
3 0 -45471
3 0 -45175
3 0 386752
3 0 -202908
2 0 266688 24598260
2 0 -45337 -7248372
2 0 110496 -20522593
2 0 -45479 -43180645
2 0 -82568 -27946724
2 0 -45328 10553575
3 0 315570
2 0 -45188 13807946
3 0 -45240
1 0
2 0 -45474 -29286481
3 0 -45325
3 0 404182
2 0 322650 45195646
2 0 -45369 17730810
3 0 496988
3 0 -45042
2 0 41536 31036964
3 0 -45117
2 0 -45188 -4040785
2 0 153076 15544279
2 0 -45416 -48188300
2 0 472900 34927106
2 0 334274 -28541420
2 0 -45372 -14362953
3 0 -45359
2 0 -45230 -3806480
3 0 -45112
3 0 -200767
2 0 -45406 8111698
3 0 388348
2 0 -45543 -31038200
1 0
3 0 -45316
2 0 -32783 -135920
2 0 403897 13569705
2 0 438118 28780187
3 0 -8391
3 0 -45310
2 0 401188 36878453
3 0 500377
3 0 -45046
2 0 -45270 38201744
3 0 -45292
2 0 -45070 -24040378
3 0 -45023
2 0 323520 -10719840
2 0 -45440 -7077706
3 0 97988
2 0 -45484 -14464723
2 0 165189 -27372731
3 0 288549
2 0 -45464 -2514785
2 0 287647 7736492
2 0 -183752 -29005750
2 0 -189778 30230988
2 0 -335096 -15171706
2 0 -45498 19901342
3 0 -45542
2 0 -45193 -46838712
2 0 37498 -25832170
2 0 -45076 -4968152
2 0 -73752 -17312128
2 0 -45371 -8097150
3 0 -45471
2 0 -212778 33444145
2 0 208962 42091598
2 0 -45010 2302466
3 0 -45461
2 0 -45472 -26708297
2 0 31506 -35961409
2 0 -357682 3611242
3 0 -475998
2 0 -272344 47868250
3 0 -45264
3 0 -45384
2 0 -45128 4526510
2 0 145100 -40268616
2 0 421560 -44214500
3 0 -45509
3 0 -45512
2 0 -45072 18698497
2 0 -45301 -11314992
2 0 -45298 -49449434
2 0 135120 39854310
2 0 504792 -19744507
3 0 -45378
3 0 -45050
2 0 -45313 -13036120
3 0 -45229
2 0 -45497 -12892032
2 0 -467346 -38339844
2 0 -493465 48360754
2 0 -45085 28763657
3 0 -45225
2 0 -45193 5802916
1 0
2 0 44840 -42076220
2 0 462218 17186140
2 0 -241277 38303830
3 0 -45072
3 0 -147870
3 0 -45084
2 0 -378054 -49847480
2 0 -45467 -9257935
3 0 -45073
3 0 -45335
3 0 -45086
2 0 -45382 12495468
2 0 -45133 -36653312
2 0 -45102 1316095
2 0 -45137 -21518358
2 0 -59843 23745043
2 0 -286902 5091012
2 0 -463605 -45008408
2 0 -513405 -23811082
2 0 -45032 -2076308
2 0 -45540 70580
1 0
3 0 -45286
3 0 339197
2 0 -45112 12435810
2 0 137234 45432379
2 0 -168179 -3288866
2 0 -271894 -1478079
3 0 -45538
2 0 -45447 20315340
2 0 -38011 -27912512
2 0 -181812 -14616072
2 0 462353 39217294
2 0 -263984 -3746559
2 0 201514 38720144
2 0 431280 -10500060
2 0 -45306 46878692
2 0 -45066 7499888
3 0 -45482
2 0 -45173 -33001196
3 0 -117888
3 0 188166
2 0 -45536 -35937816
2 0 -1280 -33765944
2 0 133694 -37637270
2 0 -45479 10003006
3 0 266927
3 0 -435831
3 0 244811
2 0 458261 18063792
3 0 -45201
2 0 -45361 -19181660
3 0 -137357
3 0 -45392
2 0 -45165 33128848
2 0 -45063 -49604215
3 0 -474956
2 0 221256 -32443280
3 0 16167
2 0 -201024 -29513306
2 0 399240 -31208637
2 0 -45093 24465074
3 0 -45150
3 0 -427732
2 0 -45293 -35284445
2 0 300269 -11186095
3 0 -45044
2 0 -442382 22606142
3 0 -45040
2 0 -45399 -35342450
2 0 -511876 -28335455
3 0 -16036
3 0 386008
3 0 -91141
3 0 -187456
2 0 -407056 -44622898
2 0 -489952 36991016
2 0 -45276 2848551
2 0 -305903 -35099312
3 0 -411824
2 0 -45428 31685104
2 0 -468172 47836282
2 0 -45023 1099317
3 0 -523193
2 0 459766 42298152
2 0 -45529 38476192
2 0 -373760 3147364
3 0 -45334
2 0 -198296 10624166
3 0 -45076
2 0 304510 15917287
2 0 259493 -30625210
3 0 432359
3 0 -45175
2 0 -82296 -35144663
2 0 -45062 24481520
2 0 311121 -31540206
2 0 -500080 -102860
3 0 467840
2 0 78510 9101432
2 0 255744 -33200224
2 0 111094 29384036
2 0 -45296 25359334
2 0 104304 -13727738
2 0 -45080 -5629731
2 0 341432 41951538
3 0 -45302
2 0 79402 49365581
2 0 -8059 -46908286
2 0 -45526 -44916510
2 0 303000 9282047
3 0 -14646
2 0 -45190 -31868169
3 0 -382376
2 0 362955 -42672400
2 0 -45534 -15852341
2 0 -74048 -9222100
2 0 -45203 -8226135
2 0 -72567 -15116700
3 0 -45208
3 0 -45527
2 0 -45285 -36456538
2 0 -45006 -46297433
2 0 83504 -49086624
1 0
1 0
3 0 287172
2 0 -45031 46400157
3 0 119095
2 0 -369544 -11329062
2 0 -45090 -13303354
2 0 -45063 -13982324
2 0 -401205 7565220
3 0 -45032
3 0 -45337
2 0 -45047 -25376800
2 0 -23956 14427355
3 0 -45207
2 0 -45205 -43740325
2 0 -45516 -17607960
2 0 -45297 -24460900
2 0 -45161 44705027
2 0 337036 25471512
3 0 297776
2 0 -45101 -8959762
1 0
3 0 145117
2 0 -127744 -23218777
2 0 -45504 14115660
2 0 -45086 -7974137
2 0 -45414 49502198
2 0 36395 43986251
2 0 157510 -4416352
2 0 -512800 13213094
2 0 417 -3808588
3 0 -45479
2 0 -45430 2211150
2 0 -404563 7883550
2 0 -45112 -32150000
2 0 -94128 3732289
3 0 -45538
1 0
2 0 -45037 -9452918
3 0 21662
2 0 -515152 -29858062
3 0 419478
3 0 -503752
2 0 -45517 -26726700
3 0 -259152
3 0 -45253
2 0 -45171 -4466230
3 0 -45293
3 0 -45509
2 0 457242 18202570
2 0 -318065 24817189
3 0 -65611
2 0 -45539 -12474272
2 0 -45410 -23653992
2 0 -45402 43335136
3 0 342678
3 0 -45004
2 0 -45360 37694461
3 0 99028
3 0 -45138
2 0 -462306 -17059438
3 0 -45354
2 0 -434844 -30902028
2 0 153990 46503195
2 0 501600 16741443
2 0 -45224 -14552084
2 0 238320 33403900
2 0 -45258 -1109760
2 0 72568 13873625
3 0 -260773
2 0 -45539 9045162
1 0
2 0 -45062 17039177
2 0 -45425 -33007629
2 0 518164 -44539984
2 0 -331740 -25726448
3 0 -45062
2 0 -45315 -40594216
3 0 -45411
3 0 -45057
2 0 148126 24625840
3 0 -45348
3 0 -45132
2 0 -395153 -6650672
2 0 -45213 4814096
3 0 44685
3 0 460544
3 0 -45025
2 0 -45137 -34477246
2 0 167628 -15175392
3 0 167825
1 0
3 0 327431
3 0 -491620
1 0
3 0 -413308
2 0 -45326 43154000
1 0
3 0 -96866
2 0 -45269 -8888420
2 0 -463261 -49148000
2 0 -45031 -41021400
2 0 172470 10419024
2 0 -497603 -43442624
3 0 -45254
3 0 92564
3 0 434138
1 0
2 0 -45494 -4598710
3 0 -45360
3 0 -262561
3 0 -45080
2 0 -45402 -41166475
2 0 -45545 -31741944
3 0 -349755
2 0 -45498 35863270
3 0 -45335
3 0 -45132
2 0 -45079 6574886
2 0 -45279 -40081591
3 0 -45482
2 0 -45130 -14713126
2 0 -45174 19541820
3 0 123021
2 0 -512968 -2063592
2 0 -45121 -39035372
3 0 -359325
2 0 -23068 36734336
3 0 289387
3 0 -45298
2 0 282814 9322070
3 0 316384
2 0 -45149 12120876
3 0 -45360
2 0 -45523 48495450
2 0 -45276 -36000250
2 0 -467336 42341796
3 0 -142143
3 0 -45144
3 0 425328
2 0 -45442 46419540
2 0 198444 -25958474
3 0 69194
2 0 -45408 -14605052
2 0 -386748 18706333
3 0 -221188
3 0 161408
2 0 440128 20658308
2 0 -45420 -38650252
2 0 -44858 -14980340
2 0 -45441 -39194056
3 0 -45545
2 0 -45401 32925443
1 0
3 0 -45388
3 0 -325472
2 0 -45242 38503503
3 0 -45008
3 0 -45130
2 0 -45225 -40176032
2 0 -45546 -29997565
2 0 347734 -35672638
2 0 -296879 7350122
3 0 -371688
2 0 147856 -15773815
2 0 -45442 -3524928
2 0 -45078 15789088
2 0 -45202 -11972481
3 0 -45439
2 0 -273058 46332760
2 0 -419432 -7352025
2 0 -45406 16049104
2 0 462386 -19867137
2 0 -256436 -17952000
2 0 -45510 1366510
2 0 -381056 -21344460
3 0 326788
2 0 -517056 48604872
2 0 346936 -23896758
2 0 -45106 -36922898
2 0 -45047 44033719
2 0 -45317 21496472
2 0 183479 -22082410
3 0 154492
3 0 -239680
2 0 -45070 -15676478
3 0 -143344
2 0 443646 39367425
2 0 -158950 19437486
2 0 -45391 -32764554
3 0 -45158
3 0 -178236
3 0 -45137
2 0 -45047 -47897042
2 0 -45349 18782840
1 0
2 0 -45338 14551686
2 0 151697 33557711
2 0 -45179 -23150822
3 0 -468206
3 0 -12450
2 0 300462 -49007472
2 0 -45309 -43178064
2 0 -45053 38969232
2 0 -261914 30062900
1 0
3 0 321409
2 0 -45357 -32285130
3 0 -48636
3 0 28704
3 0 -321076
2 0 224782 -405800
3 0 -45379
2 0 -45149 4527308
2 0 -151614 -8772552
2 0 -45248 -25272857
3 0 -210820
1 0
2 0 -45327 25660956
2 0 -45389 -46276700
3 0 -260958
2 0 -45450 22272422
2 0 373610 20586919
2 0 -469338 -2638228
2 0 -330980 29486560
3 0 -45447
2 0 -191484 -44060488
3 0 -45221
2 0 110728 5686501
3 0 244712
2 0 -45418 -21324401
3 0 -45388
3 0 -45285
3 0 -45546
2 0 -314469 -38537220
2 0 -45519 -7644600
3 0 -254111
2 0 522768 -33803393
2 0 -45263 -9985536
2 0 -45492 49320965
2 0 -45145 27421022
3 0 -45469
2 0 -45426 -2073899
2 0 -352262 38959026
2 0 -45540 25606473
3 0 -45066
2 0 -45156 -17092044
2 0 -456964 -48153693
2 0 -45208 39649480
3 0 -45546
3 0 -163964
1 0
2 0 426316 30849858
2 0 399584 3107528
2 0 -357408 -24392301
2 0 -45459 27433968
2 0 -45301 -17284240
2 0 -45516 -22168034
2 0 -521840 21440298
2 0 6224 28197092
2 0 -131498 40243871
2 0 82887 19358245
3 0 16364
2 0 -468289 -39013284
3 0 -45292
3 0 -128910
2 0 -45060 -48620928
3 0 -45322
2 0 109084 5754018
3 0 -45492
2 0 -45120 44039677
2 0 -200110 17861770
2 0 -320800 -7316382
3 0 -26291
3 0 -491964
3 0 361680
2 0 -268785 42278480
2 0 -45455 -20835486
2 0 -508786 -39026588
2 0 -45151 2830980
3 0 -29364
3 0 -45276
2 0 365204 -25686795
2 0 -398921 -15257608
2 0 -382814 -31123310
2 0 -23082 19833436
3 0 -45546
2 0 -45150 -41686434
3 0 -230206
2 0 -394146 -31442280
2 0 219134 -45086403
2 0 -45064 23115600
1 0
2 0 -45157 -3455394
3 0 274096
2 0 -501520 18503430
2 0 -45512 46902848
2 0 -45253 -31820888
2 0 12000 -48186505
2 0 -45054 -32071132
2 0 -517472 -7730125
2 0 -45230 -14818170
2 0 337936 -44673280
2 0 -45232 -32242650
3 0 -45381
3 0 -45117
2 0 341184 -39700517
3 0 -45058
3 0 259792
2 0 296481 -16931010
2 0 -45438 -28186393
2 0 435528 -48334370
1 0
2 0 -488656 -42718703
2 0 -45216 15957210
1 0
2 0 -45023 -561472
3 0 464444
2 0 21238 -41476675
3 0 -45040
2 0 224273 -27719049
3 0 -45006
3 0 -45526
2 0 -119558 -1046144
2 0 -230784 -3306570
2 0 -229336 -3772961
3 0 -345088
2 0 -45172 -20292518
2 0 489233 4063850
3 0 -255442
2 0 -45069 -29795925
2 0 -45367 21622258
2 0 306002 15497772
3 0 -126697
2 0 -45137 22478485
2 0 -45412 -6755933
2 0 -45026 -3757077
3 0 -45060
3 0 -45045
2 0 -40160 47612444
3 0 -477648
2 0 -277676 -30450418
2 0 -510440 44198832
2 0 -45374 -31942064
2 0 -360120 35848496
3 0 -270240
3 0 -45536
3 0 -45010
3 0 -45208
2 0 -45380 -29361700
3 0 -45319
2 0 40868 20100204
3 0 -45064
3 0 -110988
2 0 -45463 19253909
2 0 196857 -15184144
2 0 -305072 -43848516
3 0 -45026
2 0 -45473 -42594182
3 0 -476266
2 0 -45012 -20550880
2 0 -517115 -25787867
2 0 -45064 15693815
3 0 117712
2 0 -45106 -23551890
2 0 437441 -34779536
3 0 368580
2 0 -45173 11103360
3 0 -324158
2 0 93520 22697889
3 0 -76360
2 0 -463446 40983226
2 0 -45513 34489669
1 0
3 0 -45512
3 0 -145184
3 0 494565
2 0 -45162 9688080
3 0 222603
2 0 222720 36450470
2 0 357936 -40569429
2 0 -45380 -5217684
2 0 203390 31362064
2 0 408372 -45807500
2 0 23720 -16189332
2 0 -45286 -39870050
3 0 -1864
3 0 -45410
2 0 -121088 -3810310
3 0 -45198
2 0 -39171 -48030724
2 0 -83601 -47931918
2 0 -309412 -14402309
3 0 -240906
3 0 -45449
3 0 -478824
3 0 -45070
2 0 -45303 10002943
2 0 355072 17913251
3 0 -45470
1 0
3 0 161556
2 0 322534 26001137
2 0 -45078 7074024
2 0 354152 -23946068
3 0 -45045
2 0 471954 32113868
3 0 -210824
2 0 -45139 40036712
3 0 -45333
3 0 -371327
2 0 -45420 14656760
3 0 427899
3 0 101532
2 0 -45423 11756005
3 0 -45195
2 0 149094 -42218006
2 0 -500324 2577796
2 0 -45211 -34067067
2 0 -462068 16981952
3 0 -45171
2 0 -174030 12893192
2 0 -45189 2522933
2 0 -355696 -20358062
3 0 483204
3 0 -45516
1 0
2 0 -489943 32892750
2 0 257591 45347360
2 0 171310 -33454439
2 0 -45505 -7393116
3 0 -247758
2 0 -45246 -34101950
3 0 193276
2 0 -45477 -44232840
3 0 373425
3 0 113929
1 0
2 0 -45439 -26405840
2 0 -297387 19264148
3 0 -45428
2 0 -45301 -33698204
3 0 495728
2 0 -45103 -25567030
3 0 31177
2 0 -472770 -41415872
3 0 -45316
2 0 -45538 21013500
3 0 -387670
2 0 -45071 -4396580
3 0 -45471
2 0 359848 -1250976
2 0 -45184 859168
3 0 248373
3 0 -64420
3 0 -508676
2 0 -289555 -3439000
2 0 -201821 -33172414
2 0 -56608 46729252
2 0 -45372 -44194940
2 0 -99021 -13326616
3 0 303764
3 0 -517900
2 0 -45521 -15504000
2 0 -45298 19334706
2 0 -45185 -33305000
3 0 -99840
2 0 -45411 15889176
2 0 -45224 -13989416
2 0 405224 -39159450
3 0 -186196
2 0 327500 -18192974
2 0 451200 -10070350
3 0 -45084
3 0 -45379
2 0 195644 37733607
3 0 -335764
3 0 -45188
2 0 107304 -22092171
3 0 -45052
2 0 -45279 -14925203
3 0 523215
2 0 16479 23007322
2 0 -88572 37567038
2 0 141432 4006912
3 0 -45438
2 0 -329928 -39115695
2 0 -45153 6917924
2 0 -45077 -19630665
2 0 -45111 13153706
3 0 -45027
3 0 -45434
2 0 343366 6351536
2 0 266203 26582582
3 0 -45261
2 0 -45536 -31907522
3 0 444399
3 0 263634
2 0 -108240 5726532
3 0 -45496
2 0 -45305 -21552765
2 0 -45010 10596048
2 0 -346432 15526509
2 0 -454014 -19705200
2 0 -132540 -49290480
2 0 -482926 -44798320
2 0 -248208 -7658449
2 0 -45380 1028327
1 0
3 0 514448
2 0 -45452 -32218500
2 0 -45274 -10741242
2 0 -45159 6873316
2 0 137670 11800250
2 0 -45051 -28806743
3 0 -52837
2 0 -491578 -38548104
2 0 -45419 10325023
2 0 83992 -18525513
3 0 11410
3 0 42853
2 0 93989 -19983652
3 0 -50412
2 0 -45064 -18705708
3 0 -45047
2 0 134406 19073344
2 0 -45416 39743440
2 0 -45285 28188341
2 0 -45010 -42950840
1 0
2 0 -45422 -24698496
3 0 -45253
2 0 -345849 35432914
2 0 -45314 22194662
2 0 240219 -48933038
2 0 -45304 6140630
2 0 -438881 -5218386
2 0 -224989 -12018673
3 0 -45301
3 0 -45304
3 0 -45089
3 0 366482
2 0 -45545 645170
2 0 323112 -37649950
2 0 -156828 18131962
2 0 204140 559600
2 0 271488 -20727060
3 0 -77871
3 0 385960
3 0 -45168
2 0 -45173 37358906
2 0 511824 3693062
2 0 -198110 -38615627
2 0 -45266 31704700
2 0 -45102 -24079860
2 0 -163565 44189262
3 0 -21737
3 0 28384
2 0 366448 -37810355
2 0 206869 -43979120
3 0 -45137
2 0 164256 -16159518
3 0 -45545
2 0 -130432 -1606504
2 0 138900 -46422991
3 0 -45319
2 0 -45454 -16376610
3 0 -45174
2 0 -45491 26000304
2 0 -355443 -36613124
3 0 -45536
2 0 -45184 22698777
3 0 -45119
3 0 -45047
3 0 -45229
3 0 520138
3 0 -253006
3 0 -45373
2 0 -138809 -39021484
2 0 -45118 -44545360
2 0 -301653 -19402864
2 0 -45010 16137586
2 0 495672 -4634193
3 0 401893
3 0 405170
2 0 502394 49024690
2 0 -337752 18164959
3 0 -45438
3 0 -45023
3 0 -45378
3 0 -45310
2 0 -45107 -25277288
2 0 -45209 -19326680
3 0 -31493
3 0 -45314
2 0 -45359 -13855514
2 0 -339308 6091580
3 0 -45232
2 0 -45497 47680684
2 0 -45488 -39614848
2 0 -404287 12458250
2 0 -45390 -4325869
2 0 -105312 -37733985
2 0 -45096 -44870830
2 0 466472 28291866
2 0 -45475 -7173968
2 0 -45446 -1944709
2 0 -45047 -32215296
3 0 -45472
3 0 485984
3 0 -45527
3 0 354695
3 0 -45296
2 0 -45365 -40522842
2 0 -52082 -36640976
3 0 -78905
1 0
3 0 -45365
2 0 -45323 -46333162
2 0 -325048 -2155907
2 0 -45322 -48005730
2 0 79025 -20332954
2 0 59448 4543196
2 0 -45495 -39205709
3 0 -259296
2 0 71020 -11281400
2 0 -45435 -36375930
3 0 -272869
2 0 -45170 5200776
1 0
2 0 -45502 22118625
2 0 79463 -17103563
2 0 -45540 14347350
2 0 -135520 12809040
3 0 -45213
2 0 -45221 -43274460
2 0 -45071 17036357
2 0 -336676 6395256
3 0 -450424
2 0 521487 44941771
2 0 140435 20358498
2 0 -356877 29117767
2 0 271508 12937080
3 0 31382
2 0 -45453 7588475
1 0
2 0 -45549 -39752542
2 0 -45457 39109761
2 0 -458254 -43254462
2 0 -45088 -42562640
3 0 -45263
3 0 -45128
2 0 -45169 15241964
2 0 207512 -36564450
3 0 -227137
3 0 -45184
3 0 -381022
3 0 -299780
2 0 37006 -42605952
2 0 -45118 -40603589
1 0
2 0 -441688 -34572648
3 0 -45203
1 0
3 0 -45209
3 0 353299
2 0 -322223 40958188
2 0 19649 -24790239
2 0 -228732 30103916
3 0 501620
2 0 -45243 29779996
3 0 330218
3 0 -302689
2 0 455849 -18506965
2 0 -194943 26461877
2 0 -45124 46262320
2 0 270264 18942890
2 0 -181340 10445266
2 0 -85774 -45522682
2 0 -152983 -24329344
2 0 444660 -24195260
1 0
3 0 75357
2 0 502618 39179720
3 0 -432992
3 0 -45025
3 0 -45061
3 0 -45474
2 0 321404 17466716
2 0 124872 22040448
2 0 -381836 -41449904
3 0 -45080
2 0 -45297 -32290944
2 0 -2872 49116475
3 0 -45389
2 0 -45471 11043920
2 0 -454540 22475475
2 0 274261 22874849
1 0
2 0 -497600 47064906
2 0 -50710 -47015702
2 0 -45277 25583620
2 0 -324336 -45636532
2 0 -45519 -7171002
2 0 -45081 -37983955
2 0 327109 37580840
2 0 -45430 31518722
2 0 175206 2305679
2 0 -45378 37232460
2 0 138602 13431306
2 0 130576 39913256
2 0 12392 -40733392
2 0 -45058 -41526780
2 0 -277132 -2098848
2 0 276686 25401670
2 0 -45078 -40116569
3 0 -45316
3 0 -45138
3 0 -45312
2 0 338340 8795160
2 0 -45038 21379336
3 0 -343422
2 0 -45047 -39024460
3 0 301470
3 0 -45466
2 0 -45428 -20154875
2 0 -413748 -41377133
3 0 344448
2 0 -425296 -17767580
3 0 -45052
3 0 185633
3 0 -45037
2 0 -517953 2363690
2 0 -67006 -5751984
3 0 -45279
3 0 -45523
2 0 432640 27628701
2 0 190784 37551400
3 0 -105590
3 0 171590
2 0 -45280 -39711552
2 0 -45187 44350102
2 0 -45313 -34762736
2 0 440324 2322822
2 0 -45276 -38221424
3 0 79974
2 0 -166984 -28415101
3 0 -45072
2 0 -45238 -49817960
3 0 -45474
2 0 -45195 34229856
1 0
2 0 466677 -26457496
3 0 -449284
3 0 384742
2 0 -45397 -611208
3 0 -49793
2 0 -206688 -40405515
2 0 263792 -31429164
3 0 30760
3 0 -45399
2 0 171512 -39411884
2 0 142160 -5190432
3 0 -45121
2 0 -45325 -32883130
2 0 -440511 -13686220
3 0 -45238
2 0 282226 -23457908
2 0 -45400 8259120
3 0 -45058
3 0 -45145
2 0 -429570 41248823
2 0 381904 -8147294
3 0 60744
2 0 -45340 39068068
2 0 -45463 -269200
3 0 -45060
2 0 -45051 34482208
2 0 -451996 10205904
2 0 -45107 -29719106
2 0 -45023 -31543930
2 0 -45054 -3939564
2 0 -45241 -6629881
2 0 382422 -23010850
2 0 -45398 -24795266
2 0 -45352 39369470
3 0 321684
2 0 -334155 38796856
1 0
2 0 145696 -2957973
3 0 115396
3 0 -45323
2 0 -45095 -26516364
2 0 -45128 -48355619
2 0 -45094 -16563840
2 0 -45244 9866400
3 0 -83058
2 0 -358134 -27810248
2 0 -45037 25084875
2 0 -45170 -19753248
3 0 -244136
2 0 -45193 2836113
2 0 -45218 -35287520
2 0 -45148 -42424008
3 0 336206
2 0 -378872 -36764272
2 0 111552 -47418116
2 0 -455344 7765784
2 0 -300036 30686960
2 0 231384 -43378820
2 0 -45382 35970664
3 0 -126456
2 0 -45284 -41420975
3 0 -45422
2 0 -45118 -32466980
2 0 -45503 4271035
2 0 -45320 -19154679
3 0 -45187
3 0 -45366
2 0 -45450 21607551
2 0 -45015 -14665300
2 0 -186454 -41554092
3 0 -183581
3 0 -146898
3 0 -45321
3 0 -45246
2 0 162704 10189525
2 0 305641 31954912
2 0 -45490 -35080568
2 0 -45272 4771825
2 0 -249846 -20068950
1 0
3 0 -45047
2 0 -45390 7605645
2 0 -45479 -37663499
3 0 -45349
2 0 -45385 -29659441
2 0 -331136 -49877485
2 0 -45261 32759010
2 0 97756 -28759007
2 0 -493819 39202724
3 0 -257118
2 0 -49880 -19669032
2 0 238364 -1089176
2 0 320600 44979187
3 0 -45007
3 0 -45410
2 0 326422 -6737680
2 0 -472944 8658653
2 0 -131976 -24513108
2 0 -45285 -817945
2 0 -316658 37894080
3 0 -45291
3 0 188432
3 0 -45439
2 0 4229 11496478
2 0 -45223 -13760881
2 0 -45035 190225
3 0 -229968
2 0 87084 23359660
2 0 -45198 35494024
2 0 -45105 30232449
2 0 -211722 9247822
3 0 -45045
2 0 -45123 39254520
2 0 -45526 -29031890
3 0 -45322
2 0 -329358 -42852524
2 0 117818 -44104310
2 0 -45340 -3459680
2 0 -439264 16349489
2 0 -45012 -613166
2 0 -45542 -49997518
2 0 -45069 31496264
2 0 -45284 -2541022
2 0 -45461 39997996
2 0 -45315 28924241
2 0 7980 -17956368
2 0 -45512 -1810090
2 0 369790 17055040
3 0 -45283
2 0 -215636 -18953870
3 0 -20025
2 0 -45236 -4561040
2 0 -190736 -32394336
2 0 -122500 -24738778
2 0 -45203 21198825
2 0 -200220 42937536
2 0 -22556 -15082242
3 0 -45352
2 0 -332163 46461858
2 0 -45003 -9903092
2 0 256690 38785851
2 0 -193730 2035136
1 0
2 0 -45304 -31362953
2 0 -45284 38452621
2 0 -45155 -28523865
2 0 -197776 -2709000
3 0 -47208
3 0 -45195
2 0 -447538 -430420
2 0 -45518 -15069439
2 0 -441980 -13376601
2 0 -45203 36259872
2 0 -361433 20204884
2 0 -45465 -20122460
2 0 142134 8381057
2 0 -45024 -13722869
2 0 -45444 -25846016
2 0 -45181 2940842
2 0 -90044 16116556
3 0 -45455
3 0 -45239
2 0 -45402 -10113007
2 0 311461 -25919959
2 0 -45204 21659254
3 0 351708
3 0 -45491
2 0 -184904 21313750
2 0 -45301 47745326
3 0 -14070
2 0 -45433 -28717354
1 0
2 0 -45376 -27119034
2 0 467880 -44992570
2 0 -145693 18012138
2 0 -45298 33609678
2 0 -45282 -43902288
2 0 -366876 -15568000
2 0 -45303 7159340
3 0 -45384
