4
10
373154 373426
-293486 -292641
104626 105533
357630 358643
-1326 -628
254694 255687
-313016 -312202
449312 450285
-341778 -341556
392386 392948
1000
2 0 373422 32331392
2 7 -214309 -7671552
4 2
2 4 -1107 -30641352
2 9 -108005 -46149176
2 8 -341616 25374806
2 5 255260 10851165
3 4 -1107
2 7 -501192 43745586
2 5 418964 8717925
2 2 67746 -31657400
2 8 -341573 48580310
3 8 -341616
3 0 82581
2 1 -95952 -292221
2 1 -70755 -37111488
2 4 466633 -43215244
2 7 35566 23327678
2 4 -210482 28158504
4 2
2 3 448985 -2694440
4 7
2 0 373257 -7712578
2 5 -38091 -23153678
2 7 347552 16469872
2 9 392425 44051328
2 1 -292909 14055088
2 7 -421124 17017824
1 7
2 5 -79916 -29508034
4 6
4 6
2 4 -1262 676620
4 6
2 6 515070 21187732
2 9 392747 32436842
2 4 371741 32432100
2 4 -36088 10832800
2 0 373203 29296424
3 0 -509349
2 7 449839 -23618484
3 7 67598
3 1 141724
2 9 520347 -22933219
2 6 100939 26348360
3 4 -1107
4 7
2 7 449987 7747756
2 5 254791 -34579458
4 2
3 7 449987
1 1
2 7 450061 29448376
3 8 -341616
2 7 369628 -35074490
3 0 63492
3 5 -161784
2 3 357912 -17789455
4 7
4 8
2 2 442611 12579326
3 1 182432
2 0 373317 -31232000
3 8 -341573
2 3 -27737 -47996950
4 9
2 2 -487906 -44760302
4 0
2 9 -34178 -44922000
2 0 373159 -6555716
3 0 14981
2 3 358224 42286136
3 7 449987
2 5 -287811 17796120
2 6 -312981 -15088952
2 6 -312557 -48049040
2 9 392919 36775560
2 9 -241472 35817576
2 7 450188 -12778346
4 7
4 2
2 1 -293238 20664512
3 7 -350780
1 6
2 5 -63616 30331676
2 1 -293247 -35329700
2 9 392688 14250628
4 1
2 9 392742 8507502
2 0 373162 41983270
3 3 358224
4 0
3 8 -402233
2 3 358202 35246644
2 8 -341625 -22901822
3 7 93708
3 0 193848
2 7 449874 8071046
4 1
3 4 520024
2 1 478324 31890303
3 9 392425
2 2 520272 -9291690
4 6
2 8 -452732 23825006
2 2 -290650 -42033604
2 4 -783 -20265029
3 7 362770
4 2
3 6 -189853
3 5 509821
2 5 255392 -36231304
2 0 287493 46657907
3 9 -218258
2 3 -16004 -15554750
2 9 -296107 -28185312
4 1
2 7 449422 -3900552
2 0 -448382 -5751680
3 0 -101112
4 1
2 7 450026 -44324014
2 4 -758 -3318665
3 6 -312981
3 0 373203
2 4 -736 -21655975
2 8 -341688 16150980
1 1
4 2
3 9 480404
2 2 105199 18452928
3 2 -201153
2 9 236480 12702096
3 5 255260
2 9 512088 5752080
2 1 -292707 18308124
2 9 -251389 7677492
2 4 -337884 -16918681
4 7
4 1
4 1
2 0 -515730 3648448
2 2 104926 -16458980
3 0 451520
2 2 -88635 4535453
2 2 105261 8254680
2 7 449800 -855224
4 7
2 0 373268 21587060
2 8 253528 47372165
2 3 204894 -2270805
4 3
2 4 235154 17868274
1 0
2 5 -337348 24770444
4 4
2 2 105146 -39669218
2 0 -132932 39590943
4 1
3 3 -238002
3 7 449839
3 8 484765
2 7 449493 -13197608
2 3 508620 12383776
4 0
4 5
3 4 -1262
2 6 -291572 -46996914
4 5
2 9 -153513 20344476
3 5 254791
2 3 180601 1573403
2 7 302740 -47550348
4 7
2 0 373422 19713535
2 6 -312608 -49962414
2 4 14848 -19123678
2 5 254708 -49019480
2 8 -341668 22588428
2 3 357883 40486900
3 4 -758
4 9
4 0
3 5 -106194
2 0 373154 47196676
3 7 449422
2 2 244936 -30534358
2 6 -312334 -37601290
2 6 -312943 31313342
3 9 407554
4 4
1 2
4 8
2 2 -379247 -45495192
2 6 -312670 -34295980
2 4 -1029 -27734730
2 9 47766 -19141276
4 7
4 5
4 7
2 7 450341 -18868955
2 4 -788 11407440
3 8 -341688
4 1
4 9
2 7 -441906 -17140048
3 6 -312557
2 4 -938 23803992
2 6 -312632 4277768
2 7 449440 5966100
2 8 -519497 17219514
2 0 373292 11773850
2 8 -49880 19096902
2 3 358184 42853894
4 3
2 1 -292698 2056148
2 1 -293277 -27036020
3 5 455741
2 3 358005 12185829
4 1
4 9
4 6
2 7 404272 42415670
2 1 -292956 -5925736
2 1 -293055 -27529120
3 2 415578
3 1 48782
4 3
4 2
4 7
2 6 -312624 -35128010
2 1 -293333 -34724924
2 0 276580 -3939392
2 7 450191 30118447
3 4 -1262
2 8 -341695 33978525
2 8 -341752 -20307356
3 0 -29801
2 5 255149 34390942
4 6
3 2 105199
4 8
4 3
2 9 392473 16048536
2 3 -313260 -24646434
3 5 254708
3 7 -274601
2 2 104812 -31668190
2 8 335098 9023899
4 2
2 7 76478 -30012600
3 6 -312943
2 3 357995 -36232440
4 4
2 5 304304 13438520
2 5 -352220 -7006540
2 1 -293316 36026872
1 9
2 7 449411 -4447188
2 2 152691 -9183629
2 9 323566 2652576
3 2 -321952
4 9
2 0 373170 -38985260
3 2 -230010
2 2 105144 -15781562
2 6 -312633 15613550
3 4 -938
4 5
3 6 253672
3 4 -1107
3 7 449874
4 3
2 3 -244736 35396010
2 2 -276920 6193050
2 2 369024 -39813120
4 6
2 0 373216 -20557206
2 6 -297188 8747720
4 3
3 8 -341616
3 4 -485018
3 8 -211085
2 2 -253604 -23753903
4 6
2 4 149232 23974798
2 3 358106 810776
2 3 52015 -31091094
2 9 392414 -2903828
3 7 -252920
4 5
3 7 449422
2 8 8888 7493210
2 9 -493246 -4970114
2 2 233152 43885312
2 0 373159 -16865664
3 0 487016
2 0 417566 -30199417
4 4
2 9 392900 8011768
2 6 -312708 10904341
3 7 441344
2 2 418816 38646700
4 9
3 0 346432
2 3 448032 44122808
3 1 -234376
3 2 105144
2 6 -312681 -39483798
1 7
2 6 -312287 19950900
3 2 104812
2 8 -53142 -34919640
4 9
2 7 331593 5230086
2 6 -312490 -2287820
3 4 -938
2 2 332702 36879058
3 2 -141056
2 5 -9771 38582916
3 3 358202
4 3
3 1 -293277
3 1 -293316
2 0 357496 46363596
2 7 -206240 -11396608
3 5 360176
4 5
3 2 105146
2 1 -293250 35216382
2 9 280744 -35658210
2 7 338978 -33653835
4 8
2 7 449947 39280896
2 0 -119576 48217520
2 0 373253 -31419564
4 6
2 3 358361 19535966
4 5
4 2
3 6 -113891
2 8 -341767 12567688
1 1
2 8 -324376 45345225
2 7 -300365 32977404
4 5
4 1
3 4 -1029
2 4 -274008 8845125
2 7 449879 23241744
3 2 -267312
4 7
2 9 392766 7741750
2 2 492388 -49557110
4 4
3 4 -1029
4 3
2 8 -193496 -35283132
4 9
2 8 -341617 -20190693
3 0 396020
3 1 -132379
3 8 -341573
2 9 -279164 -13950780
4 8
2 4 -891 -3807760
2 0 373216 -25209120
2 2 105112 -34605648
2 6 -312575 -20820286
4 4
2 2 468535 -45596632
2 8 -341612 -23589560
2 6 -105430 20792389
2 9 392471 29482792
3 4 -758
2 5 -259888 -29693952
4 9
3 9 -305728
2 6 -312224 -22227198
3 2 105146
3 0 373162
2 1 279836 -34589334
4 3
4 5
2 7 147944 42079296
3 2 105112
1 0
2 9 255700 -29470064
2 0 166157 -29034210
2 2 -134162 31434165
3 5 285631
4 6
2 1 -293092 -31130687
2 7 355915 9652112
2 6 -312282 -6376070
2 8 -446885 -30558005
2 8 492252 -47556122
3 0 136217
3 4 -1262
2 6 -312387 -7721108
4 3
2 7 450183 39207642
4 4
2 9 392618 28802846
2 6 -312876 24078500
2 4 152416 2638689
3 2 187937
2 9 48600 41358300
2 3 493880 556628
2 1 -293449 -2950736
2 0 373319 47117034
2 0 373310 -29948414
2 5 264060 -34062568
2 6 192049 7610530
2 2 108673 -45136760
3 6 -312287
4 0
3 5 254708
2 3 358552 -46855276
4 1
2 3 358495 -15201245
2 2 105174 -26709060
3 0 173714
3 1 467148
3 2 105146
2 2 163712 -22990477
2 6 270656 -1575360
2 7 -294039 -5320153
2 5 -405859 -31709751
2 4 -487586 -706208
2 0 373325 26875952
2 6 -224078 -24772176
2 3 358175 18452778
3 7 -63614
2 2 429718 18239912
1 0
3 4 269804
1 7
2 4 -424746 -15646072
4 6
2 0 373422 38297308
4 0
4 4
2 5 255492 49383074
3 9 392471
3 0 46840
4 0
3 5 519009
2 8 -341711 30667200
2 3 -400462 -28000030
3 4 517802
3 2 -367090
4 5
4 5
4 3
3 9 -305336
4 8
2 2 504420 4627656
2 4 -431667 -34761488
4 7
4 2
3 5 255149
4 3
4 3
2 9 392630 -8402189
3 2 25086
3 6 361430
3 6 -312557
2 4 -711 12034984
2 9 189448 44348578
2 4 -713 -33371635
3 1 -335456
3 9 392630
2 7 410081 32844736
4 2
4 0
2 1 -293113 18914417
2 9 392886 -13073111
3 4 -254080
2 1 -295450 2392460
4 2
4 2
4 7
3 9 139756
3 7 320600
2 2 -89509 -28562151
4 0
2 1 377974 17758172
2 5 488760 -41522540
2 7 450226 -35467072
2 8 -440114 -41805870
3 5 254791
3 6 -312282
3 7 449839
2 7 449697 -26671312
4 2
2 5 -397665 -14947698
2 0 396276 -28956852
2 2 -70624 37685987
2 3 -464284 19725200
3 2 105261
2 1 -459894 -10467696
2 3 277893 39812277
2 3 -343912 1617583
3 0 373162
2 4 326318 34400246
4 8
2 7 450063 -28635600
2 6 -312437 -17367588
4 8
4 2
3 9 392688
2 0 99072 -32642088
2 2 209622 37804650
2 3 358181 -20687296
2 2 105145 13684310
2 4 81702 -9078400
3 1 -333164
2 4 17768 -30293246
2 3 357875 43641660
2 5 -256951 14345559
3 3 358184
2 1 -293008 -40371264
2 4 -895 -49683910
2 9 349650 40833652
3 5 449075
3 4 -891
2 5 -509851 27075640
2 6 -51213 7845505
2 7 450285 -14017792
2 8 -341775 -31260936
3 7 367141
2 4 -429482 34807124
4 0
4 5
1 1
2 1 -282135 20321200
4 9
2 7 266196 -1020852
2 9 392696 -39930035
4 3
3 6 -312943
1 3
2 3 358580 2755070
4 3
3 4 -1107
4 1
4 1
2 9 392833 -45469109
2 2 234896 25841164
4 5
2 7 449333 -10941697
2 8 -341596 -14134124
4 0
2 2 231790 -37128382
4 2
2 1 -293009 41549035
3 6 -312624
2 0 509402 31452503
3 4 -1029
2 0 224190 44511479
3 6 31174
2 9 392781 39004330
4 8
2 7 449384 30186415
2 0 373294 -48582750
3 8 -448457
2 8 -62736 24910272
4 0
4 6
3 2 -427511
3 6 -354338
2 7 449450 49612464
3 0 25460
2 9 392672 -3472867
2 7 -106463 -36910082
2 5 159956 -43668320
4 5
2 7 450157 39920015
4 4
2 3 268795 -21169364
2 2 -511442 -12597160
4 4
4 3
2 0 373245 -48984186
2 5 255156 -48321125
2 3 28400 36048230
2 2 104644 6048576
2 6 -226504 37336145
2 0 344967 7650178
2 1 498784 -28656790
2 5 255146 30667510
2 1 -293351 39082008
4 0
2 3 503985 -41511196
2 1 177815 -22972691
2 1 -461272 4302911
4 3
3 9 392471
2 1 -292838 -35328660
2 7 -364276 -46181717
2 4 -902 6079590
3 5 255260
2 4 -1083 -3730721
2 2 105490 -29172880
4 5
2 1 314407 -38538520
4 0
2 9 392772 -49142113
2 5 254704 4698450
2 2 147854 43040896
2 9 347286 -2764275
3 2 104926
2 4 -688 -45889500
2 3 192516 26848950
1 3
4 2
2 8 202332 23854972
2 5 255251 31810530
4 5
2 2 -513502 1143964
3 0 373292
2 7 449954 -17805036
3 7 -164202
2 2 391608 -35888568
2 0 -226482 28694005
2 6 -158703 -33691120
4 7
4 7
2 5 -412432 45535930
2 4 -693 -15356360
2 3 358425 -40830570
2 5 255210 -48852120
2 3 357941 45497280
2 3 412960 47193862
4 8
2 8 -341734 -49283263
3 4 -783
2 5 -35920 45994956
2 7 449340 4846850
3 8 -341767
2 2 105180 3089156
3 8 -408343
4 4
2 4 -1123 -29300032
2 2 105429 2110582
3 4 -713
2 1 -482296 6865400
2 0 183244 -36390000
3 1 -293113
4 7
2 1 254692 32916881
4 3
2 7 450180 -20864300
2 9 -458008 1925409
4 0
2 8 396340 16853764
2 4 362488 4800073
4 5
2 8 216932 -37849015
2 7 367500 46677964
2 4 369766 -33997341
3 5 255146
2 0 -185452 -30705930
3 5 255251
4 2
4 6
2 4 -326912 -43103830
2 4 -920 8956806
1 1
2 8 -341594 12950000
2 3 358109 -106618
3 4 -408854
4 0
2 4 -37852 23838066
2 4 -912 8535068
4 9
2 9 271457 14674595
2 0 -461332 -37583950
2 4 -679 -2494336
4 3
3 5 255492
2 5 -36264 30107875
4 2
4 3
2 6 347384 -28480878
2 2 104825 -32799495
3 7 -487783
2 6 -312619 -16259942
3 9 392688
2 1 -293371 45873660
2 1 -292972 42932484
4 3
3 2 105199
2 0 209260 -12797238
4 0
2 9 -46726 -49309564
2 2 -31108 7036164
4 5
2 6 -312451 -47986326
3 7 192599
3 1 216191
2 2 -207089 -37188426
4 6
3 6 -312287
4 5
4 9
2 6 -96406 21038548
2 2 105185 15371237
2 8 -341699 38765656
2 2 407522 31548366
2 0 373408 4328458
2 2 105141 -10010514
2 1 -510647 47892705
4 0
2 2 132190 26041184
2 0 373311 -48936286
4 9
2 4 116352 -11495968
2 0 403402 -961700
3 9 392919
3 0 373257
3 3 336995
3 0 373422
2 0 -55635 -3113248
4 7
2 6 -312966 1889390
3 2 -278987
3 1 270776
1 7
2 4 -313154 -36991430
2 1 -509302 -6044747
2 4 345576 30540714
4 9
2 6 -312206 39318624
2 6 -312598 -14262830
3 9 392833
3 2 105145
2 0 -90272 -46083866
2 9 -313773 -23354096
4 2
3 1 -293316
2 8 -341559 -44884806
4 9
3 2 -502076
2 1 -167850 -20077574
2 7 450282 43326900
4 0
2 2 105018 5074808
2 3 357829 -731566
2 3 -490448 36927635
4 9
3 9 1224
4 9
4 7
2 6 -312580 -34049096
2 2 -384308 -46502100
2 6 521896 35845504
3 4 -387180
2 0 373161 -5777697
2 5 254819 40307968
2 3 358014 -12301962
2 2 351332 36158578
3 7 450226
2 0 373413 34377219
3 4 -1029
4 2
3 2 105261
3 4 -891
2 1 -293202 11203760
2 4 -198904 -14178120
2 1 -293217 -36833050
2 7 -237128 4718104
4 0
2 8 -36469 -35825010
2 4 -493056 2170878
2 9 -51003 29696083
2 6 -312359 13306802
2 0 373303 -6459092
4 4
4 7
4 7
2 1 -71835 -40978976
1 9
3 3 -250981
2 3 56808 -24471444
3 4 -238428
3 0 373170
2 6 -312949 -45905726
3 4 -912
2 3 357741 -35346424
2 1 469538 -47040855
4 0
3 4 -494622
2 6 -312573 46764388
4 8
2 4 -362282 -32181689
2 8 -341717 -14163852
3 7 409452
4 7
2 5 -156084 -33549950
3 7 449422
2 9 515880 -48855896
2 5 446242 6916720
2 1 -292794 2413732
2 0 130854 1000398
4 5
3 8 -341695
2 4 -437436 29360250
2 9 392629 2461680
3 0 373325
2 0 373177 -13062625
4 2
2 9 392522 11286610
2 1 -293428 6539274
2 1 347340 -40170040
3 5 199104
1 9
3 3 -118174
2 8 -341605 -981569
3 3 357912
2 3 -183136 -5695268
3 8 515424
4 1
3 7 450226
3 6 361463
3 6 -312490
2 5 -3520 -25400400
4 2
3 9 -377460
4 1
2 1 -292830 49263755
2 4 219858 37722050
2 3 -140262 -44604668
3 4 -449371
2 9 218962 34581941
4 2
2 7 81239 -29076431
4 9
3 2 105174
3 3 207724
2 9 147891 26886272
1 1
3 8 -341594
3 4 -1107
2 0 492693 -6805032
4 3
4 3
2 3 461042 25809280
2 3 358439 -16571750
4 6
3 3 -459720
2 7 -103225 -44117608
4 6
3 1 -293202
3 9 -454649
4 6
2 6 -462648 -34037322
2 7 -341162 -25921300
2 4 -952 -34994575
2 6 -312378 15635148
2 0 -66368 2623494
4 1
3 6 -312670
2 9 392605 678033
3 3 357875
3 8 -144344
3 4 -711
4 7
2 1 -292769 -15820652
1 1
2 9 392787 -13367184
2 8 175648 -40066930
2 3 222835 -14528050
4 1
2 1 -292731 -35239576
2 5 -75855 8894720
2 2 -285884 -35973502
4 6
2 3 357978 28464651
2 5 109334 -32897528
3 8 -405048
3 7 449839
4 7
2 4 -388110 37793200
2 3 358191 -48004260
2 0 -379119 13177984
3 9 -16564
2 9 269256 22877144
4 8
2 9 392500 1304769
4 6
4 2
3 4 -1123
4 4
4 8
2 2 105381 28046400
4 7
2 8 -341768 32969556
3 2 506440
2 6 -23068 22738455
3 1 -293449
2 7 417637 -15046400
3 8 -335653
4 6
1 1
2 6 -312524 -45760267
4 3
2 7 449904 12891720
3 1 -367728
4 4
4 2
3 5 255492
2 2 11220 -27286578
3 0 373325
4 7
3 5 254704
3 5 255156
2 1 118662 -32100413
4 1
2 3 357864 -44929954
3 8 -341734
2 9 -251752 -25307388
4 7
3 8 87326
3 2 104644
2 2 105109 24348690
3 8 -341775
4 3
3 3 357741
2 9 392719 38527256
2 7 449908 -43239960
4 7
4 6
2 3 -417086 49644504
3 5 254791
4 8
4 8
4 4
3 2 105109
2 7 -383155 24296642
2 6 -372524 -36014854
2 1 -292887 -22001504
2 4 303728 -36020642
3 5 82924
2 6 -312423 -37920877
4 4
1 5
3 1 3600
2 0 373295 -27644422
4 3
2 5 167524 -10268928
3 0 373319
2 1 337181 -39328385
2 1 -292935 110162
3 1 -362936
2 7 449473 35692658
3 8 330054
2 2 104654 45212438
3 4 187814
2 7 -90518 7936445
3 9 -395502
2 4 -477106 -38123400
3 2 -485712
2 2 105331 -6866011
3 6 23424
4 3
4 1
2 8 -341748 -11396450
3 7 128308
2 6 418880 -2931360
2 2 104629 -21097935
4 9
4 8
2 2 105480 -8495015
2 2 288146 -49808000
2 9 392818 -5215488
2 0 373170 30171729
2 1 -472030 -23723358
3 2 105331
2 7 -435194 -31310300
4 6
2 1 -430631 -6764870
2 7 390896 4614190
4 1
1 0
2 3 132936 25793004
4 0
2 0 373299 -29438360
2 2 287787 -15711794
2 4 -1045 -31756805
2 3 -416915 -7471383
2 1 -293259 47477896
2 3 -394256 -35671040
2 0 373346 25518208
3 4 59779
2 8 -341597 24977396
4 6
1 4
2 6 253544 43409736
