1
100
1 1
2 2 24091704 Japan
1 2
2 0 263110653 Spain
2 1 366162760 Micronesia
2 1 45995460 Burkina
1 1
2 1 233958010 City
2 0 297143712 Senegal
1 0
2 1 99890839 Thailand
2 2 5358088 Republic
1 1
2 1 171467532 Albania
2 1 193397236 Germany
2 1 14795052 San
2 2 252792270 Costa
2 0 547381568 Samoa
1 0
1 2
1 2
1 1
2 1 3332194 Burkina
2 1 583188342 Moldova
2 2 640644590 Senegal
1 0
1 1
2 2 44157795 Bosnia
2 2 207204660 Burundi
1 0
1 1
1 2
2 0 672434583 Swaziland
1 1
2 2 437829678 Nauru
2 0 515753954 Sao
1 2
2 2 181644320 Marshall
2 0 400530496 Emirates
2 2 213491460 Afghanistan
2 0 4038475 Croatia
1 1
2 2 531589134 Principe
2 0 660797936 Canada
2 1 530620800 Uganda
1 2
2 1 57952460 Kuwait
1 0
2 0 287869311 Tunisia
1 1
1 2
1 2
2 1 333438632 Bosnia
2 0 912039921 Colombia
2 0 323041104 France
2 0 323998844 Haiti
1 2
1 1
1 0
1 1
1 1
1 0
2 1 280323800 Bosnia
1 0
2 2 160438454 Bolivia
1 2
2 2 17625762 Djibouti
1 1
1 2
2 1 239163678 Tuvalu
2 1 771852554 France
2 0 402467730 Jordan
2 0 8857800 Taiwan
1 2
2 2 104329446 Republic
1 1
1 0
1 0
2 1 59891106 Brazil
2 1 675552210 Andorra
1 0
2 2 389678805 Armenia
2 2 231553314 Seychelles
1 0
2 1 577608 Israel
2 0 151725432 Monaco
2 2 103219818 Fiji
1 0
1 2
2 1 190039872 Colombia
2 2 556537608 Tome
2 1 126439525 Cuba
1 2
1 2
2 0 867532173 Liberia
2 0 358111832 Rica
1 1
1 0
1 1
1 2
