5
2000
2 1 30150 4065853832631999587090599036301224385747423556177580332
2 1 11872 83525875692656881611007933245
2 1 22703 2732356072966427596076150257841925
6 0 22703
2 1 3520 0864970131199959356143954550372243058030654088481778090002045421684666288527692160760
2 0 97062 6180180833488750010019
1 1
1 1
6 0 11872
1 1
6 1 3520
2 1 10370 7707020912839247952470275826327635893773344110652695543850165961
6 1 30150
2 0 11965 25272972726473871140396058759963532393563137754696301734289990106392040470544529853348833509
2 1 68747 236065179747836545624742516491253116935170992604719578579289018
2 0 10336 22
1 1
1 0
6 1 11872
6 0 10370
1 1
2 0 98245 61172212511775010714217531886811089289398170306769345052661008890346431394483
2 1 12674 4718248816204859444994532174319073842698774878321937444351328090349443985381238985106181877282366965138076
2 1 27576 148275901590348863381951285238490324125409912629391731147455845064329828864166691922725004152551694
2 1 23215 1705427682795818379358309569
6 1 30150
6 0 3520
6 0 22703
2 0 41992 09609441
2 0 67788 158551128675204371853298
2 1 69980 44042882412080083653501694177514901854809425765981723152423904
2 0 54096 83525875692656881611007933245
2 0 93880 04
6 0 12674
1 0
6 0 10336
2 0 86250 172538346366253398479715602400417180772
6 0 22703
2 0 26176 563005361561641524143366199984675265984612407033583782117392737831334928275119977520003729559909510892905175597284609
2 0 63274 8889250202634831414266326
2 1 59824 35
6 1 11872
6 1 10336
6 0 59824
2 0 24885 043661260138257874685557077
2 1 72621 709565162447611873042980516242337330573467962092781350590862358961615
2 0 30025 97492715314069219858209940595077118492059473329531890197662789829608934839234074419811083868948887756
6 1 12674
1 0
2 0 2640 90032356705140717358
1 0
2 0 71472 9398035669640770591624065344333145714106528014035533804316216566207673111763427172
1 0
2 0 18586 1157485649843253832706801
6 0 27576
6 0 24885
2 0 59616 47590134723640229670997866313912450778924908074233292186698081166678
6 1 23215
2 1 38133 37740003342880961976576249252110
1 0
2 0 35971 652245623857811000379678871523166421972828260794186107895184164757930449507496475
6 0 24885
6 1 18586
2 0 47420 99471811717173151828869244798538778217320833440722538290343901
1 1
2 0 60710 81364020524724327492945617987991960518
2 1 81082 5856858370080650437242163627476734161075125143184157649409770994986
6 1 68747
1 0
6 0 26176
6 0 69980
6 1 38133
1 0
1 0
2 0 9062 93687986214248432325831595265268539575444941067524334566848049933539452902596392092270
2 1 87958 85731395174217458033787032108090225574129105301488979950791000901298731176272082414676864624137938809263929292234323
1 0
2 1 7648 630163964802053486730104816688093632183824974936139719680215332653065357422815248573797004558005397547795057
6 1 59824
6 1 81082
6 1 59824
6 1 27576
1 1
6 1 41992
2 0 71362 107260755740179043179835758563696167560960
2 0 63402 1601338381657712586055170534969992324691284824233199219001255839303525019108569
2 1 68612 470277886379035761958354437703951652247058102961765003
2 1 9012 3814380263536177222885502179108155137487295504572454805085304998741395098566261
6 1 68747
2 0 8985 737019201023133340528229
2 0 49818 754565579084225580611792766009181795
6 1 38133
6 0 3520
1 1
6 0 98245
2 0 81232 8600471094827648970542521560417222992883897764334488609274022395374829291231581752181654764795323640287673
6 1 27576
2 1 89546 42710323845456085922734581970415053689694502474194835630947389914766
1 0
6 0 49818
6 0 27576
1 1
2 0 33128 53282017279180550018581475120175913593215
6 1 3520
6 0 12674
1 0
6 1 35971
6 0 30025
6 1 54096
2 0 22175 109881108940383667062203198319026053881164230961331558892756080117419219172715989929252769925827270870442433630
2 0 85354 8946179477885889084604613572822
6 1 69980
6 0 30025
1 0
6 0 41992
2 1 95919 57112
6 0 72621
6 1 41992
2 0 48910 86365248276125020
2 1 30350 43975237300510288716531465354130522137459570131837221161981193
6 0 49818
6 0 27576
2 1 78634 6828160822334128300027698502871223043017507304474058345933714388589939856655655951206161321681370553046677007033425315225
2 1 17323 866557906832361091692898019336137278996466361189221826955931138438784816159557389521735836
6 1 18586
6 0 26176
2 0 14959 2632132981120547031411535742615
2 0 73562 464300910766964480685570390876957617851368562943102794435446895243678691179667781093593372792333
6 0 30025
6 1 47420
2 1 81600 896227518264542778384962572918284248854961889653085366698319665832378649520658706967842784261141330672960972180143403793156
1 0
1 1
6 0 78634
6 1 78634
2 0 91508 4664116228494728061175698956050428362582268222083010306760105607187058352031
2 0 6890 07191761991185085107983459949071189245063930123713413061454137914949771
6 0 95919
2 1 24418 696294231667823014576381406084919245783818059888596707932961602869268676356325850072271435578678
6 0 17323
6 1 72621
2 0 81384 236644462100966403835819760066308173601196545978953205410722050833103643490
6 1 81082
6 1 97062
2 1 94862 61986428579822978604233434512823615363200286239440
1 1
1 1
6 1 71362
6 0 94862
2 0 68058 05
6 0 81600
6 1 18586
6 1 33128
2 1 83248 532374164353797668137937425127289588283622338
6 0 18586
2 1 81810 7278762255132934929438080567862243422325191608901756823046665891313625675334426910195752598176096305867379395
6 1 71472
6 0 59616
2 1 44765 750763653266766790006127289715006015836617542185952339894116394475996553654051932552198529759725
6 0 98245
6 1 81384
6 1 73562
2 1 56595 9097723762539168070204341481148592001790115821773083271160229190425934
6 1 97062
6 0 59824
6 1 97062
1 1
2 0 1524 8928738515998278309681
2 1 48938 10849766422020999320698662584065687816715
6 0 93880
2 1 34976 6227885317416399908342351387308828628689156843808992484644152286483684554674321451260088725202903013503083714988370622
6 0 87958
1 0
6 1 22703
6 0 6890
1 0
6 0 97062
6 0 78634
6 0 26176
6 1 81232
6 1 24885
2 1 23800 4639635866063693476450497364812123842977822
2 0 78635 2248785026233368209348443340780585493719059636010522442930321920755490899079
6 0 78635
6 1 3520
6 0 11872
6 1 18586
2 0 77280 41738383365
1 1
6 1 8985
2 0 59504 85324747984315214901833326742323287537402522746878143558049665410846149642320408
2 1 41008 73592288461816528813075412676245023535900850741575184784693042607149395396
6 1 69980
2 0 22726 0923563648684736347990693532349069440779813419415224094
6 1 44765
6 0 68612
6 0 48910
1 0
6 0 14959
1 1
1 0
2 1 96016 89081750467455185544059198611839786455906983919
2 1 20300 142
6 0 83248
2 1 66345 382736347
2 0 68946 0733477667295514861494945127525758363232102772019446120010825951591203599042256262235819304464754865498963572868
6 0 33128
6 1 96016
1 0
6 0 63402
6 1 17323
2 1 68103 759872487460388098373171677685480854723615160677950546
2 0 34910 303316103333320063085773522923726354318515435389193436611864663522669039879951
2 1 25284 3592129065170866971094849895921914688266264856915592990723434580675273976763365629119283692609667052
2 1 34519 2248785026233368209348443340780585493719059636010522442930321920755490899079
6 1 34910
6 0 11965
6 0 18586
6 0 63274
6 0 34910
2 0 72480 709094612367537001641828472702747937901001787100012104784144000780797593477152531563850670182270111584720
6 1 68103
1 0
2 0 29710 023412216250122420823325647199592542753766076847808155945678280254115183404294868283
2 1 59598 50825189238420918235169127548980249789296533340370510628770386232411650471679817284811163751996485035467750498013843
2 1 15924 91108412798356892974333142164803851855747743039279066
6 1 10370
6 1 67788
2 1 80864 047289556305929750670404968809714248468525858885929710453388003355552
6 1 38133
1 0
6 0 34519
6 1 72480
6 1 47420
6 1 30150
2 0 79440 87546601
6 0 22175
2 1 46479 863973175250215038753249085337505028136318609772892389860257744226454834150788742781980202475707005434408
6 0 96016
6 1 1524
6 1 69980
2 1 8180 62074332577209385440231082860849982632635532883085650642725312397359116079141121
6 1 89546
6 1 15924
2 1 4962 577953147819653470493161935009252061479259160837
1 0
2 0 47780 52592901684618799
6 1 7648
2 0 90455 3694139163044898899741195077
6 1 41992
6 1 14959
6 1 35971
2 0 53249 88945471586575531490929804874735441545728414458261490015924613417
6 0 53249
1 1
2 0 94373 209467617959953349112245131680608934
6 0 71362
2 0 48494 36005804323898
1 0
6 1 38133
2 0 53252 6795271185104493316146007171935298246813055266066594276221271918668858896285505143809683
6 1 8180
2 1 86271 2254094993462603686932369836673666897360506743133210
6 1 27576
6 0 23215
6 0 9062
6 0 71362
2 1 26332 468245087589166541689233986147851274813721303183961043566748947001869457778899109746582594282191535668
2 1 48624 609294637179208966940291719503641323723862852631280825148910991139094135224112062194779119543639282445628341930966050384055860
2 1 52741 40423228712639634189738515915573103380446
2 0 99680 5573627647417795703933949924536070885898142413335580313741696172
6 0 91508
6 0 30025
6 1 9012
2 1 62200 0073143641769227578922058566249115606531403748561925974852493822034448623552396506789505319696
2 0 18720 709788007647056100854808745
6 0 63402
6 0 47420
1 1
1 1
6 0 47780
2 1 44426 79944622892412097462058501307707502
1 1
1 0
2 1 84848 45840939501408820932514009214523419565479080104678668906744883013689860723226
2 0 8310 879777457628153340804038484186818674441479203552621342995
1 0
1 1
6 1 47780
2 1 72230 83445602052001144385166690925139407847676836163968630847107352599609845924265231894980596856406
6 1 44765
2 1 76864 7043001098368964790594272
1 0
6 1 48910
6 1 30350
2 0 61280 58703533083373560960523713516040092795062966642875078037244433329876759816071251458
2 0 14284 781004762479625286064538024055174761096331895982630710609528495951227689823505402739882340853162086683756339040402
1 0
2 0 90312 04
2 1 86030 73330627484136565027093784285564263915439296374582137264176417030344977867808005322811147202251531587404607147897
6 0 30025
1 1
6 1 56595
6 1 97062
2 1 94300 4612617561229546605556836846989187156956548508107935191494148219430511622209690983944862513634915149669068600395087255608640431
1 0
6 0 22175
1 0
2 0 18284 718018366041518848507567637674140492086687619897255624345571224283806036
2 1 23963 6076064987527290023570929481261463659591064768110456672281710217258857173811392190574606259750263455320881
2 0 86764 19242262916892287947863709336408692
2 1 33839 204115667024873583930155481277297639113386562917
2 1 70546 122753031967847468116905250887193336425486509622089
6 0 90455
2 0 73458 181856592652321228887400599530995111233972330484392490574766309080151039589625763859302515779
6 1 29710
6 1 59616
2 1 32700 15390061428203511309147780529682354946356044774451985236
2 1 79794 69069231032870826981912069407475978
6 0 86764
2 1 66522 9500818570474342540249463889193206088031249552982900674263436114129260989520740925358246831787250
6 0 63402
2 0 30640 812031494501514924758474925287848769957516417840333437785736888652254627620750494597376436564149595138681
6 1 68058
6 0 18586
6 0 59598
6 0 17323
6 0 60710
2 0 8480 33595246212479925966787088620550008106780695312182975049648169954043480849214674485209017786069053
6 1 73562
1 1
6 1 71472
6 1 24418
6 0 98245
1 0
6 1 59824
6 0 11872
6 1 8985
6 1 48624
1 0
6 1 80864
6 1 81082
6 0 18586
6 1 59824
2 0 44334 118964382698933339142680653689237344733418595460159326014331383282555
1 1
6 0 76864
6 0 41008
6 0 15924
2 1 98694 93321708452847023804126902336407211056720826575787977795306285425735479345500925997295
6 0 30025
2 1 79165 6673590827175942099198498725581418
6 0 14959
2 0 11780 43117889356704177310270975044911032638869915046388005994002001460141888047264551724546094481998385316731568650
1 1
6 1 90312
2 1 46387 2731734817535813301117670780611678384664298786738934703843
2 1 82925 0504198926712883639336664352552938420489148496401327002727418041963582537683119289565938990006282961148331752715764
2 1 25810 139066901522987113530258160650147991998106394302117945359621925764948709
6 1 72621
1 0
6 0 79440
2 1 51040 7437008531088454373668633515921350603596785372856574123427259847055994020968164326143354376283625145866866881719149
6 0 14284
6 1 23215
6 1 27576
6 0 47780
6 0 26176
2 0 21445 380703309757171734099801358664789371249797861
6 1 59504
6 0 98245
6 1 56595
2 1 46832 6795271185104493316146007171935298246813055266066594276221271918668858896285505143809683
6 1 53249
6 1 41992
6 0 94373
6 0 10370
6 0 98245
6 0 44426
2 0 74719 520295672839953996297507092167714899276571478993361512826165144958771801562678141392471460185751474294376780173386579038623260
1 0
6 0 87958
6 0 23963
6 1 20300
6 1 79165
6 0 11965
1 1
1 1
6 1 97062
6 0 22703
1 0
6 1 94862
6 0 44765
2 0 53749 36822164607005496956925100241343420118536548738445377623667023888436280194816246820207934698
6 0 61280
2 1 4915 768092055
1 0
2 1 16680 897330251755868872336297957695350395240465
2 1 32732 2295405364911271392000757371445380887398212535343176210279355
2 0 90998 70530579367126800073733117442745574704885127884476039684160336537616430005707883958797091
6 1 66345
2 1 97910 2132133973724621779040225350437365008557823701553072256327847584528247
1 1
2 0 20766 87546601
6 1 66522
6 1 59598
6 0 96016
6 0 68747
2 0 30430 9964503558
2 1 78726 790030585114080973399963848580024887226347448527941909959508144261174285325317371371623515834665681218583306038476924
2 0 7310 347710273001180257
6 0 81600
6 1 23800
6 1 72480
1 0
6 0 11965
2 1 52362 30636984579806439884732471448053154416001473841712425268607445047909501476375258927123475228141959914297
6 1 35971
2 0 31202 0763515562954377427575321675542790
2 0 87774 8343273387887427804577112809540997276832261144389171821119311504191897642473
6 1 25810
2 0 80799 9080137610400254751763664426007733968715448182147893537925406301067048
2 0 25454 85579038984100841115958823
6 1 68946
1 1
6 0 72480
2 0 75920 76647789365064050587026033822388224563394842556091077
6 0 66345
6 0 17323
6 1 48910
2 1 94356 220075429705329686785627796364489
6 0 73458
2 1 57969 5
6 1 7648
6 1 81232
6 1 26176
6 1 30025
6 1 6890
1 1
2 0 93960 7490738235375988901946712422112544729483422604201
6 1 22703
6 0 60710
2 1 90560 412908745680774313630190429314820559328748143552689295945058801322270313370955837837939182801848609300876356583948397
2 1 50890 186868133023707729703501482305021089887784177569229496541418360388603801029293
1 0
6 1 94300
2 0 22460 703026450498665277813408279690954187
2 1 97416 107260755740179043179835758563696167560960
6 0 60710
2 1 63216 414190
2 1 23678 09894610403864500
1 0
1 1
2 0 29643 8548213816509638509499292229922276017812696059932910035794677688
2 1 86464 73592288461816528813075412676245023535900850741575184784693042607149395396
2 0 90360 4657188684257683500150408870182806157724886146746699460597561497812564724110453
6 0 68103
2 1 73440 64546324421172697923340424550217045350505546111570102108510005018725028905213750
6 0 44426
1 1
6 0 71362
6 1 32732
2 0 50608 543019019462684511636536201391
6 1 63274
2 0 46050 053708716844101049725414319374831965175204315369675174608192732432779958915959323309274910907316924887148080757
6 1 89546
6 0 94300
6 0 32732
6 1 90560
6 1 53252
1 1
6 0 83248
2 1 82148 856396715448085203464723162547896307061038
6 0 93880
2 0 83408 4406669410585105471444667316972979886006183928
1 1
6 1 26332
1 1
6 0 24418
2 0 5390 48099957323186959558699067262775525069061217624914815876957911
6 1 41992
2 0 5446 9
1 0
2 1 80822 9242211496798243626136096179310404110820077699178442345242397345138652470573883519028222093550052398966413047623964562794259739
6 0 54096
2 1 66959 51684747602135624097345280856717086680429611590145243559715609798390311610032173919311821327641
6 0 97062
2 0 48240 79272717860827067978589194232999508654804941793849
6 0 30025
6 1 49818
6 0 5446
6 1 2640
6 0 31202
2 0 2459 61172212511775010714217531886811089289398170306769345052661008890346431394483
6 1 93880
2 1 65325 350656436844722182019404488913978627713077418551377970064947038970900463840049705148787968720220396567054737652239062616
2 0 71550 028670818303620284183758170488136789555663008823065097228294482725847395190283143104079081407953823210407
2 0 60095 506593478530046827807093635913942602327346602393332543294510478378331107897961484609341473598502848198166759502284170919174046
6 1 25284
6 0 18284
2 1 94700 0485137971986692037315598758940012222592195753753039722555855130615605273
1 0
6 0 20766
6 0 78726
2 1 13882 028670818303620284183758170488136789555663008823065097228294482725847395190283143104079081407953823210407
1 1
6 1 35971
2 0 44862 3464300608028
2 0 13796 7839262349192795368363240425398524709352437888588449503326306836266765464339878332797847142
6 0 25454
2 0 42182 21748236303528072259108507905341048592541395827961771903417533
6 1 93960
6 0 75920
2 1 24928 535407164130620635068213248243327347675300500380189344808694261557813301872501734549991868854021181551005979
6 1 97910
2 1 66720 26606087
2 1 88528 44034108871428193628461482257865597579031099255164
2 1 736 96677387
2 0 99200 51964910943997719484180885669782114084135626851280158281949399424466989809265062272865296973562759334412978409126195696988
6 0 4915
6 0 41992
6 1 12674
2 0 37545 3508267952736816051150250782030522739963742177234863376565932195673497805179555699414497552
1 0
6 1 67788
6 0 77280
2 0 15516 42930778730382520372975343211325351222640703400531067500454956482168314849207060705673849265774579830223671554026061117300483
1 1
2 1 90273 5435187596504530616818898333787624785826185769563242630423008438776111596766697245090931580635973
1 1
2 0 23046 78294350428753688367
2 0 3962 12802163515101048939840542107933352205071934967511657359882182237173034008950
2 0 30279 288209285200870475246765957067596141605748540807351646197353476572584797170579817191241363549196757
6 1 34910
1 1
6 1 68103
6 0 7648
6 0 99200
2 0 93774 397312195522031008018550278405895288664733088786256780396279989523000975811557759817597664089620
2 1 76600 025685775231368395272507318269280230266854183506080637
6 1 46387
2 1 69256 86365248276125020
1 1
2 0 31479 619952934670026326127051903450024854713877283938592776915228389585412890901881465388820228
1 0
2 1 26800 5520130515076463181295316030488249647598724375479966373328490554179650730969848805794
1 1
6 0 22175
2 0 28220 93756995807618263381323575316243960321066979877106973893469542939900775035281431308722255408250350340035210180
1 1
2 1 56396 20544
6 1 90312
6 1 76864
6 0 68946
2 0 64000 0143608184740030969931154495451390855682870658005413883389705117792428988787221795162
6 0 60095
6 0 82148
1 1
6 1 59598
6 1 48624
6 1 68612
6 0 41008
2 0 4032 657173895528947474154497
2 1 10392 97252852590183570532130048520595743261439105110059713993927008012664049816670837249066020919997005537346066668150680744073683
6 0 23963
2 0 80672 1705427682795818379358309569
1 1
2 0 75600 4122330
2 0 36864 053708716844101049725414319374831965175204315369675174608192732432779958915959323309274910907316924887148080757
6 1 30150
1 0
6 1 41008
6 1 93774
6 1 12674
2 1 35102 0024629627961753199603687162430458684664714421112570660257961542121651702
1 1
6 0 94373
6 0 83248
2 0 23716 62190679973364238389734424430576
2 0 71600 82313281234045886343123979
6 1 20766
1 0
1 1
6 0 49818
6 1 2640
6 0 9062
6 1 30025
6 1 32732
1 0
2 1 30434 9582751253352427675248531753084020224608480507910844579648526433721264183386131
6 1 60095
1 1
6 0 98694
6 1 68747
6 0 30430
6 1 98694
1 0
6 1 30430
6 1 82925
6 0 64000
2 1 69494 8567866768751230639531232425809854997968118678113101343302930615347230280798028
2 0 56807 9574251797037231097750455368896526079305587940
6 1 68612
2 0 34556 136818991
2 1 11435 74170752
2 1 60300 72102617346048230206564474233215501837997724737
1 0
6 1 34556
2 1 83375 4270973866
6 0 81232
2 0 45834 31194254157783873268005099339567502234497368851645681342261050450651341953900743659735953249293844145887366683006229087328
2 1 83718 375647000364616376507516846333236434161520283361354242607443324687298578117951635930
2 0 66748 057367084788030249365005115381451880399230388564126978684744192377585567074227872593312168
2 0 90790 541986181257872852373805
6 0 47780
6 0 14959
6 0 60095
2 0 21575 83525875692656881611007933245
6 1 25810
6 0 60095
2 1 72052 40423228712639634189738515915573103380446
6 1 90790
6 0 22726
1 1
1 1
2 1 91186 41909317110894801
6 1 8985
1 0
1 1
6 1 27576
6 0 30640
6 1 48910
6 0 81810
6 1 63274
6 0 25284
2 1 61120 529652711553319208202192129998780994169201774255951906435544697748141265356344848053392882015085272588662051293366540045744
6 1 83408
6 0 84848
2 1 20536 78106401513658045908565
6 0 26332
6 1 78634
2 1 12514 096173805290055393265745925017547920922135523842235253668906439990561945250864592725060743242551
6 1 36864
6 0 98245
6 0 17323
6 0 49818
1 0
6 0 64000
2 0 17536 634748947442139670550486757726728373153291145108302378172978572106
2 1 31275 812649459298125735536316218123788438126946706267212825624379055435548146610867974104293151201080723318872212
6 0 71600
2 1 46746 651856627464311095058954343001889156096654124306002829102804832248463019318270546
2 1 87240 726602
2 1 92125 529652711553319208202192129998780994169201774255951906435544697748141265356344848053392882015085272588662051293366540045744
2 0 77976 459758454358302198811769910481760729916
1 0
1 0
1 1
1 1
2 0 13170 7119266394843655928835445268876156525833663741713269578577202421810651527311509
6 0 63402
2 1 92600 459805178503758699754665960941199159326208140784319979363799932642681170200
6 0 70546
2 0 77098 575307428238109928448283500638050229419418226468263720923543379114783874142
1 1
6 1 49818
6 0 33839
2 0 14201 3447052040219254243920586184009220952098
2 0 35112 47380812964993823981334939500345257125883913060631977302190556181263134100481660368664682725
2 0 66360 812649459298125735536316218123788438126946706267212825624379055435548146610867974104293151201080723318872212
6 1 33128
6 1 24928
6 1 31275
6 1 90560
2 1 2753 35134977330027850275691423343808760797717195685206411430592553285827253036129735499725257807
6 1 90360
1 1
6 1 35112
2 0 36420 2752504599122636722593017004071640797480756371462243289647088801687758551884764820412983094571264980731774904126571214157976
2 0 54800 1224347748644911324998388719177123958349623683754122968936302156042806656686013458
2 1 55525 22491672989
6 1 95919
1 1
6 0 98694
2 0 16743 0143608184740030969931154495451390855682870658005413883389705117792428988787221795162
2 1 24 09609441
2 1 43926 72102617346048230206564474233215501837997724737
6 0 94356
6 0 3962
6 1 9062
6 1 94700
2 0 27368 96135366455247448312033967558284338
2 0 32540 49278474947974959542515583599106459491
6 1 50608
6 1 85354
6 0 46832
2 0 4951 1515076638928770165825888682571803660
6 0 98245
2 1 65750 315653705339647554996141636176732239780892344944127102191380780751114664508115936561875
2 0 37490 3192163258859011559750513086756892636598304230038445861422033560468535920495378496152301219687339355030990474992436599674
6 0 53249
6 1 72230
6 0 24885
2 0 9076 0630706035946734417324441662655558344808367759047778583747813377763374112226666988360810490577147988263462824443359
1 0
2 0 24840 268953442114324284203399567832263260556731304853551231004428088735406702309711074317033702756256
6 1 97416
2 0 62929 95831506007060086175753592175065108817
6 0 30434
1 0
1 1
1 1
6 0 53749
6 0 61280
2 1 51437 83000174241892547125469337346033974425562594401336944721675345186452622079247591704
1 0
1 0
2 1 93124 20027
1 0
6 1 86030
2 1 39515 5272391251556006812597250641595292801318799340703642052721486629270742684
1 1
1 0
6 0 9012
2 0 52495 2742043378173141335
6 0 78634
1 0
2 0 21152 64546324421172697923340424550217045350505546111570102108510005018725028905213750
6 1 80799
2 1 89328 393300707237315918183888472126708341922113511081
6 1 23215
2 1 12624 456441973574794911380652147251054171490090827169869874556126330208404472072651705147718057024046038464474032629355897722997572
2 0 12007 2331821147944004290368144894200668924567583388
2 0 66172 47767732719366150589000256978777218
2 0 6765 231994165160
6 1 4951
2 0 1872 1601338381657712586055170534969992324691284824233199219001255839303525019108569
2 1 71925 47767732719366150589000256978777218
6 1 65750
2 1 2226 00778790213345198301603500983004162937061682109328987733198
6 0 30640
6 0 46832
2 0 18920 34785926927
6 1 36864
6 0 48240
2 0 54482 4592221944375530287312256043237176246735314007206679007890053073695192870650248504251214744
6 0 80822
2 1 59312 1796557012166544225497370263476975332056469079257224615759235635702364090502357
2 0 91766 609294637179208966940291719503641323723862852631280825148910991139094135224112062194779119543639282445628341930966050384055860
6 1 55525
2 1 92048 51307545451067431247879718982650925642406099430584298234749246896113141996026319992938798417546486165
1 1
2 0 13569 3288999734710732
6 1 37545
2 0 33030 73246684620301374497552289721052436559949063283925712844265903897969354674596592533923637054749563455322224173599
6 0 18586
6 0 48938
6 0 93774
2 0 45660 59158696717455816302966464095801660782598
6 0 72480
2 0 91611 29834651252
6 0 24840
6 0 13796
6 0 68612
6 0 34556
2 0 38682 043455731051020466
6 0 43926
2 0 89746 03512649076348017714953340508111595594314299413216994605822487333700922294636787480702982493597536
2 0 80006 86420871993624396782644619630516139273049537288
1 0
6 1 22703
6 0 44862
2 1 17875 13
2 0 81794 025685775231368395272507318269280230266854183506080637
2 1 91246 539628120185446228020296173659036014200735778367204999640656568022718253904856833388706648742920891195
6 1 14959
6 1 97416
6 0 10370
2 1 34377 09433371333306726867672220483305693289034761540560365860738033957929191685510729393711238181
2 0 96010 619952934670026326127051903450024854713877283938592776915228389585412890901881465388820228
6 0 87774
1 0
6 1 90360
2 0 70287 90930447142035792359372047412982833235171123286541
6 0 14284
6 1 84848
1 1
1 1
2 0 97008 87484
6 1 54800
2 1 84634 594918489202180668574019053376362
6 1 41008
6 1 4032
2 0 76204 2564517191719593141270279825269827166382458969622066160954405652450602118266389409756962109198812926022
6 0 44862
6 0 16680
6 1 83248
1 1
1 0
6 0 32732
2 0 41206 2139072809209420664613645897441675402332239893975529589704103
1 1
2 1 64470 9034427073497910418323210893370905102299700017325497337594654137774605970739929355998
1 1
6 0 91246
1 1
2 0 80640 598581058826865323570783607817739342479928774980514687110338260568543803794604257752790846978468606968831594960
6 1 42182
6 1 63216
2 1 90512 4052160416343484705505107497347286337964100046243002820603426173456475560324514931297524926209538
6 0 96010
6 0 80864
1 0
6 1 54800
6 1 31479
2 0 85634 720540629835886964288105310642455282789987237012379056218952926639120509462814665
6 1 64470
2 0 98640 17812225238673412349067500079564228865750659086581184987894482162631067
6 0 98640
1 1
6 0 64000
2 1 81232 914335389969
2 1 75972 05804938012211502114641946304165982114878171714047644422748
6 1 55525
1 1
1 0
1 1
1 1
1 1
6 0 31275
2 0 48140 038012509478351201640618984143988087783837107349651099683484992553337438088
2 1 50720 44963268472132578364808859614504599
2 1 80199 12660874601606176153501869796822372373516230745
6 0 43926
2 1 48848 236010105280454621232851821344582197356566961189528077547856511228735645957264054100239556770731833685618571705501374961213
6 0 17875
6 0 13170
6 0 90312
6 1 77098
6 1 13882
6 1 22175
6 1 91508
2 0 16744 4696528081573964939484890113184786848966307654091644906743709413
2 0 72044 84970486193
6 0 30430
6 1 41992
1 0
6 1 69494
6 0 15516
6 0 90560
1 0
6 1 46746
6 0 25810
1 0
6 0 81600
2 0 93715 6369741384654717084378319001200539624553299304973450
6 0 30025
2 1 8320 612732914214166171703983782309612016912568277390067250698060697749667104726433664
6 0 22175
6 0 736
2 0 31661 24095615676419126044878747
2 1 55875 98850474646396241172121514049249265958070221690004904855658263253370729092772
6 1 7648
2 0 98828 505
2 1 36936 1290388577089307478371008345014562035666767719162727651399592653244427923731578583241159510645308913474636528103155
2 0 50946 955029288497915507057699271956175690142803
2 1 90280 67013441575928598876763903211857223858228965070393840369760280325029068127265150609279415
2 0 84928 63762903798622928889343108197540125848768854354245115
2 1 22984 1966197322189492039703402096942499363933779539311666996559047885051866774466946073602719425590801
6 1 75600
2 0 76082 9514183701488924583396717437891140340662142058108226427246
2 0 42757 7831157
2 1 49702 63315479699573699844254772496340727428089592315925062804302308210048964702087
6 0 91186
1 0
1 0
2 1 4860 8228680452331103810205017055173880453593884772474406440053137263337917140241101082902347325694390748715
2 0 67460 117708641718958216902963423637621490088879681122532400
1 1
2 1 95320 48634924620479615735308306360752687115819319253968435478966972575066882236369073328758223607200445759192
2 1 15844 564904422788199622633373787713633387769914182790489798699428176435247
2 0 18756 90826525623674097897168730652783588348786970713409228843800344651687407944623314192494463570522207285241443
1 0
6 0 78634
2 1 48608 43975237300510288716531465354130522137459570131837221161981193
1 1
6 1 7310
2 0 96962 619952934670026326127051903450024854713877283938592776915228389585412890901881465388820228
1 0
6 1 72052
1 0
2 1 26349 459758454358302198811769910481760729916
6 0 48140
2 1 74016 239084440928425712529195258441842627838687756448700187316946685313148037294243952241586
2 1 92100 882580587747166946110514
6 0 30025
6 0 90280
6 1 9062
6 0 2459
2 0 16916 7122583632770702908552053110863233377146992488445982271912038019518546250264238769342175967217222759149
6 1 89746
6 0 84928
2 1 89394 64590757546109237369709624048644342473926825791934258045633347292349314142764159316410408190270817060161608492001
1 1
6 0 84848
6 1 48848
2 0 12948 716695758056485184516903478441388204866630862141381842656665404590882075095004680523422
2 0 90403 43035515757015966512549449476117343262347373410572745584362477489547290093275073627800
6 1 22984
2 0 13292 4112360159847396854479812227278283381069997461958991979345039428472762208913735485414234631135668110037
1 0
2 0 33610 92172582725934822553050134959718269033229967776077147344159589770190549683494024667029670094333403205687105602463040160782531
6 1 30150
2 0 59928 8418188864436150248903928741103717267662235838637165990637261990796712555487483943215
2 0 53019 1527054427406100469232377536312803490899645158368791410814013657695
6 0 72230
2 0 31904 75898053718430592970323473408112436373532795764364613904140629
2 0 94640 41107629574716725010976960223366609771702953843
6 1 48240
6 1 94373
6 0 30150
2 0 96796 2925190785505436730860711296777176251423860811095018598942080140876
6 0 17875
6 1 49702
1 0
6 0 75600
1 0
6 0 10392
6 0 79165
6 0 78726
6 1 48494
1 1
6 1 65325
2 1 66685 0940429648051515951099920468808970398549580063387603
6 1 52362
2 1 13717 60635727696475775681506132544309200914032126018954482640683596244275949703331946573949477524657469111516237754643678062332301
2 0 76192 4236199005705540734150819422827203428516746069274282052714056378142
6 1 74016
6 1 1872
2 0 70770 1877135703822000192973371
6 1 21152
6 1 80799
1 0
2 1 12992 016902339168036732428396406529998692087971757034577678644611398
2 0 70240 924731170400400793452264264256257452419611895571
2 0 48997 1241892114710685985103811473111116839313925155518722209989091004761467451703377758
6 0 60095
6 0 94373
6 0 31661
6 1 66720
2 0 75254 568802986731301012034504876606385013537286
1 1
2 0 35078 58070222138
2 0 42205 647879909319208106105040327101374538813546475478407674432048109561230995647558390499921965853264642650657075548976
2 1 29320 7620559253488943279607024471942307799079819390387932999184284143104954919981475433766570711
6 1 47780
1 0
6 0 66172
6 0 6890
6 1 89746
2 1 97796 8177671151064646807514493399981965542523515832959511271
6 0 90998
2 1 63416 63071051588991106015282481223474240796672621043435611678935362743890852890525910323111
6 0 98828
2 1 77760 07216103075716407761799451739539701598855869217494242326675
6 1 11435
6 0 44862
6 0 24928
1 1
2 1 51756 79502355710612292182059637279458837197729556862984276747492641452042355327554032040194028059121770435300772
2 0 35910 303161742921205742802471090233845559069837638370357979934620320646434029496160548036376655048848701740753845
6 1 93774
6 0 46050
6 0 93124
6 0 98245
1 0
1 0
6 1 95320
2 0 96560 87697696079441271755935862112448565125003809930558968976376798795857111432573811176820268249
6 1 36864
2 1 17194 136705323955527533348840219683850821259406273757428668312465801249527555667059883680600800760957563753788
6 1 48140
2 1 77165 71999305586091635881289410475209620128544456528224288955
1 0
6 0 37490
6 0 71362
6 1 84928
6 1 2753
6 0 34556
6 1 53249
1 1
6 1 9012
2 1 70195 8006016125210069877572881881131551540293958507232092255546610
1 0
2 1 12046 05804938012211502114641946304165982114878171714047644422748
6 1 3962
2 0 53864 51307545451067431247879718982650925642406099430584298234749246896113141996026319992938798417546486165
2 0 67860 5431052530413515437500840245019208695701676132876186301984387282046868
1 0
6 1 96560
6 0 1524
6 1 81794
2 1 73825 93496441294783204389765302048112719388910934671545251750113487132058468440174965757994237690678438477231
6 1 69980
1 1
6 1 4032
6 1 83718
1 1
6 0 77976
6 0 48240
2 0 584 10237474628951577351619912662404802781171585651927773
2 1 19572 13583439167340515935150923
6 0 73825
2 0 46243 1736986600330292567592014016024405718051667384765861230329790086424244757103497708563453
1 0
6 0 46243
6 1 6890
1 0
6 1 736
6 0 55875
6 0 48240
2 0 48180 873475877924119734654837430479263169323562676372431963025526966444154790945065130324
6 1 20300
2 0 75178 206837955027812770717317382882277536841172292
6 1 96016
6 1 45834
2 1 86142 5146565722599742941221
1 0
1 1
6 0 9062
2 0 60951 53061951740
6 0 86142
2 1 40224 29588175997294192480259558843703687398523004236308971215124763640426
6 0 86271
1 0
6 0 9076
6 1 92048
1 0
2 0 98420 75249656972946633732
6 0 86764
2 0 2063 74101943980643466566001970828022589290775043918685996808592506935719476921678554
6 1 32732
2 0 11022 365623325856722127369746374660313850026285
2 1 60414 4657188684257683500150408870182806157724886146746699460597561497812564724110453
6 0 23215
6 0 48624
2 0 63216 702617356836610827228586691768168282646899511310098734730980572808369006362386591556575
2 0 62770 5997230575360955255767013959951518091656664489799570259636156724882704762470618343398664861165502721541064542904
2 0 3486 319454100096378613063635704497784029610063110549191575113675485432356632849596483
6 1 21445
1 0
2 1 60530 937384855426243
6 0 37545
2 0 97820 267754147375226971714022429601218550062417705256766636709113259823159417603125455
2 0 72280 231994165160
6 1 69980
6 1 5390
2 1 23370 6900284469044450503504983704281424979881979239741121010872650634762676529341412917751978959755300917151491887145267
6 0 83375
1 0
6 0 78634
6 0 79440
2 1 15568 1882956519277525799009319666946800408025345685861449073638338816734197035
6 1 13170
2 1 72384 75000095034980853510652848832922175223090322959276417568784079
2 1 64734 7950218476329812759825654236854813391541281670936006120425430340363484398135242676905412531664527234230
6 0 22984
2 0 94149 1910495453474415182325025468
6 1 14201
6 0 46832
6 0 12674
2 1 74304 56810
6 1 80822
1 1
2 1 20222 7007763321983987103497266351356302049231256318350804193331799199415373452999875894987887921365
2 0 55926 99859484907981909292043890313899404976492
2 0 39607 313066340837660520
2 1 35136 03271127140376521706152134765355060962791938904452638771454
2 0 24273 85521
6 0 81600
1 1
6 1 27576
2 1 84120 49875167924364309
6 0 79165
6 0 74719
6 1 33610
6 0 48608
6 1 20536
6 0 63274
2 1 68672 5370559981944087208677551773459105574926413574535236951703621887655153942541215828225385843526247831
2 0 92350 0444853454879908958227078390101856060400366797
2 1 27678 34643130400827879958376495344773488796748454549039
6 1 52741
1 0
2 0 32738 570957025814616731164752121184585632978536020211845286825788889475732620792
6 0 59312
1 1
6 1 10392
2 1 91666 951545263195407251822586717050175994408035543068090968680995173072909738216256776759231048089350561644603343974811595665448
6 0 52362
2 0 32388 4112360159847396854479812227278283381069997461958991979345039428472762208913735485414234631135668110037
6 0 53019
2 0 73597 988717590634093545575035354350
1 1
1 1
6 1 16743
6 1 51040
2 1 4724 51803421343973382536152662734600130972985683194969
6 0 77280
2 1 23338 3952377670796802458489721096336
6 1 48997
1 1
2 0 89352 3288999734710732
2 0 82365 1883
6 1 48997
6 1 23963
6 1 89394
2 0 5766 789872510895765572074457348780099382897037891
2 0 18721 6260108263747141341
6 0 50720
2 1 10937 647879909319208106105040327101374538813546475478407674432048109561230995647558390499921965853264642650657075548976
6 0 6890
1 0
2 0 85668 70551528485497696789243756
2 0 26766 81779362846090897721250578742721340964009311163158340423517866694398977791292721766030550410309966413786724101034811070331
2 0 28174 4342498435627766017868212965036812310508285956888
6 1 82365
2 0 23564 6317914738996232630945886381896412724
2 1 3039 268953442114324284203399567832263260556731304853551231004428088735406702309711074317033702756256
6 1 98828
6 1 90280
6 1 89352
6 0 91186
2 0 71004 355847088304947825679937755462867809951212641925990797229049375967100826803617280372575101506102585813845506242117
1 0
2 1 98430 13350547895362350934382834211507143618068085675676066303388362
6 1 89328
6 0 17194
6 1 84848
6 0 68058
6 1 12674
6 1 59312
2 0 9272 12458861248931720095044051652665195529238787099
6 1 76192
6 0 44426
6 1 63416
6 1 7648
6 1 17536
6 1 56595
2 1 8030 02221912374868814313891218407038713687359991448707097862067742550450150749574079038311656439735151180475517488300728640
1 1
6 1 34976
2 1 14490 9162027664449477801986537914779229330723363986634230284286
6 0 76192
6 1 92600
2 1 47114 367389401592333080894796263960215200612901
1 0
2 1 95711 14905028847966994019867772163180591
2 1 87400 4425728826806069753309701018647476228580
6 1 65325
2 1 48303 723882273090329096620794430320880029390931165742738877396025397061732
6 0 64000
2 0 48334 8161827378669987505458996896700475683523129570
2 0 95344 052232027825500946222113591124579122623758327441699903644783607841845490487677534503483381813885598877342431290929
6 1 52495
1 0
6 0 19572
6 1 67860
6 1 90455
2 1 29340 9944975665211205663210668100243145328971071445369839945664518586716
2 1 58402 88631026142869558273693362850974944671443690705738202169623903837836284464288182312579037840821565374824689922
2 1 42825 0485137971986692037315598758940012222592195753753039722555855130615605273
1 0
1 0
1 0
6 0 79165
2 0 18500 744176113849242006583915751807603911343070
1 1
6 1 51756
2 1 9400 744176113849242006583915751807603911343070
2 1 91180 55444324630644081936505353474597151696196348212195
2 0 37237 9208473159564384545
6 1 32732
2 0 68604 89279179058746813564224578566165967978338812345792153681514511103874360
2 1 972 741811057395933109369723584477693326688016716279763395689348673139721452797386863114274830657076276351898312007359726190
6 1 76082
6 1 17875
6 1 91180
6 1 96016
1 0
6 0 33128
6 0 93124
1 1
1 1
2 0 49998 412908745680774313630190429314820559328748143552689295945058801322270313370955837837939182801848609300876356583948397
6 0 69980
2 1 51197 4236199005705540734150819422827203428516746069274282052714056378142
6 0 31661
6 1 74719
6 1 86250
6 1 60530
6 0 31661
6 1 91186
2 1 1210 925457335004982801671131521983558151305365373682514172613617883
6 1 34976
6 1 39515
6 0 44862
1 0
6 1 79794
6 1 31479
2 1 5410 80492254993490312186679454905851652280245146239523823553498
2 1 84805 36178538289297564933021778913032324374279968128489051923375457565739104728566696184835167664884
2 0 38114 962318676139858
2 1 80534 4892499558279296712267364069363788997584476679433880299692977874132840304574843813104012160016443289665320664485881815024070912
6 1 48997
1 0
1 0
1 0
6 0 70195
2 0 21700 36616523459418730699339380183807992494203754314640577079067856270349558080
1 1
2 0 9785 53
1 0
1 0
6 1 34519
1 1
6 0 2226
6 1 40224
6 1 19572
2 1 91626 382736347
6 0 86464
1 1
2 0 70955 999455394813860167533993833565846329694746012279296568
1 0
2 0 58012 1484
2 1 35720 78106401513658045908565
6 0 80799
6 1 16744
6 0 84120
2 0 15156 2391509897938200316772028235
6 0 4951
2 0 31435 8161827378669987505458996896700475683523129570
6 1 7648
6 1 85354
6 0 96010
1 1
2 0 47340 01238732418952446661901154218435064191023827282932663787577482692428136502102172650673186
6 0 70195
2 0 70342 4038394607279525710437017977702157590200701074146070801316100731067358042091877453087811162891185792423577
2 1 60674 239643004186811992372396421839017529471112098961470
6 0 68604
6 1 51197
6 1 8320
6 0 89328
2 0 69109 46813861892450
6 0 58012
6 1 33128
1 1
6 0 61280
2 0 94036 697979715144702625694320788353217364183
2 0 59132 0910979
6 1 14490
1 1
6 0 80864
6 1 2063
2 0 92580 0277164333747431794664414805259074967158802134700927658577353027325911840877912513631312306048912602970209801256750010314062390
1 1
6 1 21152
2 0 53905 0417003194435
1 0
6 0 23800
6 0 31275
6 0 96962
2 1 12317 914335389969
2 1 34074 6345161533413925924014682
2 0 21574 682087558528296391530416809941852399039506632404167690960941768148790654451478954626292551577
2 0 23996 69282416854
2 0 8168 3284750503433675983849214806110
6 1 25454
6 0 91766
2 0 57240 633288212821999882529836336877355158809338574633953397165671003906389805292381965864760279061994
2 1 57294 255617883694138107340458718750080428084479280743105933367661730082103432430664647276889057812556236
6 0 972
1 1
6 1 66172
2 0 98400 3174151682068387691858440270611985946968939665853010541536631343931814296366245677779
2 1 41936 707523049858009774475923223197304378088127491936207200535774433
1 0
6 0 33030
2 1 28873 238620085706398552917398650991457604050445134987308713448204174684898345902687499705277731065943321387612457120809
6 1 27368
2 0 18804 0248256510806833516055
2 1 6900 410710390290468336736398607135873308173315984863815503162828303973560881
6 0 15156
2 1 29944 231994165160
6 1 8985
2 1 26562 8624112264270716644234257900702450696193088644364493024523627435760575100579028464244341517726719271014329924432456383936817102
2 1 88576 47230311203
1 0
6 0 49702
2 1 56125 812662430205105801382845723891622138566893576957700259303761525953
6 1 50946
6 0 22726
6 1 13717
1 1
2 1 88060 65938902715999614038421908897204792329408246159237840264074275724724929778
6 0 91666
6 1 5446
2 1 47851 8443899493867508485161372727209631401083503982446784549362356337332870324
2 0 77368 367389401592333080894796263960215200612901
1 1
2 1 80632 660639037055643355902596106379112184141630
6 0 18500
6 1 27678
2 1 41768 10484887998014519768265
2 0 36919 756200718435
6 1 71472
6 1 33610
1 0
2 0 54553 8681387758106753836083456339245080488
1 0
6 0 18586
1 0
6 1 5410
6 1 30430
2 0 42390 413419398206302095390048378657500640003685144557329667535401715313893672432040056410
1 0
2 0 87976 0440490702773952880937205059004503873712503388818627163073535320272126434268673459604
6 1 10370
6 0 96962
6 1 18500
1 1
2 0 31104 467057549404
6 1 70546
2 0 18716 58038880271889980523063071616
2 0 39719 28289078158612425862653924
2 0 7700 1241892114710685985103811473111116839313925155518722209989091004761467451703377758
6 1 48140
6 1 70342
2 1 1732 56642935188033831073170621878079604726946536439235687739122485302891860473624973582
1 0
2 1 12072 6819897
2 0 20660 172896693642976
6 0 72044
2 1 54018 5900937228704649094552051474472358658410794206
6 1 76864
1 0
6 0 8180
2 1 2607 8735909037267991232979053433517155764546205016641777926432831611113569300381132083893075410718728599936469
1 1
2 1 26368 1092644
6 0 67860
6 1 97796
1 1
1 0
2 0 94000 158551128675204371853298
6 1 72230
6 0 72384
2 1 65380 36178538289297564933021778913032324374279968128489051923375457565739104728566696184835167664884
6 1 11022
6 0 47340
6 0 6765
6 0 71362
6 0 62929
6 1 89352
1 0
6 0 27576
1 1
6 0 88528
6 0 86764
2 0 61500 122753031967847468116905250887193336425486509622089
6 0 88576
2 0 8077 32664104245020144056602337929990387777509089671635527206028279733740156982
6 0 9076
6 1 53019
6 1 7700
1 0
6 1 77976
6 1 4860
6 1 19572
2 1 32528 77690722691384225199551000547900952838281562743026329974966
6 1 59824
2 0 79150 3266815869466288168789790582697175164499615560750795685
6 0 18721
2 0 60463 35092937742894729915335126990953363873504377280832
2 1 81400 6823895316602115989805424408541034653985081
6 1 56125
2 0 83444 97517265881792305653939679402640269924786566783191503118883
6 1 13292
6 1 16916
6 0 48910
2 1 90608 1176353809216834889186222
2 0 740 204115667024873583930155481277297639113386562917
1 1
2 1 34400 519072677183559541880971936857129601878874502278790
1 1
6 1 79440
6 1 98400
2 1 77312 590473019714807259066304783757993423811083586075359243302835699831565536537775808895942994695376889304270767104807967368798
6 1 37490
6 1 77760
2 0 34464 918371869533273
6 0 11780
6 0 59504
2 0 8000 79272717860827067978589194232999508654804941793849
1 0
2 0 78848 558195792381595903899159639291882530288403153276089881921545
6 0 8180
6 0 54553
2 1 78980 0923563648684736347990693532349069440779813419415224094
6 1 73458
6 1 46050
2 0 99791 46216143190525547036499925535340312826949977739829948517110757551536995257650183036031652906640559171877236629225264292495
6 1 9272
1 1
1 0
2 0 70208 751131024843492757857184760625512844438859137997560871509963204898304470625740330988653556
2 1 1840 086514322605965534518621542215214561713605997561326145137767
6 0 26766
1 0
6 0 93124
1 0
2 0 65736 1515076638928770165825888682571803660
6 1 60710
6 0 36420
1 1
6 1 34074
6 0 65736
6 1 20766
6 1 24840
6 1 81232
6 0 75254
2 1 6712 18455495305537307037335522823702149811807828706281106763231136762324852968476970923280
2 1 8864 672276256631573835775593239139454450336568265284431332812623202284811055400
2 0 50737 424376644160222365296716692975644969712492372404793397
2 0 8125 3508267952736816051150250782030522739963742177234863376565932195673497805179555699414497552
6 0 5766
6 1 47851
2 1 2048 0144384210039694401645186999817381194743874007441410074382755005062038
2 0 22085 72831796912798037137250
6 1 68672
6 0 31202
6 1 39515
6 0 6712
1 0
6 1 58402
6 1 84120
2 1 8419 5997230575360955255767013959951518091656664489799570259636156724882704762470618343398664861165502721541064542904
6 0 66172
6 0 98420
1 0
6 0 20660
6 1 85354
6 0 4724
2 0 22768 347710273001180257
6 0 16743
2 0 24236 268662017208389014012866611335193294898356356008411954371316285273688257650591047
6 1 85634
6 1 34976
6 0 69256
6 0 91186
2 1 41464 82290429646455882384125458360948196443736527509929421980603783180644791
2 0 6700 6828160822334128300027698502871223043017507304474058345933714388589939856655655951206161321681370553046677007033425315225
2 1 54934 447846568893839207137410498
2 0 34021 89279179058746813564224578566165967978338812345792153681514511103874360
1 0
1 1
1 0
1 1
1 0
2 0 51216 11005633021560146968973872079480187704976117996458496767364494113854702269997691107086361799240277173391551
6 1 16744
6 1 94700
2 1 59374 135269467305895777089218017800304068692757623852724203083759783250822080504872479256869
2 0 21190 7823878633419523285386514060108514068917613820167304371720419817570306180258690392556528624807410359009898
6 0 81400
2 0 37680 28092936423967743885641610744839699199244794998077633968999063296068825473881934050787994752166703492673597919368
6 1 75972
2 1 64168 144207086493543743441417821078481546161023894228747056157591767416527525104506010983645866910390046460449282
6 0 36936
6 0 87400
6 0 29340
6 1 11965
6 1 54018
6 1 41464
1 0
6 0 1872
6 0 25810
6 0 95919
6 0 73458
1 1
1 1
6 1 34976
6 0 56595
6 0 98245
6 1 92048
1 0
2 1 5952 597026176253407553188801750590935427267220117591817866992665840378311257621
6 0 23963
2 1 35540 393593287869187807639600837969215248384319702799406797
6 0 71550
6 1 89394
6 1 48180
6 0 67860
6 1 99680
2 0 34102 0251931272335
2 0 57915 8177671151064646807514493399981965542523515832959511271
6 0 68946
2 1 58088 11110092747738468899075428301678882501398088122543800323170411153598404854497812290449283412667103604485
6 1 94356
2 1 17785 89678751397121706
6 1 40224
6 1 21445
6 0 90312
6 0 1872
2 1 93955 851263889039896369196
6 1 20536
2 1 78872 6526247389382461641197519513022377039300739755508595155297744178363872055791307611965658087035466963900131
2 0 1892 65623577554030364789424461045209600486126639041254152342017814100879106511855785
2 1 46751 2746214153605572999689356981304743574542970721211896357079731033086282193437141084317425958566012897
1 1
6 1 29710
6 0 57240
6 1 18756
6 0 52741
6 1 13796
6 0 46751
2 0 90490 43197
6 1 12992
2 1 63105 90172773025201756196463640
1 1
1 1
6 1 2640
6 0 34102
6 0 98420
2 1 71448 354429911107738906382339297840255389591327771960439222067877913990284299900252810067930372847874155414233845169
6 0 5952
6 0 80006
6 0 84928
2 0 64455 8418188864436150248903928741103717267662235838637165990637261990796712555487483943215
1 0
2 0 60777 801774670741218357147682302788597134713712753445514126633008138169801393936554050655189622505252067280068306437052075
6 1 5766
6 1 48240
1 1
6 0 60710
2 0 75734 33445039505512061685
6 1 56125
6 0 49818
1 1
6 0 13882
1 1
2 1 80112 276556
6 0 8180
6 1 18284
2 1 67450 144207086493543743441417821078481546161023894228747056157591767416527525104506010983645866910390046460449282
6 1 47114
6 0 67788
6 0 6700
2 0 71250 82312049229025872236516641123063436542699885392040696725899067480222632085596
6 0 10336
2 1 19048 042683624960193399745349156194760847607191257379133060287018111015262341146420589790350789046215283185666292476013481166
6 0 92600
1 0
2 1 88928 71265494026512415065006620419391446629692773670667925686026330142299924428606569004674666
6 0 48180
6 0 44765
1 1
2 1 58864 67878660870149572971280577428660892064175137189597656483440689632842458520264540782939683533192240749154170410056579360763831
6 0 50946
2 0 38768 1938542658276844853543480912860337261990071546175390
2 1 84038 5900937228704649094552051474472358658410794206
2 1 81752 93273385613346834936728352524743442838131243315970946299061056383219325600327587306838032154954142177669234821987053525
6 1 3039
6 0 56396
2 0 61440 304045285718171857751847902326001297901019598987754428604199762938128264074812727744
1 0
2 1 6360 357493544486443168601755237193487026595732675129
6 0 35971
6 1 72621
6 0 60777
2 1 56352 6180180833488750010019
1 0
6 1 76864
1 0
6 1 44426
6 1 93715
6 1 75600
2 0 48746 8454805248541184332134978502885835961615367445643699934739295
6 1 9076
6 0 77368
6 1 63216
2 1 25335 7178829
2 1 45840 336765843638780408648
6 0 57240
6 1 30279
2 0 39584 13270779116392098579923334867235593425743634489361525399794043540318095456536725010009577739393088474320679018180016694
6 0 32732
6 0 75734
2 0 79638 89264874917759835
6 1 15924
6 1 53252
2 1 81072 3692059172898
6 0 18716
1 1
1 0
2 0 1085 5856537983396708073639609658840495616
6 0 72621
2 0 94243 73330627484136565027093784285564263915439296374582137264176417030344977867808005322811147202251531587404607147897
1 1
1 1
6 1 36420
6 1 17536
6 1 68747
2 1 58580 0701546274166
6 0 77098
2 1 23504 14911076614806251400
6 1 53864
2 0 89591 7453439238198887953861176233885157260297297981621140039
6 0 90273
6 1 56807
2 0 92988 82312049229025872236516641123063436542699885392040696725899067480222632085596
2 0 22709 4749596003350865141485848707881820352795456741176184615821324511944189425346561536637714956093002594076
6 0 55525
1 0
2 1 12956 11763205256014679374886448600643800643676249445814325908
1 0
2 1 25412 5766140780379556561401661450134809517385322850305754896731574856997690637
6 1 21152
1 0
2 0 93111 566831920376440540983073762106617201577114011159376650009961615753207473180156312351941150491254336583124
6 1 38768
6 1 60414
6 1 92600
2 1 57991 5900937228704649094552051474472358658410794206
6 1 48494
6 1 77312
6 1 6900
1 0
2 0 41240 446217704544327988184967252832164794783768522298976693487193219825179
1 0
6 1 80534
6 1 93960
2 1 91638 07410419065341421805437445321482863676171929769893
6 1 42757
6 1 88928
2 1 5626 4270973866
6 1 5952
2 1 55460 97268863787579188888077887687657387266557419061294581691028557482714708340478779194903898657206116083491296847695
6 1 29710
6 1 6360
6 0 87958
6 1 12992
1 0
6 1 89328
6 0 61120
6 0 47114
2 0 33160 0112923727432796791761934745935795459015321510200741019688153932087734
6 0 51216
6 1 59928
1 1
6 0 81232
1 1
6 1 4860
2 0 52612 2413603004647538723458
2 0 32871 25141326791510637246730926071265575005660515
2 0 33892 01627741326627508457593939865891639569782521804855836374891627000220438621836883172106701348307383
2 0 24588 90551680795103306305963
1 1
2 1 71406 396038860093090960140614329551120075563
6 1 23046
6 1 34556
6 0 65736
2 1 48750 175310005007864914808
6 1 81794
2 0 50064 018710712529757790665585120819461653146
6 0 60710
6 1 39607
1 1
2 1 90640 357493544486443168601755237193487026595732675129
6 1 36919
6 0 30434
6 1 98420
2 1 3738 60580903226890900925022145489595615864510581294341396918059338319174992242
6 0 21445
1 1
6 1 80640
6 1 30025
6 0 15924
2 0 70834 85324747984315214901833326742323287537402522746878143558049665410846149642320408
1 0
1 1
2 0 52396 2594765488833211815536305969484669673081263992987505943159789566480818468746227418932343176100247701390359
2 0 23004 788806386545432036318744911418740586681641083510313157083377079001470763338782835401875492961065796866395813742323692706051
2 0 13300 791878944589739149784058273433040992504583814441946298862909369055956946228380
6 1 68747
6 0 60777
1 0
2 1 60544 5685817933854351702033543312387776700104820487009065791394676100904661755231
6 0 98245
6 1 73825
6 1 86764
2 0 90770 91374119741556114838049272802623162060679225268205486085878601701578
6 0 36420
1 1
2 0 65916 2825639251344387412733400040915899181293757859907340841504581847356839792452
6 1 96796
2 1 67780 3152286786291026040370882499141227147359497244628575781388159047535192641831797410312349861455247771
2 1 32536 710258936814052099754201484042197238035284598512255083424592168006761
2 1 8422 613847734439107423875341061043970075719259380625058306247665713495
6 1 5766
2 1 93716 2338868
1 1
6 1 46746
6 0 70195
1 1
2 1 64650 8161827378669987505458996896700475683523129570
2 1 79877 835913475416989841790340825964836398373680107846
2 0 16318 3198784443580294983504352577744041154028681476498738628098049682847940748182214669381364522010387331456121918047741198
6 0 34377
2 1 50027 835286
6 1 51756
2 1 12224 76059595156074106029705327458782899757869618632481539731671300289953695582220889207604344843611563365289627387900588521
6 0 51756
6 0 33128
6 0 23716
2 1 56184 83
2 1 91005 042683624960193399745349156194760847607191257379133060287018111015262341146420589790350789046215283185666292476013481166
2 1 85798 5900472134468239494063338281277259522089138553124655313569770967951783156268736731275542694780670022377
6 0 67788
6 0 32540
1 0
6 0 82925
2 1 71426 1415747087765570443593673103700483651161340044647214751601613569664275752937177165137014927765832
6 1 59824
2 1 70054 05956338433957274900127061266432693215263708934795175425087234223102396022
6 0 55460
1 0
1 1
2 0 91584 304045285718171857751847902326001297901019598987754428604199762938128264074812727744
6 1 81810
6 0 3486
2 1 97138 98692950814689773987667345050604185799079218759863155500330316820964
2 1 36304 424376644160222365296716692975644969712492372404793397
2 1 60692 581270967884851351472464814866609799341407622862389373764130320234375207608689
2 1 12944 0251931272335
1 1
6 1 90280
6 0 24928
2 0 12360 018341154415063472691108999797745734481327372879737575621608020571875168262142145516283987028106456517950256028194956
6 0 65736
1 0
6 1 61440
6 0 31904
6 0 70054
6 0 87958
6 0 21190
2 1 69888 740948824551711527614232216857618927954312
6 1 6765
2 0 42752 75898053718430592970323473408112436373532795764364613904140629
2 0 5152 6008208310
6 0 54800
1 1
2 1 95120 47466013023983503993681510850162760958246091578136761256203140002791635462
6 0 35102
6 0 41008
6 1 77280
2 0 19540 464300910766964480685570390876957617851368562943102794435446895243678691179667781093593372792333
2 0 69260 50638107388920456643203730439887706859824240
2 0 32644 984170252386363070406052
6 1 6360
6 1 34464
2 1 18023 5272391251556006812597250641595292801318799340703642052721486629270742684
2 1 47500 47590134723640229670997866313912450778924908074233292186698081166678
2 0 85560 053955135657019352202007960
2 0 47260 38927109403306810388353353426439940895759019138899207141792301815370020104499859
6 0 59598
6 0 74016
2 1 94600 449183879711435291556790
6 1 22726
6 1 32644
2 1 28704 1033
6 0 18284
6 1 16916
2 0 55927 4718219476786087836120270079350073185049825285283318110280274258193728071858636892433508202319117742
1 1
6 1 67788
2 1 75543 186868133023707729703501482305021089887784177569229496541418360388603801029293
2 0 27513 8085670025
2 0 87672 8179130183034673254827
6 0 84120
2 1 95904 829316143638463306146356134
6 0 80632
2 1 3496 7950218476329812759825654236854813391541281670936006120425430340363484398135242676905412531664527234230
2 0 52994 20690704316718241540048962748804247045439684305088
6 1 34021
6 0 12046
6 1 89328
2 1 81664 2717642806933649390068296644962312502560103422042373223643572293096281185406420025786123217145240425005726
6 0 48334
6 1 6890
6 1 32738
6 1 14201
1 0
6 1 36919
6 1 69888
2 0 3761 2667817319382950213593589910512895970983
6 0 1872
2 1 4124 376090739658765364401082679230818063456492064305618294443469534160609084965416
6 0 13717
2 0 96896 31535889341919364731141600455190435
6 1 48494
6 1 6900
2 1 57808 194114969395204344242489439276518372912686967350043
6 0 66720
2 0 28040 242351515
2 1 6111 56386988981914499205500630222177302444873429511860178344
6 1 41992
6 1 90608
2 0 28097 47380812964993823981334939500345257125883913060631977302190556181263134100481660368664682725
2 0 47042 028456384850669132864669
1 0
6 0 23370
6 1 25412
6 0 52741
2 1 85940 41107629574716725010976960223366609771702953843
2 1 67360 9124169145129
6 1 12317
6 1 19540
6 1 56125
6 1 53749
6 1 27368
1 0
6 1 95320
2 1 54154 423043
6 1 2048
1 0
1 0
6 1 14284
6 1 88060
1 0
6 1 33160
1 1
2 0 44914 62046829681963987530
6 1 92580
2 1 15618 268202030940684434629567124690904049506264781481139443530430512168856177063820217269633458646476
6 1 81082
6 0 21574
1 0
2 1 91512 011189385266875495136580066589576281598914144206211147228216900489622463156355662403211334098037588560456978815348518489
6 1 26332
1 1
2 0 85600 1280332592634706254462884820910250802114713892024807096358961101278350
2 0 54960 93058368073146840213619251746797870388110497403410446938199
2 0 95136 459758454358302198811769910481760729916
6 0 85560
1 0
2 1 66700 88070650160021954579117303049656054694257554746619547195664008
6 1 54960
6 0 64455
1 1
6 1 86271
6 0 71550
6 0 4915
2 0 52770 07230634369634142490613724819
1 0
6 1 87958
1 0
2 0 72605 9124169145129
1 1
2 0 91081 1224347748644911324998388719177123958349623683754122968936302156042806656686013458
6 0 9062
6 0 84805
2 1 54324 26326186625222343585600422153755731721290415170399340706503407289158202085917168723900457165900694184147692087350178895157379
6 0 19540
6 1 44765
2 1 85274 8244275350152944587940825192882482654600229301561620064126400102592853659743498771246266138826781470413089675987427
2 0 5117 244046791386411685148241130077147652251950470295663735496530834515601578349274256558080437522023
6 1 52362
1 0
1 0
1 0
2 0 7710 5181290822431975396011105611371386
2 0 59464 5099680260588329146815999660989497604399786412391476081
6 1 8419
2 1 93775 3048850053844282895075521997805574600686000678714772300335475659800247808547528999124620116936430
6 1 11435
6 1 69888
6 1 23370
2 1 62752 3608658322237760770062683982489
6 1 1210
6 0 60692
2 0 28544 77101889595144689768725740446667242589293471802345107384109328791391592371352072133634436972033436284088055
2 1 96660 426134336022653389999806613537724129589904611517856896514400581601443963060223288216841913458542508571170271792513680201469
6 0 30430
1 0
1 0
6 0 2640
2 1 76360 9964503558
1 0
1 0
2 1 59806 146841545842761745268240903091581120219599731183883540317927606478024450825313726208919
6 1 48910
6 0 71550
2 0 22182 64072268138804504726000976358324923140173576572547624124670760610126388541458018207284693242540
6 0 86764
2 1 43500 2890141872289584945200541080698685577494435069088336295301238667180777654662547523481013682031008169572175789857
1 0
6 1 8985
6 1 57240
6 0 54960
2 1 64700 9551495411813307363362078720190681238268128698440224665781276136450
1 0
2 1 81848 37220044
2 1 37000 732612745260485723972
6 0 70546
6 0 94036
6 1 90312
2 1 96366 4207700351880546274045137769741996719201383228883969431452048445756787167885
6 0 51216
6 0 24418
6 1 77165
2 0 7398 152442078894576715881339034403970014127273826278852595690550238
6 0 12956
2 0 71089 74129243
1 0
6 1 8310
2 0 90230 7460985199892
2 0 55425 9176666525308657911901394107136814474119180279413440046
1 1
2 0 56480 50638107388920456643203730439887706859824240
2 0 48536 04514362042102444647041434500787862767311401919324434132620907539507
6 0 19048
6 1 33610
1 0
6 1 54960
2 0 382 505
2 1 22566 1938542658276844853543480912860337261990071546175390
6 1 5117
6 0 6765
2 1 78114 65708117074284894644771455749691
1 1
2 0 63962 1956363910850983208459809000582325000626986053606932008778209440801
2 1 25263 51869
6 1 94243
1 1
6 0 22175
2 0 39025 4775038338234853781684871976030829003341504266772337901251346580732151326936158028890529930549
6 0 42390
2 1 25387 353100925433996540556220508665
6 0 70342
2 0 13972 95718145574477382499751015192277866046230474438001362404457174708846530231133998935998569
6 0 46050
2 0 48640 46318798
6 1 56352
6 1 28220
2 0 84327 249100392442013793473783785432216343970586177171398092031280784789958911236191404146472913169534385261244475833
6 1 1840
1 1
1 0
6 1 736
6 0 72230
1 1
6 0 18720
1 1
2 1 18859 4270973866
1 1
2 1 73152 19242262916892287947863709336408692
6 0 12317
6 0 8320
6 1 12624
1 1
2 1 92550 67430181837552823893444335383767429077234490684484252565310490540440088333246857375692861786
6 1 66959
6 1 60710
6 1 80632
2 1 38220 9097723762539168070204341481148592001790115821773083271160229190425934
6 1 12317
6 1 66360
6 1 72230
6 0 57969
2 0 94800 574137497475973541137021376467092659279011473440877464561796877916914399
6 0 22703
1 1
2 0 58240 91374119741556114838049272802623162060679225268205486085878601701578
6 0 93774
2 0 25344 2632132981120547031411535742615
6 0 74304
6 1 90312
6 1 81664
6 1 63105
1 0
2 1 50488 124183168854603722596849823467206936754058506902798990892066079601625153425717603405418914649674099770414413615675533414689040
1 1
6 0 35540
6 0 80632
6 0 35136
6 0 34400
2 0 85282 718018366041518848507567637674140492086687619897255624345571224283806036
2 1 56369 815963074159899591725732894372896729292039434905919507170646212220625062452457194293216878390769934207884523708927
