2001 9
-206399 209784
603191 288013
-1979 760459
-237246 -32887
37320 -76421
383290 219345
-187606 -122052
-459019 479500
-234461 592766
-853014 -740729
927588 -539003
-705652 -22869
481041 303263
139673 946838
442228 313071
-535014 -300235
921872 815748
105571 533152
205123 322797
701170 18458
499652 -577012
271502 -858157
-559631 -514653
-369947 784463
524629 162136
985941 916905
701576 258548
752152 744153
-121091 -52515
745595 -809328
571548 601447
952508 -313486
137185 -980744
820250 862918
-232139 -345630
758228 179234
-215311 996546
-22325 -97233
-128534 -306646
-80634 501358
144989 -222313
-86152 -831716
-235470 728149
149880 694936
905602 548801
909820 584354
45426 -88180
937659 -464971
717343 241442
965028 -872377
182874 791317
-782611 -343076
243682 922774
197893 38005
977918 -647823
397267 -918675
-750732 -193162
-341959 -790544
21521 796896
740383 -57237
-157789 -156989
-139472 -191592
267244 -954699
-576191 -646585
822545 -832150
-669069 -173537
-417413 56593
733222 -976029
-760260 99111
-758786 -505324
199215 246560
798167 -484841
724983 805766
819770 269909
-648553 509790
-967211 -192050
-60637 -694534
-364933 449490
74007 655536
19188 -742517
566972 20957
-919153 378582
124188 427216
955253 935126
682322 -230487
431824 685393
-699776 -300641
986149 865111
34395 764577
692368 12533
-953203 -67866
-251632 726596
814986 976328
126645 308560
-829760 -487561
-722475 218957
816948 -971999
837241 -98062
730168 -778168
65859 -522397
-461718 -302638
50267 -699666
-269130 745434
502639 -320494
-249053 -952193
868498 -58601
-895035 872258
-809529 -707852
-671364 -768866
-829914 -33139
663452 836240
-297253 296489
715661 84135
58922 -500015
180424 108585
-767763 -845947
319477 -216304
813724 877127
-412623 875848
278129 -709842
-677736 30214
-363553 817344
371142 -575458
28525 -570218
932389 496680
666643 -390293
-298841 -298160
-582262 -750509
934440 610882
-293124 -943829
-444076 433304
972434 498346
546941 130743
-104633 128549
-824924 352382
-492021 -7386
-940282 -572097
165498 -918624
532752 332764
496093 703589
498295 -87785
-252119 -891909
-790528 513482
-502829 534781
-349398 609908
-800840 -463761
-966070 868002
435433 -675828
191620 550773
482765 28036
172767 -907638
692269 -890801
-645452 324751
-519652 -714118
965470 173751
-997009 756579
-377604 -64054
-21380 358097
-266758 -450266
-35612 -313967
251859 -87890
654859 -201645
34792 379687
595307 606440
91668 520261
-124639 -346994
-601343 -876201
-160284 -65120
120555 -105855
-775398 -466339
-569216 361347
-838520 883496
-594699 -103142
-401067 878133
377775 -421214
-547647 76050
-232714 622007
-572889 911031
-279702 -480513
359439 -4490
346310 579361
-878994 -214008
177845 -389163
835659 565941
-536653 -183962
-786677 924754
-374865 970696
226506 -263554
-290673 -508155
-194779 -336028
-147894 -455945
-471337 -938158
-975145 -242548
-74817 978878
843589 -967919
590793 -35781
-313742 176692
-808446 -726407
311384 -550477
974099 -388534
576157 -610683
774644 11102
580609 382828
-49988 163335
-107794 -771846
70336 301604
613833 320109
684625 -487480
-464474 -915344
-274381 -523843
-49363 785454
-955743 -412270
820706 959441
697528 -856768
-353108 433877
653806 -212357
-137789 339475
880449 -740996
917196 -250431
849310 179124
17351 811140
-497223 337902
-884484 -461103
988392 -279998
103904 -851479
972449 88151
933280 20953
-782951 956193
760866 508777
141842 -522270
250739 -7713
238489 394874
-716324 321607
66104 519399
946613 -721242
889511 -930109
-459319 477339
-755058 -90893
-847357 486293
402160 692527
165464 498285
66455 -939653
933833 -76337
113176 -779789
-879914 -479431
-287417 47691
181784 494208
-918975 -322302
-62849 118711
-860734 505947
-372317 -660227
-419971 -370287
474013 272842
910444 627110
-686853 68960
-236567 -169006
850323 -891515
643509 55433
-398757 -486906
-78031 -730872
-609481 -568568
-385138 -298302
-133318 127174
-288248 67528
-144263 -464695
-322256 -719063
-626713 -610622
485131 -469651
25020 276996
60496 -276435
-471503 851515
-569650 -11905
773594 995226
841961 518100
698821 -145825
610667 42123
196359 -509929
-58274 -485673
76754 344131
190829 -691796
-962343 986354
-683576 748994
-291136 -282126
-851432 823750
-286258 771407
-280654 451799
-273652 164013
591067 910279
-447715 -972232
-140895 547664
-936468 -411428
431074 -527881
-476364 273947
-915874 691966
506415 881069
-375353 464348
701448 -218490
823257 158609
782491 -984431
-567749 577369
-34334 -645740
928785 -253455
-415253 -720256
237210 62515
48774 935420
796690 -721498
-83156 786305
-659727 -937493
926581 651251
-320041 236452
-46836 -655022
-153681 -187453
-232290 104667
-35686 -388521
-273491 759554
-730998 -357711
-818632 -51
-658287 141481
387912 -336661
801385 -164125
340837 -490247
795510 -231710
-472853 117686
335401 -903326
710543 -811808
-897838 -633482
-900853 372111
260216 -384669
-432580 -311172
-842103 579650
870721 -579198
829362 554165
282717 -935979
854770 944587
-16433 -710809
-541244 137925
418244 2118
-540954 -605935
223724 345571
-297504 -519646
-908525 -998406
-514125 -302944
894265 -643439
850577 777979
-223195 186279
-82283 430490
807154 -508435
102463 -433025
-264360 -766566
-719976 -328692
-158159 30190
92680 -634067
605914 -283515
566172 756092
762297 -862084
-820607 -783214
331985 -943184
294660 176186
-459137 -250851
354177 388128
578781 234082
-914870 -40542
-693626 333098
890962 -180415
49451 422124
-944268 735534
-784275 -883235
924406 762885
713637 797586
72927 89546
-957876 200654
-967306 -485317
853940 910967
425793 -219859
-920034 926627
597055 -861805
50957 214879
-149559 930696
-914627 -156318
220037 635127
752740 611887
-3852 398394
-596894 -333755
806839 -843682
912354 -785624
-596653 184011
174667 -269120
-951208 -470984
327645 -98546
854606 965970
579087 -368809
-4687 -369379
-219807 -286992
563266 625428
-572987 -53026
160445 -46812
845832 -361424
-919589 974858
-889657 -717475
-817636 -920041
-663000 938806
-970638 810781
903815 -809653
438966 -265385
737571 -220176
817902 882043
921596 -19689
-780035 565911
-296274 665927
331961 398175
651036 900656
-934353 894812
-270201 923599
280481 -701849
-82578 -273945
704732 -721815
-584085 319905
-660252 -342016
-622320 -600718
-341471 -67430
424658 -209070
536427 -663625
197648 -953137
25863 -186496
-823137 -789038
412106 -759221
436634 -574597
-777010 -539681
-387964 150747
-571854 441987
844664 654131
-474988 593288
-73193 -346819
-201846 773510
-728057 950507
-859953 889457
105173 -802592
-523598 522763
696676 -990411
244671 -634558
-732775 -772646
384061 -645758
996580 -345834
-81049 359927
388410 -111679
-878910 -299391
-978997 431504
241603 235558
779290 945324
-609821 -484237
-735231 -56127
-59386 609374
-133870 249458
-849872 -495268
501447 873855
-58087 -827141
-724435 573626
119577 728379
102929 -98240
918452 -22806
1957 -843425
668018 -173361
-546180 -988700
514304 -563826
-476026 874236
-640479 -987792
863290 41011
-696806 238778
137279 599953
-544359 457296
683678 762732
-261921 865281
483140 -979737
537475 -270723
964270 254774
-641774 -534728
-721849 940475
72853 526750
900338 -113745
342460 -517090
-411876 -55641
-766819 -874251
-418362 -159606
132025 604156
-360351 164845
-444562 -333469
-898780 -221619
293788 352734
125652 877702
148379 694576
-45446 -18219
-945745 975971
236729 647766
-942013 -784858
840594 110258
-992848 -861347
-762123 837325
-864265 928908
470547 572709
-617919 382486
-689339 -571108
294260 286958
-203206 433758
-40974 310676
593745 -680364
388526 -463447
-806529 -236123
-776736 21634
880090 512354
126599 24834
551949 -609790
677467 442735
267026 957915
-607333 -314181
998526 -883460
362602 904524
-794199 196696
-844056 -143254
998304 654626
-413563 -452277
860072 -598374
742621 353027
978397 -254486
-381719 969832
-541761 943000
664035 76769
-714811 -751805
-319181 -104924
-587636 175330
422763 -657965
284573 -665627
-45314 590904
-623149 -210947
759331 -429286
720700 351885
-491323 256210
-867083 775034
655768 46066
-932094 405661
-921741 670862
-789690 -182674
-921752 6727
542160 -746041
437335 23135
-504411 759777
-80431 -477848
-317522 728903
-257063 21041
-273310 -315384
-106761 311164
969408 -435795
-320168 145542
-263616 -903738
-765540 -51478
-183163 -750731
491760 -781937
582642 721134
-20694 -249939
-545008 -672288
-941691 331686
-708224 514365
321909 35233
-283336 -580342
61186 634856
-159348 -393131
90499 436507
-454676 -829015
-19095 458377
-782850 -868696
-263373 -541640
162928 319052
-825300 840944
-76580 -866964
-602046 584230
266862 -886769
-391290 635391
-875597 102315
-426528 -111940
369608 439933
-47738 67306
-205551 56415
741054 327716
451370 -824388
-310649 869608
677773 555613
-149251 680816
-534985 -472422
-337839 -68875
-346120 -445598
-956752 429160
914339 -578717
33759 -225802
-813045 -430519
171453 -193813
-279184 354045
41841 -884264
938656 288577
-255880 692584
-99391 -440962
-887309 268162
-663426 -550722
764038 -921643
192783 809673
-85740 -798912
916072 584610
599244 -594594
-288723 743354
749566 711543
-408929 -937814
-495738 -737187
-62638 -805113
-673658 -659969
-340241 736308
699407 -372202
925929 703672
386174 421616
314068 487516
19671 -871543
468097 95141
-63915 975740
-302808 941621
-939248 650133
-865718 -164299
897828 -984627
-858731 740368
478293 -984539
-384006 721804
874893 295592
-882239 878421
-362594 -561174
-408719 387581
434511 -476383
-354031 826476
-836908 -10814
-542125 101793
-188312 616797
-569526 -572143
108156 -609093
-290271 -626298
-735406 -278029
-163775 886039
-566242 150472
-523210 -1219
-554636 -600883
-39639 -446880
288738 217609
-195511 349001
-902330 624121
-477247 684352
-822620 172611
618542 948785
152151 -920035
-927363 -158604
521292 -722699
-997646 -323465
863087 -417398
96619 -792942
349583 635317
408396 -707060
14450 -572799
-986317 716856
892562 -821923
-268387 -578834
-579273 -57559
755780 -382186
707671 226009
-207967 -409718
-42302 -395050
-342090 -167525
632387 970307
705401 -497849
180594 -307032
-280459 336214
337361 378711
864805 -706651
221829 647739
949576 -351512
-455948 749469
812883 237450
-892211 63111
-530013 -506253
74647 420893
-846635 -930587
893890 -461730
328604 705316
-181933 -10430
832334 912580
89413 -494522
-440540 525627
-575623 -201451
613718 650149
-271622 584150
-70526 598755
-919072 427470
380189 506812
139975 -985443
-976866 -843697
77090 449850
9774 592564
981861 288880
842254 -834750
30424 818425
10110 -790469
-578134 -775676
935756 536451
-374312 897650
-163548 833989
-511556 412414
224817 885067
509059 -616844
876140 -140434
-442545 230588
151618 -210728
583494 131193
-548595 -576041
702636 416617
-444673 11166
367143 266755
874015 940315
209375 -416621
-233185 -276098
305268 -152690
579421 -684227
-63807 990913
814037 431604
-32880 829756
674676 -736545
405561 394691
342853 -26248
-87260 121424
-146427 -399429
515495 853449
-116518 773263
-319306 -908345
-435935 974079
-414401 6898
430683 317587
826217 78679
-442827 66721
-913992 -476910
956106 -245271
230315 -852774
-496748 10041
-155048 167146
-565800 -558850
3838 -364492
230587 467339
790414 -742460
238405 -703877
226589 875912
322965 -351650
-646370 153042
352289 897158
-509971 881937
-693006 378747
-453047 -147075
-259357 -606288
-246832 764631
-533419 -728595
-574153 794950
438473 521474
374726 174963
441127 32695
-845445 500129
441194 -732910
-649303 -835705
195636 985894
217261 -159797
317224 63264
-235073 513292
695072 -994861
-548693 -606786
614589 -213231
251363 -199652
671936 -772836
526318 -395450
596003 286958
-129866 263764
-754807 144408
252832 285220
-387684 689964
215623 -142339
830299 981884
-323693 356147
-487912 -696172
803253 809784
-225776 621560
297145 -313332
-114557 592411
-177338 -539932
456023 761796
-45355 -622602
-346741 390986
-801491 192049
-787384 485740
922527 902080
538124 304008
566152 -135128
381122 961387
585992 149975
291392 55629
-752066 311908
-6816 -392639
705002 -400182
201054 456107
606872 192628
-786596 732279
715735 608310
368038 -397669
-741992 -232350
-516876 391911
-218026 110563
-486068 948266
533749 -987479
512438 -992844
-619597 -93113
-328968 -38800
-672006 894044
757457 147202
-911422 149742
5988 222260
-15114 -396360
-173504 -193957
941603 -353361
241217 34713
251545 75433
-622024 -513121
233312 159227
663659 871195
480133 212476
-495489 457739
959996 5762
548319 -678961
243140 902704
-658265 -347011
239522 -36407
-25556 591493
316778 -873060
-302877 -130767
-14083 -279736
-524936 71662
590907 244444
-136836 140435
-120714 -63719
-263968 -14391
-120100 887232
460879 475899
-756826 -640446
-351428 741126
-162593 -197414
-846132 506121
826271 370949
-580258 -776750
218965 453851
379636 5290
682601 -157611
158114 986695
589928 222874
-135839 745603
-645876 -746663
377353 68936
242216 653081
-382751 -312652
381925 638493
-801723 975763
-438135 -669556
-649589 -879946
806952 -871032
-319628 283707
380427 720251
-184411 43833
768506 601153
-323391 258808
-53268 560838
432250 816362
-431532 261970
-119176 -91217
-928425 261087
-248040 -110209
-358480 876110
-675196 -34282
-273610 156772
803721 -676828
-243651 -219636
-517401 -561000
917999 -548536
169985 679867
470139 -167941
-647507 583282
15030 200959
-237594 905675
368375 -996899
-587557 393824
-132388 795880
-301993 832285
944276 458062
182691 71685
40494 -944700
-579376 -938025
-893073 -355813
-720360 -706238
-729287 264952
269082 -836705
-745543 -826798
-692018 -422207
-135516 -723229
62737 343828
-391630 89184
-286545 549987
-836016 132258
956625 -935089
77381 -506226
806487 503057
443224 -419704
-187360 -575425
-696073 -560579
-432604 274971
-366788 330828
-360242 -441256
743726 503330
556685 -816155
-869862 -81066
-724503 -202914
-361429 -480790
-720634 -478035
-393687 -350394
412442 -141249
564780 570901
-309843 -57991
-777885 -748310
317776 984510
874517 -458609
176752 -38886
928220 590182
-849558 575703
794434 -737305
-678707 -236491
650901 69256
649658 -353335
205873 626518
15528 -499967
69187 204124
150188 -803810
-796875 892590
93055 362896
-578787 248004
373874 464865
411006 -129014
-457567 -143340
318083 -268791
-746393 -31022
-259725 -343266
577830 -108524
-102898 -697466
-834963 -811995
769195 159429
-630727 592180
-187769 358867
-627031 831522
261790 797563
-927546 -953039
538158 607098
-756473 722709
468124 416691
948430 611854
-744639 923162
829826 509455
-200806 742553
-173536 842422
187100 -343795
-192002 -349634
-771212 -505318
-61380 641552
-324767 -128398
-577898 -578133
-653059 -336988
-757362 -207641
510325 934726
-909441 -946155
374361 -610564
749983 687808
-927506 308112
-366611 525174
644489 398229
88886 773690
692967 467808
698707 36732
69606 -16315
-442457 989208
-687662 -559530
898519 728408
-70324 190299
260563 319490
990039 -379093
-591942 817869
957370 10251
-427870 -533079
-889479 250519
-660519 12722
139983 174917
-867753 -396726
235218 220261
69953 784030
918742 -568417
857796 -817809
-534698 -292529
-114277 -112063
-461774 73480
-961928 871646
908834 -435896
-202014 -616458
183432 930739
-515186 -191400
386869 344617
192929 -681067
-760746 31780
-80346 -416871
-133379 394948
97534 243655
516924 709134
-692696 -373092
275809 519750
274313 754707
614213 50632
-319319 -989026
-669202 -596776
102337 -605519
710985 -713639
154558 -949701
-197804 -820386
258504 -607100
48927 -46279
-712761 567783
-754948 332622
582198 982318
-895928 -502600
725122 -812176
636847 -551296
-811926 -687391
-967021 -662001
152919 -390260
594958 257419
885867 355155
358214 -617470
972700 -546129
-113690 -137299
272788 608305
56031 -548064
-152217 978267
-204570 102118
-516842 903197
218923 165248
-727057 731467
-416843 566897
511620 157652
-712030 -553058
670238 -963078
746743 973710
-729615 -462806
484702 13520
160186 -902775
-916866 299874
-902391 -843942
-480582 -52728
120900 -538648
-339300 376875
-696845 187407
912711 779664
923185 -384252
720731 482792
-480387 -949242
-660811 -616285
817481 540103
258502 882419
-879399 -793986
-712851 -585811
-151063 211307
-425255 -765430
775027 7247
-974757 -963595
-110207 244110
-558115 319281
325098 -944225
-623080 248886
-596375 124595
695382 633288
-392472 540871
125705 -767962
393911 -177321
39086 -939591
581544 -832244
-990854 844510
139765 -37614
-355525 -955885
183896 -553600
206508 -359174
-215437 -816231
-272799 472818
-299746 -649059
985084 598336
-381393 847892
700372 834078
123997 -341623
742229 -881504
984812 -183616
-267504 -897852
-32463 -363470
65016 -193079
-863139 679651
-420936 293984
297974 175069
626668 -961361
92088 -487099
-589766 -337971
-611987 939751
-251333 -620621
-453194 6738
23105 -912189
304705 678836
279751 560739
-740361 -350875
-694413 398573
-997262 -578022
-922279 -103521
-41157 528128
109893 -950127
45611 -14289
-172701 779172
-207543 279907
-202823 900292
-52798 -64015
186994 -789116
-384442 -275985
630880 650078
307851 -42971
-669758 -801493
996741 808123
924839 923775
413243 437147
-169178 283834
-273638 -373099
393260 -52413
-229013 -994106
-460170 480406
821972 484823
-496868 -694590
-821028 -256618
611243 -546397
551752 240271
-204291 -646805
351171 -168685
155411 -92548
834642 -501619
122192 529492
870744 -473323
134509 -168986
-473720 612655
529736 20733
-703082 512811
-938666 509204
562715 -89566
-862528 -976992
621246 -81019
822514 -982639
709278 -925088
-241801 187814
950528 598303
519535 -704209
749883 196449
-750063 -252581
287768 615297
-394308 840016
352400 648520
-377430 286234
-410777 318106
794387 544369
-441334 -351297
778272 157753
894720 -143221
-776059 -698942
-126948 132709
-569514 142336
-739943 -442168
186345 583751
261432 -600487
224677 -900676
464453 176638
-637848 -565779
22765 -121764
375165 87653
-977342 -276987
950985 -977499
-541604 -677489
-764206 712374
900442 291695
346881 265484
539585 -244383
-861752 300142
513878 128267
-920029 -134155
-638347 569788
-439655 -85019
86911 -977645
630758 -427389
73520 -674369
-772384 -803677
-751598 -956194
420525 466670
184318 2712
105036 534504
-131060 -376146
-208839 638948
-325866 719907
-598233 194631
-430627 32110
109962 755951
-826166 -725768
690287 -342082
-922863 -588437
-730254 -303195
-370670 -760596
-967700 670298
-336881 707569
801849 -302094
-671502 -179504
-392647 271326
-739080 63175
-420618 -744285
-55604 -821393
756062 -577923
-447984 -448082
-339646 415201
-663714 -480436
578406 758969
-705514 480586
-794946 -989097
-749632 883229
-731454 -528885
-520428 918265
599348 -70501
775028 -724930
-778874 332044
-480478 594279
925299 527259
-569218 -450738
-389925 -487703
601777 856534
742812 -37309
-887003 282601
-380626 -42352
588715 993021
-219267 394146
-244136 771162
796352 -161636
398802 893129
583133 -255895
-451028 -763352
101506 858152
674144 -238297
-583754 -953668
813240 347000
-855069 -942875
-278918 -602363
-186175 268999
-769150 -764097
-172105 -848672
-795415 410106
23404 946387
-975792 348375
149173 422072
883875 669373
-686736 -46322
-108144 644752
289212 -298474
-204175 -724566
-390359 323835
-965350 -37082
251253 -903292
724335 376597
255974 132512
-556590 668735
317043 752237
-461979 -718591
820791 -833623
-230368 117185
365771 172906
-964817 481193
-171953 -657799
-436260 901830
-291605 -589675
304186 -563252
43537 658513
440775 -612233
-494458 -236392
-710990 -718356
-476749 -161429
821263 603335
-934345 552266
243846 -44172
14311 -237145
-704565 -791592
-638881 -9823
-932687 707100
496384 291238
-628162 -37815
-46433 222699
125947 -615635
-338751 -860544
396778 880968
-814384 -815282
108292 -504644
950449 -898570
-231077 106504
-25212 -904412
-304935 612898
-594276 -901536
223789 -601978
836383 -872331
387481 -612440
-965803 -711704
925710 -883787
-134414 68325
-295013 -839083
650039 781413
380302 -415074
325118 -359007
-854706 -27551
-773387 389016
768306 -203503
213241 559087
-206281 -385580
677850 266467
-797907 569142
727951 -642733
275516 312942
684904 -682002
-380991 -530043
-103288 577736
863988 599731
693857 -207080
-448891 -915340
-192917 -15011
-11169 -12113
532549 630518
848755 545239
852135 140608
-866699 -823610
-770650 800283
585897 619303
195534 -109588
-834575 681786
-436030 -863930
-162207 -880025
264714 99476
-482378 31914
-359845 -22759
-202715 -87250
496563 -683779
-689248 -44696
342401 306776
783642 -624161
-211440 955011
512730 -638745
923559 15832
98389 813070
149325 57358
-471498 -670623
167502 426141
-604593 23517
-103947 725062
-762684 -186236
-419244 -733882
-741997 -406
-587677 914323
424846 -684266
-110712 923486
13515 -444568
-41719 -561958
-198107 -609532
751397 986696
-533562 -420062
316224 744243
-641984 526636
44930 -160645
193915 -435988
-841882 321763
667568 -325516
-653210 -613661
-677141 68972
937595 -569965
-52706 496659
295002 -132780
295829 -116678
-162490 258011
-841253 -722633
408328 152088
-966792 -242431
-154876 -412024
-744553 349319
635725 916793
112101 -188122
-619474 573184
-206167 884216
417689 -340889
107753 978932
69893 333986
558702 -58636
-636227 -355745
-918785 174442
-766264 -264705
-402019 780354
-214610 -442365
-652670 280321
451256 928937
118296 617535
-729795 894715
-879965 -519368
165487 27670
61968 242377
-755755 -67742
-592648 7982
709895 623306
867684 -791388
40091 502217
-383663 -61873
-634377 769635
-88753 676401
-625712 728976
728634 -686897
-900397 -478517
429450 -594432
-665619 -607398
620196 -421679
-512768 -845483
-650760 886317
985737 -354788
124101 -913403
-10620 -213962
-623994 -857378
-469405 -565464
773288 -747803
231965 275264
938945 -645144
586543 -821828
-189553 -169465
-772629 -997726
148112 -877977
-401118 -15976
-984838 -245737
-419501 408002
786898 920290
-338892 26839
-826199 -25964
-361760 23367
-454692 113367
90022 567715
-394436 832354
269705 123836
193579 -268430
986709 542923
58457 641425
-494475 116407
202297 -839732
-288070 -349686
501856 341099
-381916 299215
434304 864726
-285784 426060
867752 -619523
-609460 729662
965366 -672819
471219 -68589
-369401 296894
-698977 595167
-165329 -516672
-560351 -641395
-733871 -141446
-860611 -298638
582882 119207
856390 -882952
92367 -907841
177458 475716
804631 925829
-6858 -224708
-228540 -965544
-570349 230331
-376060 207680
-960782 -388677
-161149 -373275
-230525 -664200
995234 -397397
171880 -536885
-973305 -186220
708304 -571234
39228 594353
570873 -926646
-138684 -385861
496441 808995
-757880 -914518
-856438 186702
39894 -304373
872441 -222512
278162 846996
-450627 284907
-570533 820707
-734797 825367
-540183 272615
746970 -965470
-818300 418446
-455648 -696035
376358 -460783
734901 -725984
-580198 495095
-482060 -510251
150903 -988541
-583820 -318730
229325 112832
-707472 803430
-72494 527320
589562 -860116
-727504 746292
-660793 -649224
-305896 -937297
955008 -738421
246109 -30892
650144 923404
353702 -802990
-281856 -475598
-384103 127744
-276247 -869030
75382 787960
-111774 -949333
585708 -72523
282600 431928
-611691 -687240
-313557 175578
-902324 185488
-393328 488203
226080 444014
-383871 -353075
809984 398574
155664 -510168
185399 -397345
-306290 -451798
461713 228079
757431 -121156
632181 -533546
99012 -148052
-190356 -477770
55792 247335
-30147 -288485
-924212 -112945
-590227 76132
139369 92901
-621245 -374502
298106 943260
916715 -27750
314182 -414691
-357835 -344879
115501 737973
287025 -950701
-163797 531471
293646 436827
-900442 535048
297888 -184972
86128 -678502
252023 -591647
136860 -667920
-869508 -51529
-852889 -203182
354459 -289777
948001 722220
417820 429805
-962772 -297973
754727 -239949
359633 788505
-880540 -708952
-48033 665381
22924 618855
916275 -296895
861434 998391
788026 498490
-35491 67410
-509129 -419114
-33056 -442941
948269 14030
670687 -828006
437882 576099
-695697 -427853
968627 530949
118811 -957276
529916 212992
-708755 -296030
861341 769881
-239408 473985
-571292 -494421
-79846 -775941
-765133 937149
-32413 -794703
-236510 -451248
506679 707971
-770641 -546015
947522 652293
-975400 -47615
-985422 293707
-902405 8254
-198301 131314
-572604 -257978
272525 -610425
-135225 -610799
762854 -162578
-338652 164198
173998 232934
-83381 -88565
-665547 134518
11418 -788602
-960722 281321
593687 142563
46603 77527
-276369 -378891
-281047 -939956
-89099 119599
-149650 510466
683965 -394625
731235 -204587
-625269 272461
791298 570537
489505 631710
-249232 930333
-463466 868594
535119 977208
813028 -796810
104513 -550905
-600947 950940
-438328 -903414
-403024 -225000
580675 830755
-915907 462188
-598927 -554812
60023 -303367
819536 -594429
272917 531441
-845783 -966416
-240762 383443
830438 -93439
846900 745138
-278121 -250826
-976940 -201840
-232936 88303
884523 632276
660672 -161280
-44873 -237542
-6453 -572302
711779 -435336
-609223 -524950
906218 -379393
-313178 126472
56590 806176
599496 -621271
821356 -658311
746051 -97208
523858 -459363
-883669 514254
-808613 273831
617801 -610564
-413736 -633796
279412 991722
473098 453337
796090 348533
-923022 964800
-130231 -521299
789230 -376428
-780723 367990
773923 438354
-940947 663394
-520526 932890
561172 -777739
81282 -850678
497963 -391012
645838 -342133
-498371 -339764
42435 -188856
-333203 200431
220511 237543
-537712 -974427
-40469 -954987
916130 308694
281633 -593682
-993998 -180117
-251573 652527
244847 783911
352135 -722360
123899 -913230
823722 449501
794303 937600
-760914 -142475
971893 324784
787145 664415
281612 -214463
605752 -343562
268878 -470060
483571 -374313
151639 -3376
915812 -179990
-468295 923528
92442 745143
96455 229486
-351005 -486496
597450 -61491
-161594 -349209
772628 -662704
759599 171922
-528650 -882107
633477 -269826
40879 782710
-765817 -332932
-560786 721049
504061 316305
-140735 -471418
-698057 444863
595949 38979
9685 281376
80198 656485
-638931 250639
-532705 -312813
26307 899156
-166759 -986132
-993353 187118
-760301 -525176
245566 -504844
919770 302033
-319575 539191
263689 841389
532394 -375599
702228 190918
410038 51629
-41033 -692670
-113129 299787
339842 -716979
-134958 -839758
-975131 902473
-827726 139762
-95693 47618
-470616 54007
947675 -883702
-254 212232
903083 -792248
174693 385127
196716 -443375
-798951 -177684
-955388 -513683
-983950 945899
-785964 208393
174382 524776
-301146 103862
-58364 695793
-672171 -48242
-945775 -762354
-561752 -30414
29978 -850974
57706 828842
-865244 -508220
-711716 -881666
203202 322412
930281 441013
-732681 571775
873546 620190
312039 195207
-113585 -186309
-943993 -413131
-485778 925645
-791950 947130
636889 -916783
-408603 -643810
509712 -591896
430818 117668
-88867 440425
-808986 -599132
340106 -273153
22631 -730726
444049 908119
-843908 306268
-677052 557375
680410 738964
758847 734759
907748 -749203
381840 -777589
-35550 627318
329209 454196
-968332 593418
15088 805644
-394230 -699183
541991 991426
738945 70243
296715 -558363
88652 -627083
32038 586865
-958297 371253
798828 -350852
-367802 -618812
-576381 -233240
545678 -348595
693454 -188559
-545466 -807656
-711651 -895099
-822068 876097
-26400 -794004
-224496 543889
217354 100901
396378 809147
727438 347336
-601483 -929389
-694148 -857128
468841 922159
706159 -169445
-90569 666056
-938806 227416
262872 537357
45169 -650583
-459848 -906383
770783 -122590
653544 -888347
-70050 111745
-433117 -611213
704239 -471829
-864997 -272072
-757950 486165
-252282 783608
174483 545127
512528 -419784
-222696 388049
751542 -363734
-554611 991244
655391 -477329
497520 648882
789986 -836715
748982 -720013
-793178 -402098
458535 -587928
736410 648672
-736920 -70286
875893 868478
551630 459563
900693 243857
800663 777954
-522852 -153913
2008 297439
-674143 474208
-824866 -780886
237337 346048
687106 -184971
-17696 132359
731049 -703284
54617 690589
769216 380858
-442260 365538
367757 -188619
374083 -157525
880972 -649879
-324387 453544
533794 -1693
-865453 271314
-841042 132158
-677867 25958
132781 -216891
844967 138032
-210214 -797217
21761 -718341
56929 142442
-735061 728745
-585343 745107
-126741 -849387
152188 -324089
-607783 977441
732562 963829
-56787 -722569
819430 138364
501198 -612418
948896 541837
-288835 -791930
-831018 386711
-170135 695964
335434 -805783
-729723 -774442
671172 963031
-821349 217851
-900775 823675
809715 -92443
583490 365772
163256 970609
-997879 -607359
539705 -331977
-914677 953445
154420 -606211
-270698 301196
667457 -702810
14124 -619716
41186 766769
874267 -203743
-708033 -171445
-627741 -519062
870223 -729181
589446 -263681
157924 938484
361696 601304
-857751 50612
-554296 897344
93733 -476469
604035 -484767
87661 -399068
850635 929245
-344051 102483
416330 -728118
596953 337532
-505280 -941276
12142 254647
538500 -413915
647548 -693219
726038 683057
416527 -567207
-453963 714177
47161 -353032
498366 -889252
-232589 178660
-667893 150315
104854 634806
-405863 878798
682815 -979134
-493975 933364
-555576 -66091
-807103 -687335
-709639 149522
330480 -127941
-409178 7696
-462511 293830
499816 338808
907787 -423831
-811228 -432604
-555614 561181
911404 528207
725800 -175971
-246180 396512
-288795 296298
-289685 -24940
387058 -498179
709517 -73665
93579 229018
-92439 955560
-629919 117617
-869512 532765
-544792 -951505
109625 -381764
-990332 -276754
89635 -317070
-60938 -483698
634086 -216536
-466613 -30370
798747 780782
564318 -648040
-764285 -765549
954392 976316
-164703 844052
-477208 -302429
967234 359648
896058 713503
-335764 -9342
-369758 -232889
-228727 883436
11821 -325043
392093 -879147
-117941 -852773
284757 -138555
-435987 -237239
-768278 152112
-130472 -859779
-965730 -881235
-61647 509940
-490468 -303055
931943 -473753
710679 873809
-603822 34583
-786927 169559
351541 -829443
-466416 417496
-795663 449151
55363 -34557
642325 12958
-149084 406915
433120 -158756
-176671 578712
-959479 150500
66262 584551
-824554 -602824
-618701 -694802
673515 960694
-253695 -451361
715929 757284
-883547 -474981
565801 -488558
-667045 -422870
-733650 -728010
