4209 3087
634566 865140
-730398 -552759
284432 -529821
212313 824264
134228 -691717
548114 -305512
-894274 -243423
566671 -363250
-371675 -975810
-306990 -180438
643782 122356
-233534 -574379
-501139 -724655
21496 -421620
251697 -516710
-908488 755853
247290 773115
-347197 680046
-511500 152355
-465702 97498
-601991 586504
-812451 969487
496739 -91242
-56556 152578
684343 677862
237609 485895
973020 -857063
-618907 -343539
-621336 -47641
59230 -334864
301134 -362835
-212187 71271
-877596 -430700
-573088 393683
317812 683977
589579 -440427
418396 187251
582829 623624
-605977 -550303
-765052 159780
-932919 -198787
-393667 822723
40131 -242067
816528 180437
259780 -121054
870354 -339533
81120 797987
-90626 488730
786381 -385130
386262 -979483
-401532 655706
549965 589278
-128603 -706219
-213956 681873
298167 -980646
-117094 172479
521532 -7034
-549610 825590
739759 930717
-581451 157356
-50504 150112
-136434 -99235
-50840 -968340
-926793 162080
-367012 -114240
660715 323023
-661587 -600999
-795310 806041
874363 -607156
-969530 980655
568443 -234404
709359 -719464
345682 192218
-854419 -411996
-983776 693132
912965 -779152
35462 -398114
116450 -447305
845710 92201
-533992 -929303
-742425 -621028
-402690 -787305
332233 -622207
-254609 850752
939418 -832679
-378013 51199
-947013 -496561
-632341 -473925
275581 119909
505990 811748
-168405 -865191
335122 13097
-985100 -135883
-276074 312970
-87349 -696363
-935329 274914
-857076 839203
-444014 -798237
-257482 -974552
-909863 924399
-471544 -40819
-5443 -114279
-54445 569602
582518 287821
221976 540600
-88272 450011
-389664 -662199
998465 977380
-474615 -516418
-189239 490928
-161684 -362780
145878 -320738
696667 -194224
-380647 487733
-342218 27064
746531 84514
209689 802740
929775 -413596
868832 372371
179120 -326748
-141497 -655434
850742 -516675
160509 -743476
502170 408424
677175 117407
208150 473925
929088 983943
84738 -696469
-359736 -20107
216538 -329273
-373052 47067
-786127 -700567
415770 28241
940464 897204
184312 -363220
-98698 -81438
-938548 450199
-125313 828318
-928463 -456983
777837 760571
487112 -203202
-205657 575542
907553 -377625
-557503 -938361
-250461 -87806
-338918 103646
170399 -97876
924375 -739627
-196527 435740
818355 618457
528729 -654901
18788 -203562
201083 526730
968858 -620718
-411465 317507
-824757 213757
-585914 261088
499354 266603
-562778 881811
343307 48313
946782 10629
-397090 -124860
267581 179369
723456 -48688
214932 -960688
345810 904305
-422933 -627363
723492 -968354
-715489 537252
-663809 182545
963202 -115707
-412843 497302
-3946 -637906
-26283 -210997
373813 732
140062 333582
744420 868648
394358 425390
-178818 299939
889084 976690
240451 381559
171617 442933
-967888 -181140
-685117 -275567
950151 -897930
-404681 -256333
281272 392939
613224 -28483
-411369 -461211
-78684 -847647
743092 180572
-630712 265091
40234 -86304
-629740 794709
97862 -972175
-309811 -353082
-617133 418443
-149151 -480381
840588 33819
174410 -218258
313726 682347
-607306 -532563
766532 -555221
-237098 967119
-794765 -637717
-903735 -486562
-554716 834805
995102 278211
264157 -623974
-957893 504943
-854445 -575965
484135 -178300
823483 -25577
-951221 -37406
-364163 339889
528991 -643767
665840 -415919
-571230 230693
-438599 644737
697472 382460
-541198 -848881
-36133 -61521
686038 -966654
-57764 213979
876621 577821
206256 73699
-812677 -753931
353258 511172
-210440 767903
908863 971718
407074 -551179
-996437 -706870
21110 782376
898252 -912057
-15933 98461
511097 538568
605058 -343119
25618 548221
-866038 -857746
-81887 -855162
218477 -457368
966211 161376
991785 -207294
-719540 -765157
523374 -992998
584783 -170035
395200 574115
-37302 584861
-481139 566041
-655595 -890188
-737801 -145237
50960 -707998
-312644 820115
808285 -954181
-195283 -341244
523998 708198
712464 925125
668963 351012
220096 194104
863874 -861638
852829 -444374
-63449 497725
215173 -761313
641280 -166468
675384 2489
-72577 -645710
743202 -706625
276451 405518
-216927 -403438
-482956 -372452
-328328 241586
-344800 947800
-583744 -738858
-244607 560940
749499 147214
-429414 868088
-636358 -330138
-609319 -910088
-795048 -222130
64240 -278806
487759 222959
-893137 -29201
-418943 -541979
-342580 -823451
351576 -146298
352680 -723680
3123 -63375
190349 -337095
927059 538075
524737 90263
-26568 96503
-470583 203474
173083 -695328
-35583 -764107
994 -462288
755358 -512062
-610763 528044
-261853 -562932
899702 -665203
-388502 323493
-316260 -662388
492845 438015
426077 -402135
-30281 265284
-362220 -914446
-186886 -702863
-921801 -140006
-137223 447268
305281 990917
454030 322220
-659685 -231409
235132 417791
-943814 313533
583115 928826
-567006 -924135
980476 -870178
453039 710138
-262611 -919379
-283404 -496321
62634 -855976
344750 786440
586117 909863
-703789 700613
-442429 573518
668092 282675
787168 -381815
89122 214146
-692302 -667566
-933402 -183435
-765352 822302
-358781 -831543
545742 845997
-631807 -343622
817741 -863805
316700 -831592
323917 -461847
207016 -391858
-554538 -29199
-864224 -157144
875175 133402
-368471 -225116
539280 -715825
-502005 395518
136821 -907277
-589838 682099
-544645 329541
-695826 549198
582792 -650808
-72619 -937525
-629635 325626
-422159 349254
-760588 917068
-942808 454239
-950291 -586910
-412536 434758
300468 -81145
207752 -308704
-385905 -737148
683640 590899
-889053 -891969
-150104 -650309
-69685 -733467
-409193 663735
454792 60843
-725988 263727
574266 366219
730933 248494
-939430 868780
-936127 -663587
449038 270178
307027 -44812
29937 -615975
-167370 42735
88166 -946864
337200 -489596
-502683 853398
-864658 260588
-566108 954148
605420 471680
-754790 121997
154063 363007
-547431 562086
582945 -89004
-771910 495972
745615 -133299
334086 -481827
-225116 66442
998829 -175472
-251150 -644319
219473 -632993
-340864 -333757
885139 -605507
-932672 -114869
-589401 -748104
-589564 -603131
429506 826482
974981 619494
-161846 -222648
940060 817062
-915372 319870
336471 -929946
198853 551000
432170 912161
447381 314520
990605 971151
-379904 669117
-479343 -561785
417836 -79608
414284 570476
970040 724483
-474271 -777073
-414111 -688118
966137 907723
-996643 -207826
757391 670565
876569 -308078
-496906 -482788
417669 -711630
-206656 860552
-973898 -598413
-30171 -86092
592943 -400791
851727 834512
814336 284164
-319872 -791383
-704100 941196
904512 -65847
145131 508332
-559141 -753062
953733 -958428
15267 -617583
44854 713294
413403 777888
236216 916566
535362 692928
440123 -440562
664012 -668029
632545 277363
-744377 -52168
179445 551275
-276289 -275262
469008 -91909
-614208 501713
179448 345120
160010 -599236
-614123 -262932
322072 249337
-195117 -337822
-843191 -805729
676625 262040
563412 -762440
632606 -601581
405556 -493555
-910091 -507963
850067 -893190
603267 555799
-770173 385858
-295541 -367009
623387 -384854
-769558 -784897
-202856 -452807
-690685 -628853
-756341 -672065
-984537 928911
516004 974830
-643376 797819
53211 -551167
-492782 633834
272715 431654
-998557 770933
334906 -277243
549696 464442
31779 929803
2793 823308
-508496 -640820
176105 696940
-494789 -981126
332451 -395477
-640690 4110
336838 458906
-909685 -391557
222754 -717272
469866 -68271
189667 812079
-917916 965599
-918072 334670
286368 831713
33969 -651613
-714481 514488
215248 -283336
-33121 835870
-863114 535127
584837 113725
612584 -463784
-955723 -242239
-322236 -296600
-229383 598834
-802349 -966575
563294 911608
828300 794591
-17349 -449279
881569 -66729
677875 331814
-410726 762937
-504660 -512496
-476934 44336
487483 732034
420819 877859
-745844 -24149
469975 356452
-21131 122805
-68342 -921994
565808 519314
741381 829242
340210 -350686
-66236 -390
651420 -495025
107096 -434536
-372585 -84031
22431 334984
-608866 -23972
-669136 -872494
-212214 -167984
-492281 772688
-479789 -453221
665991 382362
384113 842516
1801 -70912
780854 -612150
326845 449850
12672 301582
257728 401749
90590 -116781
-893064 -919211
371483 699852
-41370 358283
657212 297034
-425932 -893676
210586 475751
-927570 -79993
-848086 587003
345302 -523495
983972 -779832
115616 7939
-453614 -637563
-170754 -154274
923191 -773234
210668 289380
-973707 908920
-479557 -335470
-534422 545204
175230 396540
-487307 187831
440412 301790
-504599 -37852
-952851 684344
-245427 -232161
-357858 -151804
694125 -335001
427992 -547223
-300134 756780
829612 941440
-553596 735878
-181283 779832
908906 976165
91188 205443
-788727 78450
-275373 894313
143441 -143103
505496 -289559
43422 897781
-277201 -636542
-54027 833600
-49364 237648
-962684 433477
-86315 278554
18318 376296
832393 -928255
867311 288934
219577 92403
514914 221987
644322 -453686
-690168 404624
846174 795726
985581 -144960
282405 -368147
659029 -509099
889475 -284736
634032 -165924
859187 482931
285253 565890
548772 374573
802610 -825577
-602892 -949504
236067 136621
-302511 579180
-849659 -330994
-772013 -382687
742404 -483383
-332823 170994
860566 766862
185397 -571041
-232130 790749
15949 -257445
-603994 427329
748924 -530264
327087 18241
-218828 -990079
-186689 229248
-815936 872359
-800653 407269
-742733 -486325
-544255 938379
-581199 452174
876769 399720
-307059 850762
-38189 -277460
-92353 -578827
-888499 -127809
468231 735548
959265 252803
56216 -536039
-735566 -10546
290230 846713
-441894 40436
914133 47355
-191734 639141
737404 637272
812770 -466933
791402 87179
800657 -168501
-914114 68255
692889 729917
213058 -89669
918593 -34340
767206 -427762
783633 -625256
199244 -172903
732977 443904
35361 -538849
930772 146484
-757411 -431800
302864 758028
462223 -536508
352266 691407
-447949 342958
-118383 876968
733723 109245
-642711 -173092
142129 339445
-447308 532413
-114680 -723439
745280 -204071
-831358 -885559
950619 -170757
-406244 -627607
201715 62282
547017 510467
-126845 500171
-566892 -659942
563967 811006
336304 -510899
553459 79081
106691 969821
-300263 54218
631893 -415735
636554 285101
-417661 834376
-77809 -958281
782194 556107
492201 -10448
-212847 -420766
360076 536981
-370727 265555
-603268 280475
-941215 -731213
507736 -557059
170739 791582
329253 344534
-96138 -978019
-700920 -751629
-450086 377661
653033 153647
780163 -732744
-518816 814410
603599 -79138
-209212 -726202
597673 -395400
-192607 132186
331516 -593526
-847052 506056
-575328 483284
-373630 856271
-401246 -57005
40892 524886
488501 687033
-187272 -344949
-857660 866807
22534 -803556
976704 964092
666499 -282093
-474710 762768
-634492 839610
372708 -952143
-597170 120450
-933708 186440
513640 335085
-898713 784454
-840036 172866
-29581 375606
-694780 692978
-887505 116808
72671 362757
896033 303188
657030 456858
-301168 -729493
889947 -947296
15328 50633
-224036 -847643
318885 -355067
859964 704087
260696 -329714
610438 880954
-508272 -366176
161847 -927455
-103605 -542787
216714 114684
929840 -117317
-966962 -443226
814747 -134585
990643 -234950
994376 -663910
922621 681184
28348 -819713
303200 -320450
-714917 836242
-504859 -445705
714578 498680
978613 -138251
718199 -995322
-883929 68530
-134081 569819
266741 915955
799192 -327576
-430759 -406553
109375 -385153
-513220 485104
-36805 -780566
188169 -36777
-419430 -630344
-642767 780551
-165485 -157563
327384 -329409
-127171 285161
-822490 695038
47616 991004
156464 353207
28840 71121
-510631 445191
875483 -5165
128664 -105222
302262 584040
-378160 -792528
327302 250989
-842366 762111
988879 436656
-388852 791592
605875 -752035
529879 -439437
-988285 645985
387526 -962027
-143736 -825741
887255 214204
141735 138809
833739 -669081
990597 -107779
-767075 663329
-254427 997989
-654518 -613266
40058 -346268
-154153 -479214
-226044 -40097
861754 -693886
-36456 -907569
-766995 739926
339282 862782
-16340 -227300
133520 747934
805247 -979219
678066 497676
763007 234777
823104 -339337
-168305 417438
553728 -371797
17447 -75342
-65572 421643
-590607 -591620
-772519 -177775
-383195 -349592
-63140 469790
-321055 -447101
-990176 -821969
85623 -562914
524642 399945
-676438 -219471
102421 29546
-920155 299826
857068 -421892
508079 346752
949899 -720426
-179043 -301406
410299 -544001
-153865 -462926
-356605 -863001
408779 -445419
-551547 -364668
727843 312890
-947592 723338
-915493 -899245
912613 952831
396948 -733612
-691199 -733994
978500 294161
-870093 -359731
535570 488066
26569 -589926
652664 -964846
-839147 959475
796296 249272
-786775 557287
-164776 -981177
-168364 -379504
715535 763497
213462 -919463
-853973 686440
-460948 -238240
748645 713971
222980 763958
323422 -550160
769321 -695661
-213454 721479
-79846 883250
-510836 -870770
938016 88064
445115 -524918
-414531 967796
325665 374994
-363135 355485
662839 859812
713433 475597
690311 -263357
-335809 -129646
698814 89203
-431081 363983
-845547 997123
-680723 240517
492350 -413138
399685 -146453
-769917 408305
356958 -139196
-472948 -839891
-910950 -440352
635073 -456479
-272741 299703
-163595 -129946
917501 -394658
848263 -374387
-234093 924326
594533 926276
799252 331512
418575 -605970
855066 -908655
-145081 -79363
869558 -215570
17711 842090
739663 327317
-568437 763569
620823 287954
63895 -514394
-336817 579995
661132 797498
920353 96988
894486 216632
277821 842926
-158652 735907
-810173 -619189
928224 251200
-112589 -761139
509981 312871
786339 599324
33210 -802537
-2445 993170
-589559 826705
-802848 -287787
-595350 850747
375891 636705
-15860 -877274
-954971 600485
-343234 -35386
-133540 -751800
-463604 -16078
-901691 581787
-453833 -47922
55650 579558
-158188 -615324
-510361 -34630
769376 238729
553193 -496966
-113291 -388482
169550 -780484
-384913 819578
130233 377548
-309682 866188
255820 -486321
-97880 464021
247477 -347934
-296920 640138
386856 149593
-403062 -31605
609967 307168
-850440 -114067
447048 -290013
-220027 873186
301024 -418332
865086 -190180
-895627 630560
-782100 -857990
776431 -160709
-330584 971075
-514764 -659719
699404 442085
540942 -598805
127313 -702430
-991159 117057
504840 870982
-317301 -296758
-334877 -386684
913128 370250
-94382 242009
-392802 -767293
444009 322583
326589 188487
-572986 370691
-709096 -642754
134718 -993493
875034 -319347
758487 197346
165683 379714
-204673 -138056
759654 -110084
-341496 -964124
-651302 -64444
422600 148638
2476 875079
-23758 756443
-651548 195269
429218 109615
-872405 -69482
428 -710216
-393834 -757421
293266 -808972
-68695 -144599
-254014 -516497
-727297 -530289
-66966 811521
-808450 -315133
-497979 -954244
-525244 -135680
979297 417505
176844 360246
-9903 -920694
990048 -341629
48906 -890457
637111 -557586
819620 539043
-270214 -32570
367646 -263580
-406367 161788
577563 -161422
-282351 -230439
-353038 27240
692574 850428
852627 786679
-641904 856209
-11703 68280
-853677 -883817
-230657 51815
-297222 -766845
770434 -769895
359127 995745
195518 -566784
-847597 -142158
-30652 511826
-781698 762950
-313216 359387
-427647 -429937
-833255 193167
-270461 70613
-555051 240135
153921 -393800
622595 -328633
-815410 -331384
92185 565710
-480967 182934
-781401 408759
-628087 -932035
901031 976752
-455186 -705490
-176329 28184
-524416 -790065
270544 -78669
175420 88380
-310821 -232742
-744932 451416
701827 970414
-907968 -32782
-149206 738804
858216 991999
-698424 380703
-472070 -88958
-804526 743607
-807901 -754691
930145 73825
-255886 421336
-153791 742980
161069 -403456
-488954 843495
721902 959809
823838 522442
-721297 490115
-268319 -692719
482497 787607
564361 564163
170039 855771
390486 887229
109506 706504
-198194 -305376
-697195 -491500
-16423 -66336
28908 -638204
570883 -314697
-78924 346994
774357 999062
-607991 487347
640258 658001
602072 -72619
-447546 223969
510397 756401
-443551 882769
116597 -696580
-436273 814523
207968 -252489
659978 -644798
345849 901264
680995 -328794
683577 -56873
929550 -598777
892112 -363613
-214489 -628966
18902 -350921
-683325 481280
718119 -517798
542112 910480
819624 -743589
352281 -647766
-340373 264358
-723651 -116006
644018 -637284
-761469 794015
-21997 581660
-500199 103051
-148387 -71681
-616838 219476
-745595 -556006
-219818 53275
-704460 863375
-609667 -340305
874401 -530380
115704 -957794
-114257 225132
-108904 853293
-888379 298614
748587 -592080
466223 550335
-721746 467180
391319 256226
440476 738736
-321987 755923
-595505 837462
699492 -760647
632925 -303143
-479413 511901
-390649 -956936
-699560 301284
-371008 743850
-822078 23450
59656 -389037
935446 -525664
957384 833458
-658536 755063
-680171 -299251
497518 996935
418482 967318
-259261 -212332
312439 227557
-188128 301174
961963 -598274
-116610 220440
-613847 56244
-400858 -131195
-491367 -751328
-890080 312173
-922683 -863992
958036 -621898
-895536 -768041
984437 902807
333046 243497
-223561 -559043
-617263 439272
771232 63898
457850 -136265
364719 -330938
210557 53672
-711988 -102470
852462 662082
-697720 809936
-391063 -746959
-219865 936365
-267337 986723
998130 -741947
-439022 733603
626221 693221
-552427 890035
788549 373248
160643 -356299
-335998 566811
-239035 -731496
-470334 728053
-295077 106622
-283671 -469090
-484148 894681
-409964 657556
-204827 -33700
-499277 -182501
-528298 -648982
-91916 -700170
288703 907339
-478094 -849932
785296 174228
-648479 691936
-970318 -319142
775268 -8479
600377 -119842
-999362 -574044
-311283 810238
-869805 741779
517870 962976
-825392 -128529
-246551 -144058
115767 853421
-662377 448831
29746 35328
-262188 -913857
-502712 -570620
394217 132927
-619129 -243469
15572 229977
510666 -975074
53576 240332
31760 -876484
-665916 -117171
912660 -903128
-506287 924624
-652122 753024
-972852 88108
108526 826126
762118 -245157
64384 884257
-778802 -362412
534620 885438
283914 140019
-605347 -881058
-83014 712427
202023 132388
489052 -498118
-610680 -922618
729267 629575
848259 178343
-966529 930202
-806860 242520
279930 -336620
497725 317343
-791734 41504
-643311 828524
-234628 -820276
397431 -605433
562565 -189222
-317773 637306
-943164 -349838
273183 -147770
-490043 257067
-782201 -444110
-157221 -493930
642358 411461
-255067 -962274
-39100 -400534
785292 -752093
522927 -368060
-335025 -757619
592827 219423
437910 742272
-705598 936738
675538 -23459
-862918 -27368
760112 -780497
694908 598043
249336 -313951
-180041 587664
-535861 -872836
979569 -349873
917955 -402525
-391274 -34388
-857303 699826
118957 729136
992994 -864191
-87431 717632
-848528 -126869
582316 -565017
745534 729689
753720 468258
558296 215
728831 968805
-983090 25701
350994 -656980
-878832 -278867
-878784 520187
-209610 -792870
505169 810824
220259 -708996
179389 161526
122486 -151142
-564535 366034
944380 -309806
508051 -147374
14304 -461058
788611 412117
120323 919908
960480 -433187
-702563 -641263
426753 -851813
973851 29149
41877 -479422
415578 -762772
-702257 261749
-676002 -375905
-390902 21921
-897847 -818385
-798898 795343
737761 -121514
-10344 -451678
-614081 434969
585201 681817
910122 -606257
621359 -676572
-899382 -276859
-353992 -867653
684756 650071
104980 882265
-868594 -73077
-55030 313306
593646 244901
165876 -102004
-59 -248223
-476598 -437460
-430753 632599
-563522 888916
-928390 -733696
62987 -227461
570702 659459
-799911 -667369
662579 -458079
26802 -492528
266022 830543
277460 185011
-369077 -949936
912485 -77015
625029 -49947
91105 834756
655291 959551
759001 622130
-696754 544457
-391649 120105
336163 25583
-129341 -792264
-965187 -692298
-657377 -807603
-501091 -626834
356848 -519010
-97095 -299593
-116510 731942
634518 151585
-466796 987959
319002 790001
-470501 304813
282966 772877
-510318 -69793
817765 -563623
-486146 -505084
345883 -753911
-796708 332654
-637836 7677
41511 853869
-190736 -19577
-542004 801254
-246111 953429
-102740 -318064
-836333 -645793
531554 205007
-43052 767318
737901 -813530
-71570 332954
118869 -818673
667804 -860543
347625 -339996
-881883 -531393
283616 -509334
303206 428102
-885767 978361
-766472 -276622
-635241 -64178
727354 -26665
774827 939823
416236 -264552
-288229 -186749
502846 -769687
83152 -250375
774793 380084
882187 678202
-774688 -782734
466744 -700252
-427658 778598
507334 582407
-410525 -646514
-29406 802161
-40458 268862
-583095 -117440
-765182 405163
-174973 -195611
-756652 274956
-189750 219708
131891 -38037
829013 -350515
-698674 499827
-727916 334201
-704302 634850
406170 -961825
-317189 -586319
-747486 7738
950497 995708
-330815 509149
-817606 -377844
266109 613545
920729 -828076
-880555 374204
227816 372144
-488032 -492352
985685 964151
-287843 928090
293522 189464
-123482 -191333
210914 373055
933251 598681
-267234 441424
353036 990509
-142738 500918
-737102 -888766
-84729 -521385
796670 -848210
368826 936578
941456 711256
-635870 934141
630962 827771
-846014 -62780
307216 -976348
704739 744786
-368304 775040
399093 -11848
-858714 221581
-329786 -492540
-763894 286141
992253 -348255
-566490 836595
-848127 -104393
960286 280775
-214936 -990678
-225682 762397
340020 -965939
454875 672192
883024 454840
180901 787706
-630611 967176
-511108 321801
-569246 -883213
-417844 -660544
-434741 653901
-276170 272017
446038 -235183
415331 -974262
380388 284761
-475104 886793
-342906 -299811
-171666 38605
419567 -860428
253558 -968759
10373 -165817
835172 510072
-432301 -308980
-504688 486222
541571 926234
-561981 -489676
169004 -791928
-501151 -579306
-359569 783600
-792091 535367
-550962 -275476
-262417 934111
390315 -883040
-892924 52056
927886 -88206
951745 433077
-373610 -298583
-560521 951635
-557969 131423
289032 920932
631694 509963
732058 608617
574014 741560
-765957 155912
-21792 -433459
-922201 -349932
783172 -406959
-98462 72942
-79520 -591608
-987328 511012
-662631 -425506
965778 866108
962216 252508
-647933 384927
-735234 -947761
7991 -306704
741648 -771474
578305 -726028
-23667 -900433
386290 -908567
-780609 370527
349396 501798
953938 -478666
-132909 880224
302873 -547248
490151 272512
-44510 853603
-795599 -415768
504340 -790664
430333 642535
557751 -245590
-386945 -782399
4783 -4256
470515 617836
539081 500583
654291 652677
584090 529662
-515165 997199
598508 -333192
436797 -266781
278039 991670
-289145 52890
214171 487040
233620 794883
335720 471122
130259 -826691
63303 -115372
-374867 320063
76290 510221
-389889 187885
357591 706370
100461 -918817
-418088 329347
-547061 -747288
-308135 307054
684591 315924
814084 -790701
294911 -103907
-439286 304858
605618 229895
703477 -538829
394894 106389
-433215 -935705
-723635 -563361
-961221 -567845
-726814 -809754
-473868 262254
936872 -178126
-432072 75677
387249 -462489
-829842 -246020
189004 758288
625534 756795
-927228 399818
-49706 879685
-648264 -400825
-186856 168922
-668087 -676954
570735 -661196
-924632 -56347
-215576 505476
-783429 -30455
306173 807736
-24731 -706862
-974792 -639847
-466902 724249
-94385 -411758
-819559 -591753
668759 222096
385808 699458
940012 747499
-360482 -72807
-150526 887318
680222 536329
820565 -552862
-213456 621240
-126339 -374713
-877033 746761
396226 -542588
741147 39723
-426088 -480298
-516236 247615
33020 213995
-397481 236573
613957 45032
-74032 209866
384513 198697
593818 772274
223821 -354521
65642 -621468
-318181 -88236
823450 249597
-129540 -149382
85132 614887
303242 252205
251885 268439
-293053 292013
-294331 570700
-372244 -266047
87471 874529
293698 877729
-885490 -875078
-266829 639488
281964 328719
-951922 336699
-954355 496467
-631009 -51139
-943762 -661953
-845853 -637500
-870861 -207586
-184426 -319092
-541056 766681
-747813 -333818
352658 -840815
-264601 -855238
-154386 284341
-871961 -609659
-980223 674925
928824 523592
862993 -588277
-164828 541742
-56847 654554
-974091 -801160
-966856 -13084
207802 -632657
-223309 134621
577500 -727952
354134 203754
-438742 -71327
-630677 963330
752894 852689
468870 -937517
526195 522082
814051 141785
-91916 854258
900942 325112
426134 47464
469403 845722
657686 -722804
-383946 882225
383207 945630
-353499 902677
-234692 256052
739936 -184980
424875 904591
-116595 407784
-838730 -490384
648367 -624227
264771 -822419
-230537 -367962
-296795 -743413
-157792 -388102
-856281 -939262
-864122 410121
-85780 145654
30120 423190
142366 -154077
94736 790563
-135053 -702270
-336112 468851
714756 -605738
887246 -110793
-390061 169356
806079 -469719
-157437 368541
-207036 -392338
145510 -379828
-343039 -312367
-827402 -882304
455287 161649
725271 303642
327447 982540
775582 224186
894517 -790205
-448760 299071
517040 -883599
-247914 -194865
208314 -218306
-647457 764271
640553 173050
-188084 800714
-499636 174722
-829614 312051
644628 356589
166105 -311719
931624 -477709
787094 -199933
-735160 -700359
596096 328409
954490 -168033
668653 -727647
796457 -375817
402553 978990
768781 950031
34370 -97788
586680 -873371
86645 906193
829427 -870192
723841 -40030
403437 -789257
79551 -523887
839278 664268
900629 -934587
595611 6437
611295 -871442
76453 -610892
313636 -716439
-468195 989460
897937 214458
-865829 770741
-168670 983769
189536 -143578
226524 321006
-807968 -235699
270615 -194038
964020 -88425
230104 -586331
791210 660000
-838734 564138
775453 -713793
670476 891829
752047 731845
-981481 466118
-624023 -61541
384272 -515143
-648934 -339038
940499 -360174
392287 570845
698329 -191967
165398 -573553
903868 -369770
-912915 -645317
583219 352771
96190 639887
-999835 267397
-917629 -334879
-910827 703217
998516 -854615
36975 104937
359801 907379
-803437 851340
-926122 -884876
-577787 -510561
738153 954296
113452 625229
-277630 -158766
-943582 245356
725146 717204
265644 450391
-94896 957891
77133 -53929
-849319 936625
750050 -68602
-766484 923303
731044 -209228
310800 406229
860068 71352
980680 249447
393740 -781976
486437 -467059
-557932 339165
-999237 188101
813548 -439189
648314 -611947
304982 -750234
146310 -635061
-974923 -715894
919070 218630
680356 639922
189001 -800850
-940283 644892
936013 765467
818140 -597595
478098 -145753
-425497 -24151
642613 673307
203875 83871
611777 -63560
-172628 -782217
234155 780970
-404184 -543172
-749930 -809861
-953989 812172
-7285 143508
105936 -56282
864160 35864
169091 -385937
568889 265457
886638 601160
695276 954052
182871 96850
-97519 213696
-364611 265006
-512531 438920
-167233 794315
421609 -969615
-907604 -588060
-337963 529801
-641377 661627
-580534 180916
-18184 -689083
-482575 -226993
84071 -164156
580229 648738
434893 -882177
-233110 875541
184511 137755
-489618 728399
-166196 -290670
-732713 282627
764865 580758
828971 -429910
-772108 -743043
145805 -555719
-502589 138800
880098 93418
999340 -190021
697536 631799
-498347 74195
453206 -984899
-706760 485859
-594769 -176717
892303 -762486
31475 -575264
-122585 -740510
-776331 -601994
-521893 -74464
35931 594727
-439794 -202417
-125474 162628
-536621 -880419
292615 524926
-930126 302140
-686330 -422024
685755 225395
522431 -900512
-612884 -92990
-238648 963297
-82185 -202943
-961923 -327099
-77399 814124
726707 925623
66864 151218
29686 404086
-355656 -938944
-688419 -704952
726296 264324
830624 -278048
-714926 -420834
744637 -557547
463617 -105721
-622899 932692
97709 31630
-424724 -985579
-525656 -520654
710068 -831384
277377 813269
247864 -159258
787612 -959087
-184897 -369782
131360 -450865
880324 -946821
-921487 -946931
355768 -612326
-646287 -553577
-12873 -700190
323766 -959221
928187 -115122
349187 -65666
615263 347492
-968482 -470246
349353 -271392
451496 -830910
-97236 -664298
582681 -105031
-811049 -652641
-906148 -813597
422882 478184
340352 641069
264223 668814
-484929 -248740
843034 -895425
615533 -303215
139705 91911
422470 284956
-593854 -407654
-678538 416749
808395 -281109
-816870 641916
533039 -39877
205553 157986
-321802 64666
578027 963888
448016 -323355
-82954 534633
747258 -724676
-71108 356698
145830 -414666
-149854 -246684
424038 -735497
495582 -285180
-753278 -247382
696523 -207106
-167202 115859
442100 -338410
327239 518910
947736 616144
-357637 601769
382327 277983
168051 64283
-792748 87278
-534146 732895
541899 -939558
26012 396644
103375 -182000
-298678 -119834
910554 -621673
-483786 828368
838558 -223845
-682033 -799800
409672 -405868
-19194 -271919
-32808 164844
539936 -152872
62613 964694
-675139 -382521
-136881 -183799
639392 768265
430869 459195
-784398 -471234
-480255 142870
122895 -242020
-833106 709848
-730212 -53491
819790 551527
-520180 883611
434921 -546287
-604890 -371602
-781672 -853345
-641142 399213
163922 -970812
804925 132613
901921 -460943
-451605 -172647
-377721 758294
391716 975200
918309 622474
458814 -983827
641617 -624060
123137 -947
515222 -707028
939564 -331660
967652 -940056
915545 -243184
983552 259584
211068 -909514
-321225 -929337
-956565 -506780
-330743 331047
-548659 726192
388507 -473350
559193 -341953
-500013 862295
149424 412518
35844 422860
-573876 -210832
366610 -594338
-277461 -760477
-532116 -359523
108694 -924254
-993606 35646
91104 -605797
732053 402523
-782522 -55055
-346198 -697668
-84468 434688
-979401 -602994
-527712 611170
656461 -682519
20998 67532
547952 -380593
725492 685050
498007 -911455
171119 -309651
-708104 878913
-921454 660122
226179 -110241
-201226 714026
-507564 -132131
228271 -621674
153637 195740
-437969 993182
-922402 711505
-904577 -578827
880638 501894
665437 -429498
-226700 -4938
516632 781600
182863 217216
771677 380029
554840 -591967
-678212 142292
114279 -261057
-974114 -443555
310405 350306
472464 619380
794123 804804
224655 561824
-887569 112575
-896992 926195
778677 -732535
-515968 468306
-669494 573454
284419 -430076
662689 547103
-104385 -575420
-30088 -251669
-877854 914714
611909 -808164
607045 -413982
82803 -19947
-597499 -272000
-102647 212098
-476965 -397229
-125629 79116
-581681 -827486
-816431 -846133
-604712 137067
-785708 301127
833100 114636
317287 236967
454452 820419
664087 691869
483804 -909537
-330500 -691485
934503 -436584
-156041 -964624
-123950 304177
-296842 847897
849740 -804817
-11955 408011
791438 -371038
-629706 -191502
206810 36598
-125106 171626
-94740 -261021
-813463 -307286
468976 200778
970414 131433
603872 -778440
-612369 -69356
-462918 166290
583381 -460676
294492 802018
-558320 369142
-228541 483038
-890983 640947
416259 659154
372523 476771
-348744 -652321
-975973 544897
89837 217760
-156253 -268487
552462 224917
-803119 -664987
883919 -224900
-240486 -418082
823153 692941
290000 551789
-469533 -148414
-742499 358718
-155751 255764
-444074 436540
-413444 -748470
400902 562730
-913653 992132
167420 661991
19205 478089
-379426 -933762
-692050 600164
-628167 -334411
480580 -632794
-984943 938831
987680 648810
-777011 156865
-355507 588555
-14657 845048
842840 -338325
-580807 887783
391110 7209
-637120 259965
858942 -964287
-136094 -644910
-144682 807941
-816507 110215
-360417 -263242
965958 746233
-604793 754785
-433522 871753
-916674 -784225
409134 -854471
-609359 991668
-222677 -357999
404013 -945776
146287 -215197
447904 385655
-515887 252846
333175 473825
711084 -47160
64922 -427475
461846 102282
978009 -964492
-409165 -929482
102599 -414896
555486 56316
-744378 -395737
366775 -606367
-488727 -771983
581777 -490898
84028 -28929
-396450 -177072
677372 -791841
-968577 -511930
-417344 400028
-942464 380998
483821 -561539
927433 552162
419853 808265
-325957 58246
718784 903174
2022 -844880
-857804 -711824
-943694 -64796
820842 -993870
-526359 132069
830127 -754046
-385410 756067
-885277 -580875
137323 16515
-253270 -442626
441606 -541608
670210 105782
-774313 6151
-218765 831208
110833 556484
707868 416944
-445432 569742
-563930 -877373
57234 -268935
78758 -63131
-163601 -76349
866085 253387
975237 495408
-238685 105179
-273896 -94584
-949193 -727452
-243250 388194
547072 547737
-841606 -866886
-434632 530933
-107633 785915
127947 -479681
842009 763068
-386989 344488
-28187 132755
651316 -97851
-604413 644783
991840 286157
945056 153420
-524902 772082
541481 -779156
-509255 772826
-856563 444500
333631 -241588
-982015 -869200
844208 -196630
710509 732501
-583922 -926024
427070 151928
822954 455754
55221 41779
962678 431458
103869 -153945
297170 -934362
215426 33176
-99879 879461
-724192 80501
-818701 -114159
607621 -145767
765879 -991841
-726611 452461
54170 -534502
-460811 -15544
712317 944003
361302 -429950
945481 989715
-927679 764155
-265067 86202
877667 129493
-710557 -615075
354183 -437020
-564905 -366648
800850 -223168
-631362 122162
365774 874348
606153 606845
-392554 853792
-294097 339884
192323 14537
-277186 298344
-658356 301323
809363 159947
380967 -439719
-982797 851848
185359 230647
-564571 884767
726822 176313
241026 -963451
-499879 -29559
-893086 -859308
-83523 64357
441781 174907
305883 -239826
8136 -27976
858301 -92359
-878024 -338938
-531468 683376
576170 -607896
241881 890114
3824 537895
-512967 920998
117165 -37679
-105736 137092
-712097 -803225
702779 953826
598905 -403130
838579 754160
-227209 -577777
997859 -45756
405576 -19495
611032 533717
493692 -275590
-394411 281462
-712064 738537
355095 353661
641585 185643
525815 730676
1893 812722
487181 310234
440458 892660
-780907 -14576
200710 -626312
315917 707195
388681 434790
-251941 -416241
30874 -960025
-102447 165997
-188388 -81283
340861 632666
578891 175716
-377056 326781
26024 -516212
-529256 491490
-173943 603453
556896 -122460
582976 397531
-22537 693968
90512 195527
388593 -21103
-965751 469225
-499635 -510213
70655 496928
2205 544525
-541497 -259915
-450378 -439586
-448747 -215535
139637 292303
586799 -808183
911226 -299732
-406641 -218459
402825 998889
783180 -438982
-236993 553160
-398595 -375208
-69174 -29530
364492 255066
873082 855207
-954393 -381704
487364 385015
-215345 -164101
-441253 59302
-184912 -186987
407375 866450
-937891 -428774
703034 -297486
-813114 513555
-123498 -581258
-504830 148468
-942288 -573348
-781720 -558624
355351 677969
-811442 804896
305722 173516
4633 -527134
-389260 -666992
-794646 -151847
912637 750237
-307776 -377146
779047 520584
-737816 -175457
665887 696376
-604712 258424
-837844 17964
801430 -561821
982142 183340
238774 -595079
44393 -863301
-997227 -267726
557365 537954
633069 445490
719238 -636650
-162580 14580
-259287 905884
584235 517427
127472 -1742
-378162 -457833
132577 -443079
353029 -526937
33847 310955
693889 76433
338714 382976
-901719 -600097
507197 60927
-187282 77476
556567 250942
-725042 384131
-380623 624979
-325196 -472395
-273526 -953566
504482 -546407
741220 -572420
542081 -842981
-650333 -519266
394692 450813
589175 888092
394059 -809640
-243463 32085
-640968 963525
-735876 -321102
244376 641060
-397162 -246173
-130608 379697
-75720 731024
303248 651101
-321889 105679
-225778 635945
446979 -871106
520797 407007
-270248 450817
323355 292694
459546 -196516
-287779 -241404
-62196 410198
363227 -803582
457303 -236824
944338 825227
919684 -123054
800919 -821289
-622785 494220
-845990 -405036
-299313 167402
-117228 -6089
958503 -882233
72479 -194702
-44727 -478191
93024 -988530
-503004 -91955
-554322 -760233
-994239 966400
-449766 56166
187857 856285
269078 983008
-440792 409999
664000 -771228
151712 -892371
-703353 -852503
969885 -227922
511745 -458315
-547897 303297
437035 118412
933909 -74483
905126 -231475
937588 127874
-183921 458780
-45774 -713816
-562142 33630
-420320 -308328
-736721 -724740
-341728 -7265
-58456 -643154
128228 -229316
-229134 65610
107305 793888
-276659 620958
368715 381725
77649 852116
605516 -3245
-280928 243555
41360 -312053
-54209 -249076
-801322 -871374
267658 -787905
569783 -190020
927231 35467
46228 325947
-402505 -919639
147389 760533
-542569 222828
-842660 -111953
312701 -973528
442527 -574636
-32293 745144
-399362 919502
-823122 137069
-791153 281125
-626654 -636209
-771098 -466136
-685662 709225
-574802 370629
773289 642366
-795794 -297210
-416514 -448889
239781 948703
-511859 515115
165600 -491559
-675670 -985620
-43838 166840
666788 -729282
750577 293366
-58152 -194295
574154 -817528
607941 -883000
363207 897
-140803 -498170
986453 158715
-328606 -99625
575964 860398
259553 131982
-167686 763077
-805140 524508
-641092 -504420
-267425 -806580
-777569 -21353
185714 145889
-550973 520368
451319 -969643
-925400 308887
-276991 319743
604194 735687
827641 -366552
637598 -212781
-16349 927842
-769694 151824
-271086 -393514
931143 -404818
597622 940565
-73147 234863
-713834 -701098
-707352 -451990
-359337 -151311
-134729 -987971
-916524 917113
996922 224048
-11153 946136
596096 969587
90754 804736
-997197 -905471
-12020 -446904
875057 -961713
86810 -978896
-718848 652786
431784 -260372
404910 385154
-483170 849506
-108498 -752936
-303655 143088
8936 -783219
-261785 -68990
-999959 88666
-455693 -931612
683674 348070
430943 -653323
369511 737275
-409181 -781679
222601 901732
-416595 -839555
502005 257813
714255 -878109
-340882 177669
-88051 686899
-421502 198344
798243 -388220
646316 -532322
-167914 -937400
614387 556059
107549 -452223
-927320 389771
-828372 576598
-161838 978477
328895 -608763
-293011 177706
-299244 -344781
200749 589567
848780 206291
-527675 -714820
251301 398153
-864046 -964408
193914 -803239
-931745 650431
-292717 -872676
-782204 613028
-274137 983444
91884 -984148
471013 -462998
198470 670999
660058 484597
-447404 808544
143834 723023
-939004 873269
270286 483198
-268010 261530
107845 620983
-816433 -640131
743349 747738
709594 -308255
454705 -802297
487960 -633947
564543 -81004
-443347 -850331
-720094 -882792
-467729 -563670
-456826 283488
194354 -983137
745623 541929
-91354 13910
628296 -975065
-780446 551458
512583 -768199
-980462 890982
518404 -421663
-379823 -132019
-848920 -831657
-668558 -227201
734833 -693078
234107 386753
-36395 557807
542928 38659
-692913 880456
49537 -600620
-713735 -743098
-245803 -324588
509398 454091
-998632 70736
783476 416573
-311740 -685770
191288 30131
787422 934116
510145 -546254
289259 -681062
-839072 230823
409828 735108
587853 -662067
611301 -45720
808631 -881562
-358884 -658970
226279 619016
-188407 805100
-301213 669663
-578814 -643373
-481577 -375506
274566 -177548
-787891 -955518
-689542 73026
-52104 818939
419019 640273
486043 -114545
556132 -574183
-131156 -554659
-421725 -863705
-120280 -458496
-927327 749404
-646162 257487
493657 603495
-19144 -668998
-305778 -711358
752310 -595523
424545 -646603
-224504 742182
-574186 665080
-938105 -657083
-346374 -909810
-982460 814577
-898093 -206033
-212695 -970699
253862 974642
63489 853415
-145121 109498
-653887 -415477
384067 939409
-521139 99572
-897235 -620378
278110 -875550
92917 522396
-423731 -989072
384684 -121958
524642 -485109
-363453 252409
711126 406626
304014 -770125
866623 436303
652849 -548576
639504 883993
83530 -141227
-755332 332981
185910 -789636
-466356 -361476
793360 -362875
-867946 -426530
-483030 250362
354180 -899411
181745 77288
-608990 463354
33639 399055
194099 -351811
-779755 -799362
-884943 -371425
957025 -508442
938029 -936696
-30846 82529
844932 726837
646787 648309
-878583 370079
-824448 995126
-757136 -553355
417061 87084
-772285 -773700
135540 -943661
-180259 317961
-678458 894039
-172329 135297
783847 341990
-368011 -14584
203956 -491263
-56639 -596350
718169 -470407
999726 284470
-539511 -929335
-189390 -9269
-77809 -683965
245043 712872
-576321 -770151
-183044 -820641
-679577 87701
209005 -295785
-947369 -458248
-191655 342531
-20387 -379528
-121745 -512667
-297665 -853301
186225 989381
-234381 948313
836849 254758
145229 -923331
257783 744250
-428705 -36980
456231 -134612
731070 -762633
155509 945945
-149930 794018
-253978 -629026
596532 -118929
308356 149936
121525 565916
-389467 283006
173884 -784188
925230 974508
-640546 -257128
890735 685991
-101558 689041
-757399 -547487
-270510 -57351
-981372 55127
977426 -560987
391492 333636
12547 -160456
-629256 950761
-641798 -575323
655178 627749
231969 -425762
479787 -360955
-378174 824969
-382610 -911860
-503610 949914
-851830 -872415
-571857 -559042
241863 -695870
876991 617841
204470 -893101
-648366 39379
-722415 605758
256947 441919
153605 -147104
-527430 -156312
550091 78944
522509 -719452
293786 -727419
925917 708805
677706 647728
209319 -464526
-991937 -35379
-239152 908340
542609 400900
774168 -8873
885573 418376
-73409 -81857
450146 -876473
-968420 -295737
87329 -710568
-24261 97603
325806 -660416
976221 2571
943672 66651
164038 -249792
527811 -919880
206286 -987769
155291 -614810
-973935 687453
-105728 62067
469655 -441768
166943 -258110
-780922 125243
-502614 -3985
-526263 767579
292797 433910
-547247 -490444
-756839 -663014
31593 254377
994603 -831591
660355 -301836
-66321 950434
861032 -622931
-651395 980549
217332 817817
-300092 -113606
910034 731959
184439 849044
-23802 71368
816609 -262071
-48993 783472
-361009 -287076
161928 -213113
826875 -94295
367989 -669571
-59549 470140
-239967 -919105
632393 498735
555091 -631053
122586 978096
929837 -349563
-253522 572045
-848920 -163605
-933492 -921860
188378 -586233
-739490 935194
-545837 -292821
776980 230498
635737 987023
240364 861318
792669 959941
-877440 -526905
-669476 -685675
-752021 684536
371461 47089
403682 107152
74583 161336
-525803 -505709
-829438 671422
-940022 -235590
328928 637358
-427456 918360
841607 910911
587984 325272
-241729 428671
699620 332035
-770623 -968455
312579 -465871
989407 5850
-503700 -260900
139823 689480
-959706 -902442
569123 -289594
784945 41009
282612 -352454
819911 553073
-179827 -668843
611347 443810
935377 617506
45499 260513
-680750 -451675
-73848 -651888
-191508 388280
959340 495160
-941204 453420
-320986 225562
-166660 11679
246929 811081
-995136 245573
-610261 -293985
153656 491034
863524 595190
-273865 -839975
-635772 -617212
468717 -845602
491473 46923
44603 -297915
-361004 -310919
-941264 -307120
-900185 695437
246310 339939
466593 -393140
-683001 -294058
962416 5639
-709081 -47731
-304730 -59807
-580094 -480633
-811830 -373659
671786 531713
-250279 418238
885215 -972103
-673441 -601734
103609 -87212
-914227 -11209
200449 -636612
934124 -633381
-947396 622975
-29592 -678518
-552466 -699345
122184 -267668
-725465 -651778
229501 760444
906415 487005
53382 -71888
988861 -40768
-790807 -250546
989494 817781
114422 819815
-907396 -437548
-387174 -901739
540426 -420927
64611 410669
-94538 -380222
-896128 -632981
-475101 -659914
844601 -634711
-661926 823554
606326 -883551
447696 1460
926975 172394
88234 -881468
87529 -195456
449472 -107802
100111 829595
495239 -969968
-725592 -293651
968318 -643333
-601017 560559
-979545 -712382
232648 -608462
95307 -115552
531379 -735673
-27437 626194
-970704 15238
309900 509689
595220 148496
58854 601490
802863 960706
-849815 942890
142491 312457
-380682 -725511
480939 -781770
554589 -303098
717507 923790
988162 699431
113918 -707235
105834 -669735
-117962 -929579
-672198 292607
-665597 -596423
214561 -145204
-562930 -626933
493249 -635784
-194615 -727686
-600834 -659285
60743 -993051
10183 -636828
-313682 891686
-749958 -198621
904271 908718
-912052 -285221
124719 325076
-589418 551066
-177567 633990
-260960 523824
571926 -191834
963900 403043
862458 582834
-460416 870666
-674800 -793177
-16608 311494
394920 -874991
-659331 945511
114309 231212
-313093 -640272
-157485 -466297
328311 -153881
779332 -285696
-371591 -641621
-652652 575992
230203 506799
127347 -266352
-332308 741177
914650 -889848
180290 931572
-90743 388478
-922203 932166
-419428 -895536
-222379 672023
523978 -360068
-918513 -92900
974010 -880939
213789 -679606
-464253 -219635
352215 283044
-722858 -518170
-6302 -318930
-618682 -181564
-428304 944072
-963338 -858637
737253 238683
747339 -650156
-994664 -52748
-462574 494352
-175028 -441366
-985801 329326
238373 251955
-477485 361831
238425 -664078
891176 567683
-290207 676834
928471 728079
-153229 950731
908701 748340
-512348 412678
-998255 -142024
603560 594315
787110 -708859
-151379 405638
672135 973042
643385 296304
867222 486776
656213 974174
-618716 -206640
-894194 514610
-233360 983437
276251 134395
699064 -57985
664426 341721
216665 -71977
-175172 -717712
-992072 460647
201817 -163777
-361767 847398
913121 117665
-704913 499176
-153546 -494022
-568701 700915
735054 993479
-335356 619691
675650 549477
-819388 -556381
-662021 235490
-433438 93961
-211085 104428
-978153 -89744
223146 401110
-63380 -924016
169021 457771
-734455 863413
-958088 932536
451276 -404574
-226526 -61162
-957620 -355203
85237 -791837
-76370 -55228
-363032 47485
-788273 -973097
508197 -392435
501420 -777551
415783 261596
-933428 -417004
-212142 879162
775281 546154
767999 923432
-528706 176531
782006 -163969
-834763 765052
-761233 -378128
984866 -983127
937859 204142
-974313 -623527
-92222 -432312
250547 136328
-305947 -691382
793876 -207811
956475 -398447
-525856 -885737
925789 207467
204155 101312
525410 679583
166441 -592768
-597773 868538
-899958 41285
-242428 948758
-508576 739786
-343201 -965695
698428 15416
761394 854692
-459600 -331210
415286 -469612
294976 684854
-622485 -883251
643189 -345154
-216859 -52425
-652941 -85165
-903695 -139376
-568972 -242467
-237336 863396
-369643 -330488
-751497 716054
781869 -583028
-647698 68188
737466 826620
-320738 -732575
7270 -307646
-525541 621852
571664 822675
-483766 887604
-318929 798809
284863 -8619
686244 -458630
-644746 690408
363596 -182803
35672 5548
329569 922284
212560 104708
141103 -952921
596128 911960
878291 -606047
930374 403223
378755 631367
-21259 -566964
-24064 -575152
373072 -588329
376359 801816
775583 391273
141308 -762300
-285963 -421021
-280319 -622234
-721550 210510
-129037 47126
-611289 -393126
36124 996195
-761733 398713
332232 57404
877233 -82772
-407909 -40605
713265 -20861
-371944 -103241
-619564 378116
710368 557263
262094 -239425
-687819 -833585
-334112 914628
-660637 -745606
-142832 323649
342976 347168
-113967 -101953
272087 227887
325207 -350928
-13544 433162
-991615 -462906
491231 -600032
866040 -575028
-686166 352017
648122 -112503
907753 330228
-742585 -755680
886168 -517601
-443686 -448746
-636121 115497
-277332 -860222
-21502 -605418
792414 -345497
-812562 791059
-880223 -797883
268056 -683494
-302485 273012
-187012 -364867
-895572 389699
295962 -232703
-814699 -883130
-973826 249232
226406 -939682
209054 302132
-419532 991047
241299 -679779
-462282 -756944
-701748 376837
-740181 -683945
888105 -434384
222540 -783386
-327825 967518
-310898 -176957
-537750 -478172
3185 571906
39424 770002
99065 -569799
-914987 -444190
632951 610551
20270 555798
-992916 262477
521266 763717
-344165 667213
-331778 575762
66120 -205873
-479249 -734055
-205242 -257438
954218 779593
310640 -826234
76242 816062
824061 694970
-149045 58733
-230460 934090
733168 -388104
-411303 -837127
-647870 722212
628986 493596
-561203 730225
-48331 -623930
-728848 -20574
-346512 -874870
-414910 -297796
-117085 63048
-13895 -669226
-588582 -603763
-122138 -595093
-353035 -227254
432571 -543429
1554 -521191
-544106 -334975
-896640 103024
-406880 446557
-559860 180657
-712853 753979
-497052 -435609
-507896 -973177
-356657 69159
-714729 299427
-155196 106420
276601 -182105
27865 -362740
-181922 46313
-147306 695567
349161 597177
152874 -895349
320715 371336
936596 -243044
715254 40930
539288 152039
579734 487920
-876017 779029
718081 485382
827873 -346003
-79686 874443
-122825 928771
155700 -126466
775458 -694026
7380 -383283
-42778 -863447
410139 243697
239004 933595
262400 76401
51427 -216525
665494 867709
-739866 -772513
-998872 -419780
-249254 860402
551711 461273
638113 -335564
313620 -329400
-355056 -733270
-376924 765785
967187 -544253
436308 -133514
-202452 778234
965157 -759513
14544 -493722
-93003 853857
-330764 137187
921230 -394277
528091 -427331
-852895 -441379
-322504 -295736
-561009 -457458
-911415 -923094
-718467 -349689
-988026 -839425
-139402 980835
-541408 361388
985026 683153
69116 -140509
-886114 97642
-968887 -435714
-65070 -698145
926321 -398230
-790174 -600760
443598 749041
53757 722589
-355019 843805
711099 -924952
198499 -560576
-859026 45405
-126595 -352351
408899 -811642
219356 291666
-278027 862478
214791 42796
829854 208345
671832 277751
983162 -902679
132014 893542
392221 889767
-908007 -540979
-484331 -956728
780190 -147950
40265 -428787
-110475 196841
-743873 165297
89555 -473905
-991983 -410278
-368542 477148
491566 -612682
-334606 601781
998350 -300973
-837626 -81733
86416 308026
628360 -664642
510602 130662
-420047 -13516
193161 71280
387680 564580
-690295 251592
-639883 961422
624200 462962
521382 188904
-897905 649005
513896 -726657
790977 214308
-568189 929110
368391 912334
558572 -22890
657462 462474
251360 100806
-999868 384557
298493 332565
508586 852271
592454 122559
-102385 719247
936404 -271283
500238 -141269
167505 -471734
8141 206829
-126031 519164
935956 -431644
-951348 364659
418745 522917
710592 -271219
-993536 377599
-606224 -971276
64746 803596
-587470 -953228
-668306 850354
834411 -163920
375235 -233063
-600351 38764
61001 321894
402797 -89752
748856 -23003
-614883 -909301
-484265 744948
-130521 344024
-861974 -713981
-796331 239854
399391 -255726
669500 8027
217006 992484
577007 -246583
-545940 879301
-785648 867816
-381033 317121
-209743 82589
107912 -289887
-681473 -780228
549515 425955
-408667 650292
136979 -579727
-286400 -132678
718845 418895
275402 823136
-344507 -529364
-820519 -67156
982016 454349
879582 373355
852570 -958428
-308449 -263012
336559 -505224
688361 754025
-190946 -133342
-835927 -24087
998924 -964944
838130 590947
456810 469149
-135586 -711676
166025 -384978
-290385 937147
-716170 -216781
379224 227971
-234590 -80585
9880 41037
741977 675156
132888 643647
7354 833017
-29042 -353152
-519758 975439
-109799 -482496
874430 945643
-69930 -823969
504887 -709228
-580668 -576115
-181120 -308858
706780 530904
158878 -914098
547835 -55364
-114611 -443509
-344698 716879
-583490 -691780
213547 -386736
236596 -388455
45614 -2783
405150 -826129
-206107 259061
630990 986941
-485136 -125699
-705447 642272
-8751 983693
787555 867102
-268999 -165978
-264816 576672
858651 -573427
768830 -932733
123406 494936
880551 -378428
169272 -538362
-476195 327895
-439266 -428568
694505 423530
264754 -982991
-445683 86760
-805975 -109766
723041 -19921
-238412 -679668
303426 -321485
-666439 -407873
801091 -377807
51408 -453587
-688544 663432
-809162 -394106
-731624 -581061
-599812 580106
445209 -698499
592384 499002
184339 -361360
-367032 406236
578075 -934981
-639915 -110324
-239255 309112
-115103 -500343
-16430 -477768
953034 747581
-228476 890196
705993 -487613
-597939 -73410
178839 115376
52956 -394947
-73816 541083
250239 -589424
307686 -948975
-626694 72360
-881176 -693056
-234859 810071
760382 -79197
-70448 -460233
245020 691475
9291 -165376
691956 565519
-480161 239669
117746 245338
610810 -448997
255306 317552
-956182 -828448
-306138 -476105
-127908 -38201
104772 363885
-600936 -39111
-116197 -598177
-547070 -162152
787403 530391
-929762 -647270
-437183 880546
218708 902679
-929942 205200
-251270 368876
774324 326047
-958409 969140
-36586 824074
173975 190697
735042 560941
352351 692819
-770701 -891742
53714 -574616
183225 783532
62783 233819
-504314 75399
398924 571591
855460 897897
-886588 -692089
-245935 736669
-99794 -778827
-565861 -487125
-651562 860035
976810 -651689
-924089 -183106
-823167 -395845
-320334 907570
-132473 -896574
838307 631687
-379539 -367505
-426582 977753
345296 -770128
-147404 43280
-752721 772441
-220822 -996920
264059 602732
-395375 148650
-193658 829713
916004 -459537
-918643 -815093
-553364 296031
103267 411787
-957494 744396
715962 876917
56408 207868
-497289 965010
-341561 -348695
671852 -312858
723689 26311
-867818 -597085
-279257 -978273
-343605 -473755
-331206 833569
-167614 224245
-795888 238930
-616546 384641
-798203 -17365
268495 -744500
-504036 -423002
27556 169438
946728 919577
298333 -548332
-512087 -471596
883122 57357
583732 -913164
-312372 550130
-389352 820521
183190 -137289
603125 -32364
569137 796527
-743643 252468
744906 624612
-581146 364831
-338454 447766
42629 548176
-865522 385143
-145185 -396787
-804253 -693912
194006 -951536
-617817 -39687
-503947 -497480
-259830 149527
-47858 254414
-71628 398196
-312137 689064
-326442 597876
372777 986249
444362 773724
-930677 97117
922646 -310407
127524 236402
-552560 -12809
-556194 356902
763895 243957
-999316 672396
217135 -686401
517552 174220
982554 -55941
656142 -815384
-579716 -407448
-421629 -222538
488953 -999933
946582 -123992
65321 153492
540072 -959045
-388898 238545
-452904 455195
-68412 -161364
-55752 -10712
-285732 512397
17474 121444
457387 -183941
-510466 45478
542385 437368
532267 -280623
-779137 -732044
-550527 -393464
-267232 634856
464947 -806718
-389312 494158
943686 -686828
324749 897094
772280 -814689
58954 -511385
-557023 726136
764485 -10375
697289 998824
296500 -373435
-882402 -970167
-97647 167289
-306075 87583
-508633 -257242
-321126 -145408
785962 -96202
-326131 733457
843905 -413882
217898 342171
-329043 821268
685621 -360256
-762523 -596142
211054 -825247
603450 354945
958316 -205817
881592 238098
340602 -554066
-827974 299661
-122534 -854833
534683 -589354
-930377 -27134
-416067 -941609
-92913 -613369
856635 -373338
-985929 931959
-910800 149618
732453 461543
-283423 145504
70777 546212
958058 -670963
-30035 270864
869310 547146
-11319 960479
-288804 -457554
-324602 514326
-685823 -234879
-388344 -588346
109018 850526
579061 591289
863016 -737969
-625246 -666017
525196 -547495
486152 54438
-30702 -508764
-198255 -864606
-238528 -15430
-397120 235989
708360 -881585
-269676 38954
104800 380172
-316336 -644443
949120 869280
-217610 604263
484541 753252
-157986 670787
-779529 324777
-799708 326785
-43407 -998316
-372560 46282
-448989 502720
-414015 58846
-577042 127116
-456983 -306650
-351399 -355148
-691472 904196
489392 -371325
562984 772506
186675 270924
-613612 -291231
670433 -248148
-592959 -947346
-322915 266446
-495494 303461
-229763 860213
-662241 885301
434682 -461635
-507853 -749557
-800715 746391
-930222 -620884
476704 602975
-934001 -997245
231186 310163
-985744 849622
-149558 362964
934075 107593
760415 705232
529278 -629295
-154458 -714432
-540570 -633061
990985 792669
106705 569159
-177304 -788608
998757 714871
667683 537793
498212 680352
978367 103524
759423 -20916
-44344 -151410
668022 -677371
-734432 -810851
559532 -335119
880737 -722377
157128 449961
903628 -849043
229113 -566933
362093 995680
953524 -493162
-564744 -706787
556535 38913
-699627 -505735
-714723 -63655
-872897 937418
-337200 -842473
928701 -414657
887998 881813
-339580 -304898
-522661 741707
-309517 440597
245560 174388
-478710 720331
592481 -658485
-722839 648764
-937329 513326
275327 562126
189774 -839441
-859352 568461
-199834 122753
999577 817030
959841 532132
789372 615235
488658 108114
-455182 424673
978484 -30919
483443 -454611
-766539 -762552
-985734 -845764
-644736 -25514
-436361 -714515
833433 937119
-129841 597321
136779 -604079
-419476 405235
-241309 918558
417519 812767
-574581 264265
634163 942824
-633104 -957960
-935164 661598
-34656 778770
-108461 965541
685058 -224541
724270 -174707
-449013 383245
-882098 -15078
-656391 -79463
989364 518199
529377 -276043
-760048 144430
321737 155831
-683811 984970
-603904 -311954
452862 959029
-952266 385380
334160 -983523
25710 -308062
189818 -690149
95395 -116231
625740 -77259
-568982 -77547
391879 -616553
-772736 -207147
839557 -330994
-888522 -670981
-52409 -706011
857770 -347681
-160590 211126
29701 823594
-84037 238073
-855899 -664253
742008 459059
-954104 -634411
203010 205638
859880 -984256
159159 752315
-756315 -607678
731250 -493182
-33470 596228
-264443 -751228
-3290 -598795
-176855 -326624
-630584 426833
-838835 -791617
853978 -601921
-486353 654724
730676 -946083
237619 795846
362890 -603172
-186357 -347681
407889 -735433
290923 -268585
802448 188578
-434793 422581
597483 744469
248157 -113429
465107 -805477
461260 427307
-415908 297454
33750 -248610
604290 374600
-953678 821863
-368209 763991
-408704 -406999
455584 -115062
-928277 945296
-499566 -472152
-200219 -920400
843142 460233
-552228 712794
830074 814590
-171549 162086
798862 -657126
-783009 -890203
-291286 862554
62493 -914557
350394 988857
466719 848354
623392 -513632
632022 544575
175056 751259
905980 170161
-308104 -444949
789838 204391
-829724 -724820
-49320 767048
-417871 -528809
-91274 -928503
157151 -566162
-407183 -161481
-151549 864624
707039 534943
-87732 293656
73564 417231
-450929 403522
-538375 286046
513921 -183109
436670 -732793
-44183 877731
430114 782387
592399 -206415
-592174 -104181
-72597 523649
479912 -561333
-509995 840286
727236 -480531
-910443 936917
-990808 -692831
565009 211208
-943200 -815806
350156 858607
-354481 653167
-85263 638201
-110058 -333742
-525243 -377420
-79326 -464306
-353479 449110
-488725 264112
-542294 116119
-854396 -728344
491254 -190211
984909 -858045
-753749 732906
-952678 491363
-967208 -906748
-605622 496425
9859 986858
379996 -613869
117483 -899853
113771 -508195
-405790 207291
-314688 -296336
-888391 -862069
-241172 645439
-940912 -949652
-347365 64531
-409465 -188150
648373 -856109
271674 -561451
117336 253125
-228113 788989
100611 -568293
411499 -20184
636092 279043
-453906 -232587
-304550 -661541
-59412 919234
-209197 209948
-688867 -584418
753161 996089
-897922 -758695
898220 -955492
-15648 142947
711315 -152598
332895 667373
640207 -775875
542742 220823
826085 157863
110775 982363
280003 -225290
-765946 993358
680644 -383284
-296738 376938
592717 -475136
-795319 -298398
-647484 849730
46004 -694381
-586339 364385
706213 -210617
773407 -35253
-450011 738361
796068 -912878
271130 467918
-190861 -387498
-977894 -377437
-829924 -995261
289065 -213226
-105992 469031
-919329 -125603
607792 -776927
268637 492001
672964 532304
457354 282833
324609 240307
-264183 -452043
-963293 174551
399175 -663333
884873 -643697
198354 357573
-821097 503082
-980964 -825672
-769648 274953
-103238 -563539
861368 -743789
-109512 608175
612875 236571
165917 579533
-57781 197252
-557783 489466
-212104 -965169
147309 -595559
-596381 768352
-219989 -442875
413612 -647076
-679480 -435603
609899 627283
-551301 -647118
500674 996113
863504 893609
-666538 614113
343849 787335
970420 802992
-795228 -718212
-794972 -318960
492779 505896
-95074 -714695
296598 169870
676418 367456
-253337 330584
910094 376274
-883133 217309
328210 -486308
560344 -256950
163369 59955
-301779 911999
-588751 80661
983653 -373826
-819447 -890777
586654 -322909
-119884 179002
-252123 -703959
-888375 677568
-952264 374649
858336 710111
-96776 233050
-536707 -930053
567161 14343
469203 -617196
-152070 860349
-453530 -339456
233322 -53986
-727230 293171
786911 -780229
659696 -369665
-556865 -151787
168688 741495
-332371 459873
-955038 964951
-961640 -579534
-443791 508985
463104 -322356
-9749 983423
458158 -154733
-213183 -571669
306776 -155097
103523 -439066
-215328 806458
-498415 755989
431168 -697647
-254245 163817
-338095 -866098
314508 590367
-877892 -381278
886024 -167402
984195 -9975
-515307 -621033
972479 489366
-770450 -671032
-20884 922016
714422 418826
-395725 -211840
-630056 805143
850626 -925808
-983238 178447
-275016 -111535
-70129 559138
-498183 388219
715527 255734
894098 -66589
179661 707097
22625 714585
72032 835270
-302197 -137322
461345 -66157
606386 416937
-222775 619617
-835324 -307575
-104060 -124561
-649874 271585
-395567 383123
202476 796959
314733 142606
997002 -752315
-112918 533077
-404103 755191
-869317 -488575
-904683 99313
167400 -638143
677383 -298104
-46047 -612176
277050 608846
356255 35061
167920 63211
155994 294945
399862 791772
50912 784418
-118074 -942208
-700545 837551
150046 -593748
-723350 260641
-999810 409498
-623367 -634797
369916 706454
849796 550168
-562983 344398
-862983 -613962
851634 536896
803896 -28901
-537454 -865609
434914 675548
630499 -414274
877375 437448
-811553 -798359
491011 979810
914230 898072
-69825 -82843
-215014 112513
237113 230263
-299201 596307
-661492 -691833
369692 -333362
-498783 267113
-134128 -837737
910994 918134
392655 726175
690443 211123
41955 -392855
676101 657243
-959284 -567678
-157764 828537
-35172 388090
9944 39871
692610 20545
-560327 501534
-871109 -973983
-994866 -860296
779347 572980
-775439 746631
-428456 -962365
-274483 -245786
-461064 735891
-607571 616074
397757 15149
-951719 -791738
101766 682032
-983609 772314
-740526 470442
164040 -537116
102764 412215
-677732 -456766
420547 -593819
487173 -505821
588698 -132659
525221 845905
266371 -515477
-277212 -731468
373761 -738419
338562 -490817
-841553 134788
-856619 -935779
193843 -450606
-21711 -769421
-612413 974669
-252655 375808
-980349 -996537
-487727 170372
645490 515261
903167 186532
711125 -492358
740943 -983940
912965 278381
327267 -994762
830333 -641589
446671 242771
-45943 175370
800076 738229
877323 120323
-188022 -749630
708858 -720256
894113 -797265
473155 -604639
-917940 75574
793818 971816
169422 -112469
-913377 -756917
135018 457436
46861 841537
-214090 427558
-214094 -572109
-476419 -822827
595643 -293409
-711258 -816759
193695 -328302
764997 798378
-719195 635911
-557896 301514
334091 -345259
-818859 -798790
432072 -35456
-581728 -315615
-618189 -365781
-571189 -365712
-26412 -56063
393079 -597763
-540944 239908
-989458 -599470
-374115 892486
655508 262826
572604 -742153
519187 -251693
575384 -505667
-291722 -516656
543511 27633
-855129 56838
-601640 -759869
517922 711664
-645990 455852
60856 -15183
-745179 911701
67021 -995718
721029 -412423
705207 -106118
408746 -516811
667879 -207763
902956 179850
-311935 563561
-15335 844557
116054 352681
-243922 785522
-920286 -18039
-463444 -651075
-306156 852529
-120623 -517257
172514 -173500
483587 -656503
-722091 -357975
321140 -425108
460182 -858413
-241802 564502
361910 149806
-231913 -662350
-459235 -324773
-884428 559789
674132 467452
397499 -795592
-74928 354097
-530451 -851592
251740 -489719
-354892 658122
-679808 -543263
348533 334719
327440 -497503
-973762 -462798
-141863 187043
106002 65287
-809045 -541360
844991 464974
952535 555382
873687 -250014
-693126 319589
-863977 676686
-8325 -257841
-588437 -435509
-597935 -549785
505700 645024
914120 448811
987263 209484
-19998 317114
-325766 -405503
863477 133727
208563 -977344
775968 338642
-532379 247074
-418197 -514290
336106 122752
36251 135864
-232003 955836
976537 5149
-980465 610619
186113 711795
503271 760429
-616295 143162
-371274 -239563
445403 -552327
141693 -162502
450578 -908458
-607165 -395010
257369 -771169
-645762 321275
273802 -978574
413373 -647946
15352 -500946
-482509 533924
454468 336164
-716444 664686
-496332 -408867
-448046 -707778
-930573 333967
-475318 -3626
-286845 -707333
225485 146570
208581 -431516
341300 -107248
248483 -720014
498831 160335
-309245 150521
-699533 -545253
413455 789400
-250020 151919
-153841 251715
-543621 -996239
-757788 -306214
786341 -801046
-158683 -848959
-829786 -602331
238334 -986095
-561498 -356559
-77243 -692387
-584003 417130
390520 -182404
-773401 -161378
168629 148311
716848 -825087
152658 -553613
100091 442818
862815 526360
21981 596637
-492297 57865
574000 192430
443981 -862953
813317 -320476
978985 -416548
