2975 1485
-259674 -334972
584416 -439427
-939021 107270
174190 632372
705978 109265
-545089 -819335
-581067 -607054
-608986 -536185
-891503 -853854
-827482 -891601
-177697 -443311
-999594 -708899
-383119 92202
-393554 451743
166102 -47968
874724 -147996
-137655 -15395
-495969 718785
-784479 -650229
409235 -29386
117591 688118
593843 -799859
-757245 446077
529132 -963126
-119117 236379
-952032 884502
894969 -841315
-289560 740227
-550257 -632922
236403 64591
-468475 882627
-453652 -34374
78780 -225009
231873 58406
-565442 -27349
822173 809014
-361515 -266171
-638727 800683
275552 -622327
-193704 -219316
-173450 -572723
-749670 -547884
-988454 573337
521039 -561231
-69442 581590
-729036 628916
-11857 -278078
126600 -68551
900653 806527
-923763 372901
442484 334583
-767181 -774741
63054 428385
995641 -437631
-172106 -380933
947650 -841746
-809941 538337
-536106 106585
-577107 -833208
-222099 -119426
839431 -518768
369280 971799
-459186 666360
116913 -268689
-114150 -925532
-767017 854285
-677758 -73730
-14511 -850612
989343 -526497
-531269 145971
571048 -352183
936556 -172509
380416 790028
622484 730798
385785 -890138
-409359 -8054
-211163 320761
-545240 105050
-558279 -789650
138422 -572281
-397196 559299
3612 332440
-305177 155168
328217 -333414
-582500 -959603
354139 424848
-992499 493144
-49546 -382177
-983208 505508
-259184 882162
736948 166662
637779 844606
-470900 880369
-178178 -670243
-319578 780606
918600 -324369
-991760 -880136
489913 459744
-62163 -611967
893525 -609702
-987712 -897639
-577694 -187839
-769463 -250830
648276 827135
888293 -554835
-277578 -675110
6156 -758949
-426701 -61050
417937 364674
-530796 -963843
262964 378299
129452 54544
-761016 -480698
765157 -158978
443138 -748729
-719239 905641
-970343 -849840
-37886 783390
972885 -904022
-190585 -160984
-172191 773955
-855865 -992395
68393 -319101
34764 -942373
-945933 -815485
-340158 -801191
-719938 229018
77275 220905
817837 583804
-478127 108795
913521 -810891
-260000 283144
-92617 290237
-170963 594172
944429 328483
-675725 60321
-500089 -338432
-982867 486245
-664923 -659844
252997 -310569
74876 -378432
-292694 567089
764333 440548
-756023 880823
-726493 -505825
-803830 943853
698471 279567
-42500 662791
519771 725730
-780134 193445
458971 893111
-463633 -820952
102817 -484607
-475444 792296
484343 398739
263325 -976500
118150 375767
988802 -449011
-663399 -331544
679962 -416898
174605 210212
-431368 -958865
-831014 -691744
-57268 908377
96411 -379697
173988 -668087
350072 -67704
-64027 -257483
984421 846307
-264332 746324
730392 -59771
-281616 -486171
947865 -4460
-815265 -197763
641259 789494
248577 332582
577708 -972107
841768 20922
-868549 99981
16962 332180
-194994 344789
801231 865809
175941 -163214
205378 55875
172386 -232732
-703396 -283172
-368097 287382
-697516 -985900
744048 190864
-255168 -509277
570698 582811
-277887 23793
-110526 269383
-805968 285346
280580 -891846
903403 489944
998261 106646
-763730 -744012
713394 305764
615655 400903
-181709 -875276
-902344 824401
-560493 95449
747541 482819
556693 29122
-419166 -723761
278791 418981
-270612 694923
-857168 -894156
-189602 -179793
-308573 262025
918923 -953823
-875172 962224
319597 262319
740875 -85222
775017 -424857
555850 -737165
-82860 -408792
982318 -796685
450571 258769
923740 13775
-14258 -24466
-16553 956839
-445133 602100
-312772 513067
389503 942103
350445 71725
-732677 709752
304322 -788153
5053 833397
-889461 191487
-271264 751329
-226810 -579494
41817 -964232
93535 242446
-307257 -93228
-346877 -954142
-220366 924678
558227 -151868
789369 -886020
292929 -640091
127353 -9122
725618 -8881
434171 239835
-433605 177706
493921 191563
-890605 -800781
410615 -342859
799190 761233
863876 213060
-424896 3646
459997 633769
-231129 -731732
-317961 36742
-86984 -550016
-167681 426655
-330600 629546
-822417 967373
375657 -961529
683199 522111
-246128 -635439
-904417 -886761
109514 -371662
-553970 75262
3884 35765
-545516 -800067
-298565 -438366
-134774 -724795
621280 -207115
910872 554788
-836236 -454828
245569 -901132
-602262 773538
-411708 116500
598247 -325076
-345729 715338
89953 -996735
-185259 404578
-492700 395428
-693468 -336245
812927 877569
-886109 -474169
262195 157427
172017 851733
-838858 310492
-992059 -499828
-408714 70211
-41215 407547
277162 -801291
715429 455619
-882630 -59206
62898 -531805
-590529 977090
665197 -427581
-48178 750288
-183987 -903254
-363878 -268880
898110 -951171
-855849 -161463
-580045 696231
378041 -416489
-108997 816160
-610870 851259
326389 523642
-914418 886831
112750 -751764
-190318 849668
501333 206460
-945777 -869127
-289802 690559
862210 -109262
8427 -474577
710013 -587009
-877855 276988
452082 -143016
-348505 -848879
-97295 -178444
-867604 206854
-799503 -652171
36069 -491717
754213 -852867
898333 -576995
469955 40327
341213 -509511
432349 -37032
829340 461344
-765890 -914761
-662912 -640651
854532 -694231
-160208 -864987
-831245 -174883
-259613 -163983
-226573 -60210
-535779 671437
-555767 -595687
868851 129245
956260 -498387
597657 -61951
-384419 686473
-262225 -556986
241791 700017
212043 -527443
735207 -696675
-764484 -631916
-856278 -815232
-700002 -823772
-646046 629247
-178328 485670
366548 700104
-489905 -266276
429882 9322
310728 -502268
109669 -296837
463241 90594
-669861 664266
-264372 -752753
357798 -245469
577578 -350367
89805 -646152
29855 -896879
490507 -322430
-620219 239869
882585 101101
323237 -641764
-509005 735101
743468 -632973
261795 -937161
15861 525463
-206068 886513
270852 771908
-853973 977685
-523910 715306
-615498 565281
121663 903182
-247527 -468965
202845 -359865
145539 356367
993721 553677
-278165 447076
598930 213850
-353109 454897
-327510 -385668
-467689 -848821
-878666 202084
580959 851982
-407733 -332440
-33850 441690
-493913 926942
870560 -179496
-810382 -28182
-129245 -231643
-990630 -358456
110096 463122
480001 -718185
747390 435314
163244 863517
448224 836731
251456 903796
-196005 329764
-586523 -307120
280015 482044
544601 -597012
-975325 -376797
188612 938589
-811153 -936078
-323914 460311
536935 -699786
-556449 -260619
463052 -732465
-36982 518093
98730 -659412
-472443 288315
-790426 97389
-481196 59543
880935 913716
-654254 -743196
-403289 290701
-983795 -365619
886850 -960103
214755 -437280
80223 683572
151316 -926955
-671127 831423
557416 238484
601899 -942164
692559 -275497
73467 -353000
-362063 -671097
696910 -751556
-538322 -992218
-130890 -723745
-91827 984826
206070 105679
-630890 84874
-512115 616803
217281 -782483
861356 -716551
-285995 -957213
-860100 214533
131128 -860010
-602158 -235628
359534 -384929
-439237 -491511
914513 -54643
-957554 -465696
107054 -821762
-974183 -345088
-651628 358581
239643 883427
-381949 -473949
210886 -599274
485787 846855
-703393 -562038
-429296 -245222
-702227 634941
694768 -514850
-735048 216021
-611730 485022
-986200 -32844
892400 47300
823556 753070
839427 600888
-601843 965556
-255893 -370663
186697 -343069
86041 -295233
-996131 532472
-216592 910595
133986 829202
-658211 -433878
972699 303821
-98305 -980553
-856624 -970588
-794623 -14753
961317 -70601
-535803 894360
305759 -539784
945062 698020
-749415 -375769
427432 17281
209457 616345
536514 -784723
-464180 476891
265092 -554802
305156 -232980
-906007 820504
-125587 658876
253454 -822960
-603379 130957
-514835 -657898
-941794 -100142
724038 66932
-150240 55072
382808 -228408
281529 -623191
-739618 -268896
-127581 -677572
782029 316682
-608171 -489270
-502559 194636
-210484 91925
99500 58204
-761672 72889
-823741 385505
-377108 -88300
-628369 -977503
675176 -526820
413213 -992747
482556 -249873
-218528 185916
629062 -863549
762231 807907
-714277 -947202
-230466 -304316
307278 468303
580100 -188367
-857671 460787
-678401 421436
100737 70092
449028 690900
380492 -985026
-322993 844318
27473 -416413
-32657 130793
-367393 423134
663758 245646
-334358 -171113
88316 -226576
662580 280995
142196 174656
-558902 744964
-631269 -870792
686933 -984646
626908 -745005
-136912 -949644
-17015 703138
-172706 -243128
-943130 -467855
842665 512266
165130 507959
-970936 352044
896766 -230919
-418087 -754503
-139582 -877457
-709223 288361
-722206 365020
688085 558403
-200474 -497468
370991 433583
-275848 -97787
145313 521177
952828 -138328
274262 179531
-838188 718292
-432503 652562
-621343 -883897
-234937 832733
369058 356781
759569 -95780
848706 620158
918230 -91272
-196331 -734054
-969720 467749
315299 -778903
-713175 363785
-170491 696237
928224 837487
-720547 -978504
-346956 -262770
-234323 389160
113792 -967009
-574743 661854
-474917 679559
-105721 -644501
-66719 918262
-494748 -577686
552609 405923
588243 808356
927409 -849512
393135 991203
-144200 241578
-941485 146606
-15027 -550728
464247 359452
897627 -384704
870358 776896
-856570 598062
20943 973757
976360 -391282
341349 517413
141685 872625
-650906 17682
-324981 -515922
-790907 -655761
-253608 437186
173599 -511250
-323228 -510343
544537 -678845
601569 657008
774935 -399142
240049 681824
787158 -303633
892384 -753086
835400 965219
324375 -495576
991213 354689
-532567 708441
-797127 989334
867750 -569237
897601 -918709
-770098 604038
191512 -17653
38604 100374
283799 423220
586460 -125099
-217002 -433560
-579823 72218
-805292 327454
533814 -370239
148544 167781
-967610 567891
120150 -810661
-433692 -384870
-718970 -403160
856084 392922
960148 462849
4002 923219
208285 -973266
96737 601131
-293018 564162
-430820 -598054
-747350 39583
809551 -593473
173456 442645
-919767 702153
-891366 834688
-294941 -650867
809656 -101595
985398 930356
129563 -821335
964167 -214372
-324114 493155
124835 471048
145821 226511
-286172 402585
-22623 -268801
-411942 700796
-618624 953893
449283 -360388
216716 79950
824726 37050
591955 -385216
-863906 -338420
982872 -645553
270336 -952193
-582656 374896
-15056 833646
671064 7922
664374 193972
121975 70187
-35548 -470334
-984394 -49444
-33016 184448
-607963 -98934
2023 -455887
218271 661128
321236 -105294
-335938 -203291
-480002 -620502
667596 -438657
-138396 332783
-420989 -829737
464153 -754188
-230079 890213
-664754 -767648
587577 834537
303862 735410
250901 645924
-518756 -489270
-523471 959080
617989 826234
436553 555224
-96085 50368
642583 -876587
827856 118225
-514166 -514587
-220109 -954404
-690596 757489
-601612 -977778
-677863 231640
-845395 502072
-434980 -440727
-599185 997598
98955 -807769
812414 -615385
-908983 -159312
-284946 874338
-564629 87416
745532 379785
-238412 176989
-652809 797225
-630065 581840
100524 -727215
-90418 220939
347217 394234
-993147 438865
-852923 533952
-11593 92023
634457 -601785
-833680 -335276
292319 -131662
602719 362234
-327097 140358
1214 993181
454947 202531
437517 333803
-614113 85946
-494724 -983588
-783043 -133862
-515613 -959413
-40633 897286
113246 285423
86765 570980
145267 -796368
-744723 385716
181381 783372
-63949 199328
-711740 -767229
-558757 -845984
-962891 -682231
213646 -616858
136677 289953
-859836 732496
499509 -417421
893317 -610465
-8418 416303
-87028 576517
297671 -91148
278315 -76650
219820 -226233
210113 -579891
-348111 52572
764055 -884048
683589 163504
62086 169857
433041 760991
451341 190059
-155708 157031
-273376 775130
778380 313814
-893976 73597
142543 412437
-730118 325215
-182635 753135
377042 581317
-62175 46837
-368767 845
249051 -903833
413268 691075
285450 297533
-893914 447097
-87059 -532682
60627 912394
-864876 128197
378359 636548
208099 791293
-325538 -221852
-845480 -77273
244032 356063
240715 -543541
248130 85868
312967 -41772
989468 -922475
918191 -812210
37333 673426
604430 -40087
-977055 162278
858231 -738705
150711 234501
-154348 714571
805115 -898994
-55718 -853112
-319276 962493
354458 455519
383878 -194793
634083 684282
864878 -342805
494831 -469156
911414 -156582
-284033 -23497
-504135 336782
569551 728035
405873 -45254
107938 328263
-659808 -631642
-652183 -448064
-282474 -825756
-492552 761467
-321593 -336495
-365622 739291
168895 469133
225199 -92284
246022 580987
718412 341972
-339308 911794
374152 407757
-167215 836963
284445 822304
-829878 -895076
735359 340402
-411089 943770
424322 -222253
515408 826219
85086 -341489
-309523 -518472
-241675 -851499
-979867 -325642
543115 -872780
432113 -147461
355215 -939554
-716724 875061
-410020 839670
43713 -923362
135073 817142
645572 -654580
801304 -971923
-431136 -343626
745505 978463
-859886 -383342
-939722 -406958
-3799 -425913
-479125 949738
724841 -720072
34721 541604
500957 78665
65894 54132
416876 -753273
43052 -645395
-867569 77946
-750983 672298
-416614 -695072
-916112 -803499
574170 -326535
947766 -292817
-909050 203416
766886 -164136
-292873 -342584
757206 -631808
-724852 -187260
157823 -837646
622122 637424
-945532 67726
764391 786164
138805 -733931
456395 862926
306335 -915530
-923276 584950
784892 -812288
-29888 -202368
313562 571598
605660 -266347
471305 653115
132143 -984204
204732 -525571
120815 735663
-49217 -626744
150505 -904330
424094 -29143
231420 206190
-521455 820925
-638675 841764
-298029 159245
-604479 469333
212687 -212143
-818768 -611798
-947041 892258
-995033 117818
580773 -518862
-68415 518706
-783703 -108509
-163962 -151519
78726 435345
758960 -115603
-365596 576512
-272162 263464
-943962 96910
-895155 -291152
59735 403342
-264671 266612
-558283 579797
-781505 40505
186753 -68855
-798819 186453
78252 796649
-939583 645788
324937 -677707
-799675 821645
-643697 -62840
-390011 -768091
-939598 -470234
633430 231686
-819327 95473
69192 -153360
97842 -962821
-119781 285170
-51453 741016
745505 22943
31149 -309438
-629137 729800
183860 682238
500469 519618
-339804 897345
693424 -137161
747021 190311
-433501 -645196
-347073 266828
-72406 -242378
127172 -970082
-737012 237356
846012 627741
779744 441210
224474 -713153
-316201 471875
284001 282340
791564 -579772
-757128 -912833
781736 946300
216014 -657218
-595673 516355
-160867 570363
-558382 906755
700679 44400
-16898 -900072
511882 808868
-887930 882462
-785860 -958230
-960030 -500462
364697 -240990
-642810 344319
712622 867344
842608 617470
-159713 783486
292745 463865
970168 -31298
354323 -404715
798094 803030
-712428 685123
693799 39346
23924 750799
395611 715034
539385 729980
-87485 -280738
328566 -52843
634054 359462
175180 -871542
-556850 -834691
169957 -943331
-858048 17463
379978 -601520
855284 477826
-765880 -753477
795574 195677
-276370 -404628
289026 518677
247117 -559579
113038 -720701
-666051 109608
723617 -732723
693953 -500322
-990682 529559
-144568 311966
-148527 534969
-984875 419245
-537752 -143677
236366 928482
581408 594460
-444965 148579
-84962 -185856
303108 -126709
376402 79844
-391228 -475761
-171316 -649881
808866 675652
125464 -625935
798526 240544
698057 974531
-814696 608139
-944268 -375482
-291840 -213434
58341 -769698
578833 156210
-689864 513781
-785767 842207
-466111 604875
-80565 565047
247550 -38654
274029 753039
819441 -641773
-251587 -142227
266529 43501
65925 393056
634057 133272
322453 -60154
-989635 -407632
324687 976433
-849003 670012
-885084 187657
-819688 -828577
-525959 193846
182168 462361
251281 265029
865506 423652
-268850 -574159
-516333 -223341
644180 819540
292219 -850169
-257620 -274773
-50691 93437
634488 -818709
-798266 -101772
507014 -237614
-828044 -260880
798438 219938
685287 -666613
-644683 -8129
-122176 -758100
-753248 111520
236125 200435
-430343 -74397
-923157 -223913
-779718 924803
-977093 -687262
-127887 -412564
-577451 951855
-922302 657580
-54702 -335506
449302 -24193
237870 -837659
-125752 636558
-98263 506254
444887 675658
-61461 717660
-353358 40173
-118966 20114
-77468 -362258
173791 -924535
247627 -288128
-16455 -907290
-813199 582900
904378 620256
114837 402111
-715639 -392052
46794 -509148
850804 648735
712022 110506
570051 667719
-882963 -802538
-729880 486067
-453248 -704695
-587837 -802288
572476 251460
857460 -12008
647249 -624483
-215182 -493267
909107 870962
-281074 -923692
171972 -828228
490374 -458226
-790892 -907817
825298 -589671
429125 -284843
26270 -182572
-830923 17109
131456 814493
-734 198999
207826 297031
-277759 443891
-365735 662379
882704 756767
855879 864280
-529734 103178
-957909 59965
-365608 -780054
-835196 447886
337595 -774479
-558006 376041
302541 -957022
-14396 348140
-129040 229492
376029 -564735
653197 178023
-809624 863131
-570993 947058
75994 519437
-358475 -159462
-471367 923633
-858257 -7765
-743665 -784866
-618418 -172659
942564 119562
-33241 -368997
-172178 -899075
969859 -667936
-822507 -762814
428966 -175105
-830004 -715015
433888 -951443
-294591 -774876
702842 997633
188283 883974
805744 -238941
473592 -631504
-419054 513667
-717954 -323357
861262 590619
797004 -625597
569731 859362
562752 370719
419326 600467
832249 -941745
-136552 82111
-813171 189160
261582 558733
502544 -630713
-730793 -830472
-494358 -187999
-288525 -684880
487289 -395060
-708996 740390
885456 102537
702480 -531152
946470 -162408
-472180 670909
-486891 -498286
-231043 -211646
19247 813484
-699355 -905609
278519 -507855
809048 -811008
-182243 -117521
995533 -410719
913049 113260
-302443 983129
631257 878644
-5396 -689950
963130 151672
867774 587758
362418 295471
264116 317335
891442 -664066
-165283 907964
-163316 -414136
-321453 -571811
-376659 632401
298276 -789749
-442721 -34126
-18140 534263
194113 -430949
-56738 -542020
-277437 -287537
921901 -474822
803012 406630
-655602 801821
879095 619431
541157 -293678
542970 -68380
-512244 201390
-547100 11953
-133163 914731
-649814 663061
-663772 999879
583060 -480994
315533 413697
305785 345385
-404932 -318266
175915 -335705
12477 86163
-677965 -258056
374604 14126
904784 260116
922663 448966
458575 -50959
800709 -693836
999263 574913
200879 -425608
639446 -282183
-210340 -384511
99791 294129
489967 132488
-620353 601442
-817512 -609882
-802674 405272
-968629 457036
-719707 -862365
-775007 254087
-265393 311933
399325 -209982
-485628 731606
-16935 -571341
314612 -282155
429785 -326116
-699526 -577892
698995 626544
143491 -879113
-512527 837869
-550249 -706659
322964 -835171
329340 -881743
-400829 -135931
-528227 938061
494924 512947
-535110 147881
178667 420929
-562171 82291
-894412 -474701
541267 777450
-921469 -83739
-174404 -750372
231270 203774
171655 201295
-473859 48850
907028 -826774
715829 993653
347821 -783347
-863837 927176
-108339 556084
963987 337101
-490899 -375309
638959 -824287
-999543 735382
-386191 -508407
-427400 737992
-775856 763731
920692 -175852
672139 466399
754968 -524964
470792 -831508
-319741 983663
-574674 338401
510305 -616470
-279450 924142
880191 -377460
-21459 -820766
715335 -141725
447202 -390378
-562937 523527
630574 -641038
352165 -194422
-314053 -106711
-487665 166642
-543061 -912820
-629426 55067
907990 -621015
143601 -152650
-547315 710649
-844083 -68942
860730 -312346
-756925 -418970
377308 507268
85373 -430509
841168 -539368
91556 -759897
-952337 -500599
-975599 802754
629870 785149
231496 -112264
-759182 155265
-703080 -266457
885118 919542
750689 852136
597276 -244703
656846 -519743
-818369 -864857
348486 728016
956037 -328880
-904703 224
75508 -6256
-710669 -803107
406462 837935
-63117 -616594
586818 -555998
-626191 -674540
7932 -703141
610147 -441953
-686486 747104
-604715 831361
-393188 -158061
-278617 961058
25121 -568548
-799397 -301760
-528772 527277
617675 -600234
-968079 228094
-563798 477077
-432299 72898
494146 67978
-114889 253081
336403 628322
219693 53703
282056 478136
-964331 -420142
-501496 -660504
616618 164047
48528 -67323
-35533 784296
-510276 395444
-817089 -178818
-554701 81527
993384 -953122
-656096 -116465
170261 904020
863067 -900997
-503027 -38966
-468712 783682
2093 519364
379633 -937801
556492 -676433
-177409 -176891
877967 -654040
334150 224300
-767132 -127444
-381064 -631593
-63495 327428
-583510 -949955
582444 190088
782152 582464
-120970 268329
-470186 -883055
299099 801621
-224688 -408547
-627926 -766660
-633871 -715372
-561365 -119284
-988732 -12867
775472 -442302
628716 -103919
-933957 -92632
707352 632301
783718 -252228
141972 -801688
863576 -869937
257275 -557695
421835 583864
-291649 656352
-252731 -253793
156676 -416896
502981 -667022
-496283 -616699
361876 342464
-143362 356451
-866453 -862425
46578 520456
958883 -673965
-430094 935347
-857473 366957
333293 75412
-390399 829849
-982604 -932017
-584569 -998800
-399491 -537673
965039 889087
-621987 885978
-970943 -36799
-642301 787374
846574 -436588
292657 32795
811923 722638
826830 783762
836167 118747
-326285 470795
-503790 466346
732824 -775520
-267832 -615624
284187 -469537
980547 662790
-492380 627303
-753517 -34393
-423971 32926
-610986 -55953
402279 115396
-358823 -880812
115166 646952
-409768 -113095
-254281 -591821
-862659 788116
-928999 34206
631446 495370
-354685 -909045
876295 544440
711178 791612
146006 970109
793716 548139
973002 3105
-382293 -282750
-791336 696030
727902 -756278
773800 -353165
428481 -493709
-658346 -712573
-119378 393971
-184643 941521
308573 -373941
415477 -999212
71006 501167
-821023 123509
-931363 824380
41895 -141377
-299720 -296476
-55801 -895335
873072 492956
-277392 -576699
850152 445249
267860 -431980
818554 937591
495623 -681845
-274414 -417946
-750424 516266
-686121 -500340
-887674 -686237
-559686 -288780
191852 -712673
-844995 428291
881809 -919435
-987426 -748307
122811 -634319
464521 -579672
-765010 -445372
620213 -401535
521777 -804950
-747309 825195
789594 271623
658432 -463135
72734 637554
257613 654365
238088 -5258
950072 26195
-32064 -273654
-65100 -259757
-265848 -504480
577517 448457
-206295 -76767
992713 656808
619317 -557812
236895 466798
-647267 -780297
-294165 -655538
-690117 -991558
-240583 -250448
911970 -890733
-607113 -225879
-44724 36158
-498664 989664
-687587 -289042
-96327 -559372
82496 -631173
-326863 -114452
136937 -861718
-260978 993185
-142665 318171
360216 -951703
704503 584872
513406 890546
821553 -865390
981462 -838532
-956087 -462434
870968 -388685
6231 -177062
-761248 143520
197493 29545
678541 -345244
175013 677794
229570 -450729
-785124 910664
344557 -664892
616974 509198
326556 995606
19336 739019
450711 202476
-612622 -313372
-328059 7985
963842 -912704
-466426 -184063
-814403 850827
-308517 358111
-658673 809343
816270 -450401
-837040 425724
-98359 699469
373386 126913
-34266 -870098
-130650 908546
-534636 -893735
-726092 -726554
-461084 -317445
275863 -675569
-553965 -17384
-131108 -128790
-318267 -789945
351855 -797478
-484290 -267306
-49007 220111
857430 625844
28230 -36250
-7010 568811
57073 240886
906425 738700
-455167 706194
517436 -116684
679334 -57629
-422429 911068
-841680 -967862
411643 -278545
-944658 972001
821207 507600
-22079 -218379
838678 -933800
629536 60627
597203 705255
299971 -679512
-768228 882374
38592 -12800
-273347 753883
-771824 376674
154749 166222
45241 65825
-596291 -643695
-404978 326607
-254137 607917
229944 97150
-615524 479471
-759193 304382
-795682 -101691
447076 -772022
-417239 -386644
-439746 -460497
397911 -802444
-937976 227487
827867 -738157
892708 924739
-398142 832103
807907 315358
-122498 -720104
-189596 -26199
-376971 -102191
-264662 -133417
-570713 563943
-349653 49297
120428 120842
-824026 69676
-162794 -442580
738821 24580
801926 64290
900305 -70541
-485237 51046
673586 388841
358863 567280
-277541 -117449
-405521 -162543
-242666 212974
-505686 164698
-310493 -266858
-686240 922396
216977 364476
-792585 159457
-309936 618584
-189936 -800230
196877 -107184
-384689 -994429
-173276 278786
-466320 765419
680114 602423
25928 709130
-780861 30354
324309 -625452
-529552 -511335
-281105 65596
-960689 535870
-651936 940348
-841411 -67153
948596 725671
-472051 -289352
554358 426398
-400039 335517
-947519 318306
500484 -76217
87551 3037
-152877 -786975
-770630 158262
-576377 -972774
-823856 917950
-291455 690506
-453323 -573037
-471925 686107
-577347 -826190
-853564 -204836
-957926 -860820
620353 -14548
-869777 810892
579869 986919
404281 -305542
-733680 352915
-672579 360135
825410 -40805
649306 -639004
841412 -535912
490528 -137757
-113960 -99163
452588 -348986
-422759 986397
-386944 -259054
-909889 -869170
-645840 -779500
181541 -230426
235101 773676
-814357 -699296
-76942 662526
-131814 405114
-679476 420425
-88756 205224
-851134 362159
706281 954096
457863 851707
293489 650144
-177574 442344
-917913 -917787
761247 159048
-538422 796532
474372 -246078
-235199 842767
-939511 436563
-876377 -65655
-440709 -150688
577001 912899
-505075 689725
-985066 733684
4967 -71807
-7208 -784781
-536556 857532
-392830 680302
-9724 -145134
121500 546485
33558 -373176
158271 -377309
871983 520771
-518013 -913062
375252 -827377
786561 -858744
-450210 62022
-267542 478325
-439277 475908
668457 795785
240648 740578
92867 535630
-840950 -549664
687727 215628
-372514 659054
581820 -403048
455172 751997
-94741 467720
-345852 902986
387123 -982047
835499 851359
-928204 -829246
-142548 190670
698894 -618272
907819 714154
-927851 -580464
58970 -340441
156425 621915
-738896 -731995
-332122 741756
483209 29512
-305258 446317
-578836 -275779
196460 -969902
-74425 57009
24074 -799751
-478980 -220800
988492 -324165
-537416 930789
-764773 623296
-519760 -262481
180464 -24269
-621523 58198
96085 830091
-924610 -321165
-670814 -707683
476502 -447159
489280 285219
-815885 -66697
774938 418254
-250225 -342016
138277 -455745
-301711 335299
53942 -871239
505784 -673531
278949 -902559
-872963 992819
-173217 -998265
470221 -773272
255924 779434
748335 639994
-232109 -756567
139991 555826
157795 898017
318280 32741
-347758 478267
-288137 214275
-447469 -513371
810023 -697344
478932 -755533
282389 -866307
-855811 -100007
429733 -298177
887301 283091
-303654 -152776
744303 349123
-755146 -248707
-650197 616026
-584901 -246061
-663912 -88612
-839672 -551426
666821 879371
82925 -47710
-793142 53310
-308689 -105459
142163 -588234
88482 3996
133833 768200
6340 -532242
483966 -807066
-649759 538587
-569242 57697
52757 -495728
954262 885934
-201163 220144
-702451 675731
226637 333546
-418504 957287
585951 -728379
362417 805380
12301 476237
-646255 132381
-81538 488430
-434296 -346454
-708060 -172873
226480 289225
598246 471837
-393057 825322
-386283 -273406
507160 -698153
842152 674025
61377 -220608
607152 966581
-280004 -684652
-236671 -229504
969487 667733
947450 982092
407743 467781
14181 -138157
212818 427372
-204176 -253155
493373 -830215
522930 -944274
311648 118871
-519199 221759
803017 -288949
-153 91220
414851 -804302
-664188 -402432
142556 183453
945894 841542
-800488 -359430
71335 27886
923795 493831
265634 -232525
157682 -280674
-164802 66677
-247873 -414845
267926 -307348
319871 -520181
-797430 604122
-383869 892983
832051 633169
849677 62800
737530 -262536
-639423 -465173
-176450 837862
-858797 393691
-518967 -281493
-22212 -236743
463221 681859
-939326 -111396
-254555 -113000
-81632 809261
-715668 604895
795955 434945
933725 329228
-899214 -599398
557266 -102823
412389 -903664
751741 -106295
-409648 -39408
617452 -190574
-339291 743609
145057 -849056
21594 775922
401570 200039
842475 -871975
566957 -98134
754123 267892
678668 -268836
-389212 -210145
772338 -80539
-519481 -90428
-43035 -513213
468811 634897
-767482 750932
545846 -697848
-146256 809771
-574150 13479
-521145 -387408
-408127 456914
834914 141101
-219439 -299098
-791475 -322612
305136 424992
662404 693452
323067 -694693
-176374 385002
26454 75254
631754 902464
382588 -681684
-774766 797028
-229450 41391
738868 773013
-905594 275826
-853126 474860
-192064 642446
284044 -525984
-980231 -689266
-912707 -124567
377247 926764
-896956 834208
824620 756360
-9703 -159900
324698 897515
609107 -247403
107779 398760
219807 -605531
508389 448685
-863572 -38820
-333525 -521897
91186 782110
-341325 573570
694809 63793
496913 603710
-754725 422625
51834 -996413
176777 323820
649796 -625676
-510541 314660
832795 -406649
-697353 -715195
695501 684641
380490 296985
113694 488724
145624 981844
891 -548952
-213325 -464112
-921456 397704
948197 237945
-720527 -195981
942430 -375331
240316 -870256
122687 -661591
-51089 671533
-903914 -238864
-274750 -22691
823003 237568
-285345 -882664
752235 611537
241 -515855
281243 376077
495709 -200143
722790 -325518
812619 677966
-778043 -826728
-681663 -518014
726308 -774022
277722 940965
-901474 307938
-874235 -351080
113052 256743
-971888 -650255
640225 12154
586695 -19278
443615 205601
129345 536984
255212 -223286
-67260 678177
-888147 747790
70706 910333
-796195 -897048
-385388 455001
978249 414620
-444678 409779
138053 234634
139211 -613584
-932276 -599023
-957387 892870
597757 164877
834474 -256478
-213694 559774
-962975 707930
-640279 -363071
486165 -555102
823940 -712508
970517 48596
-843824 343947
-199503 -178717
936153 -227429
-807688 -721317
209932 81718
468798 16153
135121 -91548
57883 574624
-722021 -780352
245145 534462
471137 65681
400222 -46595
451898 529127
-104801 203770
-451684 -127455
769915 37141
832548 144716
134214 126434
-806194 171288
746578 -248882
378190 232450
744467 -921522
287628 397044
352715 -439640
719311 -199141
-52875 -749758
-339301 769205
-857909 -179555
540053 -985858
-199174 -774174
181436 -110013
888208 -648465
-754679 353249
909008 662825
676773 -387414
964503 -559736
64249 -980510
-959687 260793
171285 371354
-513602 -867663
484875 -913439
-598875 -703675
-921481 -440982
76343 899398
-28514 -919249
-753414 -745382
441507 991047
-283485 -453072
285268 905409
276203 -98218
-905150 -985165
-430146 -424361
410502 -675431
832414 -480813
-291374 401476
-121385 -882976
82720 -418035
305238 -39474
74792 800440
90660 34434
-778149 155505
343436 -305735
-290383 242581
217197 -185733
-807458 133585
-517673 58588
-128920 -55533
-908278 -532477
-254529 248466
-379288 -417098
-571915 497085
-321601 820224
737617 -786746
414096 419425
-331320 -585409
869166 291870
286088 682864
-901332 -319681
97416 -26193
-687662 544319
879244 895660
520290 790298
547334 -707210
-268477 229178
150514 851310
-785032 -158408
519971 -323168
-77850 -529994
-485591 -258293
272079 -622413
567171 -597123
-846038 686304
-329085 275652
408890 -966565
741377 -681638
61301 899513
-896442 -475709
-805360 -973629
-333550 -101876
269068 756898
128097 963183
684769 615410
618994 -266946
980723 -832554
792920 498133
-139401 -660406
160504 816769
-454272 664562
-11117 -564184
217065 95862
323598 451663
-372658 -606412
-504551 596501
600863 -67897
-869063 113244
7693 967857
371637 65045
973611 807899
313362 191794
-704433 -654813
94443 437620
159436 514897
-505851 172909
843378 347457
-846002 -154492
-166376 -549263
819185 523589
33285 479059
-566084 523585
18758 4885
-961760 -681865
758450 -704223
-363106 -760038
177025 -58304
-619563 -531858
-596060 -266191
-740232 -485403
622144 -644532
-782639 -686483
922788 -470632
178891 228474
-578370 524201
-529814 286474
706258 142491
-224180 961324
219875 -696737
-7428 378061
-136641 -555589
-285063 -805343
484787 -422947
-251044 -783128
253170 836009
-21207 378208
-434486 726272
-491719 -287877
-845421 435615
573573 781750
-353990 70323
-13905 418402
-188498 -492414
-563739 -959480
189004 -191180
-106698 46948
-742272 -601173
506667 -648639
-212825 -886837
187807 878410
803996 908597
671682 -612005
473103 708558
975619 -775403
-639034 -762332
345731 -822318
486847 -461164
-29090 541831
-624774 -553911
-179474 -582167
259740 920865
199908 316077
-428468 -305481
198899 -990010
945292 972308
-278618 -579897
-77042 452302
-278401 -50099
-787176 -964056
-463121 285505
311669 -673851
-397400 -863750
216739 325684
-423236 -62483
-803461 -803505
107599 -853062
664102 -916068
673498 -291911
269854 -55681
-457981 -419376
-274541 166815
771476 -727199
-436146 -790606
58989 -827423
-831402 163335
273163 549769
758884 -658343
754391 567709
-457784 -93611
384110 953756
548436 -9421
385228 369995
496219 548099
-405118 -483695
832389 623129
-770810 886305
397660 -751183
-974238 -537242
238265 669114
97438 844008
-713928 -31361
-739473 979642
11323 963407
319286 285538
-90780 -147780
-491530 110937
667851 687736
-363437 -170577
90073 262115
459219 -10643
-27988 -889540
-622875 536140
-1944 -357159
-967184 938840
-224869 -919081
21083 -271551
32393 -912697
377907 376998
-952693 -544330
-670009 289706
972648 729184
-66247 -98594
-965230 417124
-421652 199997
-188687 -100663
147215 -538865
-107592 990788
108427 -631271
255560 361198
523720 -904955
369403 -24460
423590 183670
270052 -120341
91600 -639071
-833070 -27957
-658144 620248
229963 879821
72123 284649
440407 -772362
-649320 241252
263122 16484
-427103 -573964
584761 -388280
235487 -34109
182471 -897812
460212 488341
919743 -806151
298693 98523
44783 31081
-783686 790657
-816718 617512
-957448 -218845
-181146 87822
-449553 877777
-155558 -254324
58333 770197
906153 -654796
-192069 559541
-836489 899970
-954056 -763286
329181 731121
-190595 751810
-344700 -576453
-617702 -849190
287534 -215041
652775 -366235
152733 -731654
463317 -265424
-521025 -874553
223285 841332
21327 840735
163636 -545649
92527 216448
682523 684091
-758829 435158
189710 71908
-297073 144142
45075 703108
51540 -756350
-153852 385473
430488 -191521
101905 -720273
644281 -850214
-208242 465328
677734 183764
-587540 -539595
995641 298808
730923 -574923
-486110 -882337
862867 -319717
-657796 -218596
667555 -931518
350626 514880
375500 -351760
-964858 -323195
343044 113090
937159 691222
755551 -701237
-452034 171564
-213778 -884272
900149 -814298
373180 421058
266524 -496403
-477460 711246
63536 -617207
405163 343376
-644032 -923247
-78741 -675278
605755 -76098
697865 880639
477955 -750598
-596357 -871312
-253460 -923427
963784 -353999
-577659 -978781
791724 690732
-897230 981905
986731 782071
821165 -874459
946415 -506804
112587 -984908
786193 185109
28718 880399
25321 -694512
-697 -629023
-720761 375569
980016 559514
-815197 250863
-368676 -574059
-121240 310950
-618997 -984763
-642560 -666620
-668346 429415
-320282 -358008
-62653 818653
855192 177018
-799752 642756
-589531 -819167
494674 277730
-19768 777820
834785 -829837
164100 -320171
941637 -647368
569504 -818778
-529824 415791
75143 -587710
518202 707995
-544239 -829430
-495585 353153
-430111 -498497
-224931 -74828
-803072 -710855
138108 607360
-406073 461957
846148 243179
-892686 816864
-572687 727695
-691572 -3221
-75455 -894768
618318 -315874
434077 967494
147087 737970
873490 258522
-697086 -270875
356326 -609780
-161497 -678900
757216 188025
-482652 191255
528515 185108
-975799 953699
742743 -739110
545118 882096
6737 702693
440371 466671
-697906 116138
-627545 86753
86727 909984
281787 -269377
935452 555076
781141 922190
-449513 717008
-670731 274082
739302 -528897
313670 -384504
697010 -59096
-302552 958162
-940403 203203
-152614 -36123
284842 550679
-352546 -357698
-801468 105705
-991639 99473
-600993 -724774
-190416 918288
684489 97523
462437 605928
-47941 659128
-626149 -805148
968268 -512649
-760016 -979995
-961177 215225
331739 -317292
-425291 -533063
-317429 800305
-313387 449908
-309634 -840036
717335 -677184
343882 956530
-322490 -773493
-269357 -209549
-825336 637539
-766138 -293462
-933446 184141
843925 722540
-169652 534668
-835797 -235240
-220567 743813
257015 -286343
-304688 -632499
-365070 164384
-754446 610512
-956697 605726
458602 -840310
-304003 -122954
407130 619524
-781816 119392
-345381 576617
-475594 -82420
642194 277112
429808 -860079
-612006 239618
-923436 -892271
149188 410175
-218401 -564709
-776679 790806
107169 221514
163082 966453
660875 577012
325511 -725505
-909900 -153672
-992282 -803702
-901720 -273150
-772460 -878105
-866582 967614
-563671 198968
-854355 907667
-294133 -691039
849708 21339
-28010 130900
35280 394174
159830 -897004
-675348 -42721
31975 250296
-528424 939498
-380160 221789
820855 -282508
-495211 -588107
-693782 -304003
50198 199784
660599 458152
145914 -372321
61161 893890
-34117 -711014
850305 -170745
668043 -126213
-711052 608784
548685 317990
441181 -324441
-276121 -549219
-402186 -720674
426552 590758
-635385 -366597
-885690 -106047
-680579 28726
-928953 -872576
-462442 -728079
-497942 -317765
259972 -700987
-628665 -667334
-597746 663475
670660 808783
750805 824452
-640887 522835
-253672 -433050
-59109 653227
302505 550622
-712566 -348725
-356609 768916
-258466 535042
566932 748250
-692619 -958065
-339069 -448556
528627 -170547
24461 275951
840060 974618
-898560 741731
257133 -408263
839123 713627
-592592 -439127
974336 -652504
431189 262728
-337766 918333
163811 507772
640397 393445
-606096 217808
-184538 -552985
-338439 87499
-372943 247923
-35086 -326413
247215 -754407
486686 -86118
982056 -534792
793674 -219037
931579 21435
-682307 -27283
714578 -32267
868735 -389823
966969 796370
-311689 760919
-632849 -746170
508019 172953
532001 279928
276300 360238
568226 -759556
-147634 628751
-930972 -92386
-106073 -195493
-465513 -663424
-605597 -613380
-408858 -343430
-478268 195050
-76416 392052
397039 -58907
846344 81073
-294297 -322881
182138 277528
190663 -29985
-777014 -597111
429009 -389083
590479 -974509
285383 474157
743464 -53415
172951 -946046
-425249 -301672
-5588 -447099
268530 -272521
-702189 -982780
538626 448363
836979 787266
122506 579978
102785 865818
461040 -403891
-626107 -859035
-249957 -143354
-34791 705450
812980 976775
326171 -207839
-272022 433405
812804 -370692
-34486 -708563
-163114 -626966
-518778 -476125
-151319 295664
192866 748083
558691 721215
389519 635906
927348 -535379
-381478 889067
-115807 -563382
622278 895955
-728996 -156775
8943 -824634
83659 -710867
-998390 -77962
318899 871302
-811345 634326
374287 -162902
469042 443552
418558 926130
32069 676428
17521 -506551
-680667 946355
796190 832227
481587 47944
425687 715851
265140 764058
784619 533240
848127 810153
956485 999121
-390770 241571
-359430 -683841
-230597 -777860
-416399 -87348
-673704 864519
449197 -926273
632876 -546977
-45969 552554
-305680 578214
592207 -250830
14489 -839233
477424 -532362
-734159 -87535
-953008 328049
740890 148603
-959967 370345
432355 983575
-612320 -474757
552032 546348
695643 -241829
610474 -37559
775015 -339230
-977359 -737179
-741920 948083
-833639 177781
-549473 -873620
395210 816796
-895292 965895
595346 -333939
291443 -684477
283805 -922162
697544 234495
-813475 -315215
-163697 922517
-172883 -65359
338435 69304
-572476 -526602
857285 112452
-199171 -542663
-503041 -383735
-257491 -623898
33727 -778447
-556499 -268418
-315491 57141
806913 -666487
572389 -631577
306844 -783972
-704719 -341161
-354765 705093
723461 -360174
310360 211152
-905364 557933
993671 401951
-942608 -639676
-638022 826195
-892413 -951483
-2793 -610386
96099 363327
-599519 692345
-455075 -419031
-788791 762997
-566864 -848217
522120 594088
101765 681153
90443 -199154
-169078 369979
972966 176984
-526959 564054
673815 -325474
949148 -896418
220223 938980
252780 -657220
-988934 -183894
-663019 183284
-940193 -176340
-481289 -576673
27981 -656761
112722 -111886
774186 -92307
351060 -72545
-10373 -606533
-641930 -772343
723596 911054
294135 800469
-503518 -261891
670173 328173
435384 -442585
-658430 -362340
-963786 625991
543156 355754
250395 173450
410867 -797384
514286 449858
-708168 880405
-108086 -660391
-529862 112552
-100584 -466618
-916175 618117
941870 891249
489723 -769719
145338 104247
312335 83713
-859388 -882159
213596 -70617
-111800 348890
20306 -154568
-329288 619304
-619707 -411401
69296 337034
-622230 -207046
-858088 952326
470293 423406
-404229 -440743
-682363 -886272
-136559 935888
-683395 77216
427274 -161628
351254 -481786
-828400 -715988
987551 271565
64464 -544469
313534 -337184
-925370 -904905
-764495 -745878
-684346 474485
328491 689999
-716471 -348987
-497380 785306
-569256 -547444
639532 -661700
-183372 -34492
-15670 968749
-782961 -5571
114874 170627
-202638 570204
-426304 357791
-410630 -65046
216946 127446
808837 -862079
-355589 459647
157393 329745
15704 832166
225402 -283216
577563 -989145
-84216 -112595
-570768 859243
310609 584953
-303000 -787959
-121550 994822
-708917 -478805
552565 34634
850432 487006
-414204 67040
-927704 -361037
-298182 755348
-741848 270598
-185571 -404224
127032 -769268
283575 -89731
448519 -168228
531614 -24232
184325 -912475
-24818 -514221
-890854 202696
162155 -44330
-525583 799619
-828574 43196
504944 911728
-426704 -609664
356692 -44017
304389 612976
-250997 407523
-166399 863872
607231 -40307
41183 145509
659505 813498
764673 -292058
-372492 -814550
352086 -331028
195656 966319
-420037 957376
751802 51039
623182 -896497
537890 569055
-507183 865212
-440630 982771
481806 542309
762343 729059
-923716 -258111
-361520 -774345
-190309 734154
-243110 152625
370110 88357
-397113 -17753
537882 -512023
-464221 -167097
-744267 -739494
327380 -540176
249103 -230755
-567826 194507
-542021 -767686
-652477 63741
357424 -631056
782679 -652278
-317439 -582223
159728 -804475
-308299 -800022
665191 -642867
-138646 -33308
-238660 897467
-321598 -487958
11178 -755990
-747169 466985
186385 -68825
1087 614863
-14237 818661
232923 566336
-978805 785764
-392074 -938934
913736 378497
-988041 668439
-74896 -417971
-754684 -336292
226924 -190564
226234 564305
-965055 872201
314754 209868
-81945 692778
378144 -373395
798085 -69455
781805 -719473
-191423 646609
-563286 25108
-742756 288284
110114 198265
572612 320255
560743 313883
101390 -12972
-249923 -201840
-93474 212247
869668 695972
900468 308106
-419106 -546415
493333 796736
-537343 -711160
-142216 -419136
-113588 -412563
-516558 -679772
474313 793991
-857644 81250
939259 -239349
97994 69966
855781 -883292
-595443 2658
74450 353690
658336 -82750
782917 -313059
-568089 -985761
-747238 843022
854905 -496570
-881403 -500021
-932105 -982416
545824 -276576
-608905 563256
-805894 -774413
495132 -629133
719015 238297
-727567 -430265
-675041 126881
775364 70273
-855118 253963
958637 -863411
-60607 985296
-857867 -838289
-351028 -149694
-644061 -571135
973136 745571
-41936 1529
571552 498879
199265 209192
-727999 -825241
477228 -106857
322898 -939015
758684 86652
144176 471845
-405982 97210
16422 262025
-998238 -962835
-82962 -530360
-386481 246150
383076 784764
353256 -671248
-621343 838181
-255637 -210434
-897900 672976
15808 611993
-677916 528969
-506430 -744730
927326 -651733
-549888 -874554
-939119 -408071
433896 831360
544897 216694
60264 717750
747261 -547920
-82276 -942024
967383 -421857
-610242 702582
599581 750457
227547 263080
450928 350227
-794096 439601
733837 933921
-618383 -215205
416218 979839
735158 973960
194190 921071
-645667 993552
-339343 839262
9143 68910
990438 376534
-175531 -339509
268339 -609866
-209074 530493
475759 393513
730366 -685731
55979 -552667
-126674 850266
-764079 -285475
889696 -113377
-862839 986227
675860 -118570
-188445 12859
732466 -832248
243880 -889492
14147 -484259
37977 -787656
799412 375779
-186521 34220
-324618 -857029
-437571 -659378
73950 -509754
-469243 230358
-994244 -948307
-813480 991164
-555603 907819
9137 259784
-899548 869586
82000 111878
-365848 -550926
-398562 218026
-615881 -356579
-359062 543206
-208933 778418
-50071 223830
379508 223342
746726 -503777
593247 894954
-183014 922209
284181 242997
-409753 991283
207033 510233
-18188 -413996
610010 -823443
-194082 170376
723932 -150400
545331 -926138
-412578 -294430
-334771 -648588
806797 -302991
-145518 -361196
-703870 -56907
340765 710241
-808471 -651100
-561187 -619565
-443665 939472
841613 556282
-580845 -449074
-153613 -4857
499172 -666404
-878570 310236
714075 462018
72675 402468
432418 15424
-926650 -502600
-722136 -776490
395228 -187828
127266 230000
-348720 337714
433959 806691
858588 -154666
974217 680168
-804939 -156271
-962861 -529583
-601985 434156
590913 874610
-812689 -269734
-647330 381070
647260 398967
-587991 -780178
-867291 894622
213542 -269608
844749 837250
-449066 -830936
25831 -256256
680218 -967609
-65804 -241630
795662 -881712
-38441 224879
-344172 -811258
949775 -241053
-14613 -321493
-157531 58797
-49211 382809
-917333 957724
-787751 -543993
-149504 379722
-855703 895599
444884 895044
-697977 -463734
375563 753745
256200 -467313
-522041 -349091
-150021 -505608
431754 377512
721242 509322
198215 46925
-277171 -55642
241998 -848404
448712 361674
26950 -528757
385004 391236
635124 -721976
854021 -264676
-176961 -398036
667230 465131
174545 -950981
664766 747867
-82904 -896734
-332346 -507584
-474302 -425925
-967654 -969354
-559549 229884
360519 -200638
-530216 335092
21209 525377
-951127 -800637
184690 -854796
184224 664340
901334 644598
