1301 767
394053 -753893
935650 -492368
-164440 -499387
55746 -225942
-725894 478498
-830879 -834853
531885 -434237
142833 -952815
-536187 -460363
127680 94915
221892 -652404
325723 -791226
569064 -904718
599215 -680918
929952 445692
809774 -565651
-986148 258753
-836983 490613
413886 -297394
938558 499880
-352482 122630
396282 -741794
386274 -930407
-138828 319257
11230 -496191
-98762 -790257
-333379 -721509
-67328 882843
364081 564567
726423 -620307
768108 -555671
-730201 583497
578970 36742
-218937 73455
88656 -681062
-184164 -534718
840719 -596896
-820627 -408283
354561 74042
512530 -458596
713610 579427
102010 330464
-744019 -786979
-266292 1754
592809 392742
-275228 687383
317044 -506291
-995687 -133240
813917 -534323
-959938 -777062
959387 590345
-789748 443070
767139 993786
984489 -395473
446446 -369059
998570 797934
-752679 342181
186404 -995343
936818 717084
874131 -607039
-31587 -610249
-139964 829189
228561 66350
-381911 4277
680619 113717
-101711 919258
942275 513248
85119 104910
650815 34196
-945841 700576
-130641 762783
-819527 996589
-598456 -172067
-748890 -853628
-997167 -988537
-125397 -848051
-448801 672285
-474352 -124666
371634 -666262
-517790 -535541
357722 -304983
880719 223472
215320 577605
114231 -597750
140471 282398
-583559 -291081
264613 -578716
205415 423301
-860388 -62431
-494919 -48763
934246 -286417
326772 -566688
-430282 -116915
-509921 811910
-911915 -746213
111327 553895
633969 -334017
-585703 290254
-297483 762582
53256 17554
-912347 650709
-379422 539056
232603 -46246
184603 617245
574410 474656
718085 -743137
776519 337091
-809556 812142
-594065 293049
-629225 668868
237328 -333879
392482 -672433
715630 -45666
639764 -674037
597116 790025
-787297 885844
988929 -875785
199218 -968413
147081 77276
222882 566218
857842 815909
645811 348579
58141 -450765
692335 -784266
-255538 -213843
-665343 -656682
-969838 395156
-334512 319382
-552000 -179022
700050 -507974
-76069 -364243
-967557 -213438
-907850 -937898
-142804 4164
258489 360702
-200104 222322
984361 -785521
431541 -789542
-752525 -813936
826369 425594
-114153 727213
25182 -881851
-348358 361008
654877 -906986
950960 -145291
-494774 753631
-859272 298681
-242205 -994263
166778 881801
-613124 -507233
-913649 -785539
502817 337967
-491446 -263950
-15609 -778321
748670 25437
-544453 -850231
-776066 -287613
-284025 -124048
-326997 698198
-746593 -386942
-331404 99701
-25978 673733
778658 827695
-782823 68471
938269 125939
-689941 -811712
-899268 388176
-889367 -377824
176802 -172258
334099 298179
436636 317849
-984618 -334511
-112720 202582
-308992 -991731
252646 882184
157136 -563502
-167116 -684172
751903 -847626
121771 606423
701317 541730
186524 912112
246457 68428
692759 -23901
-969998 217212
472989 -480161
-37607 -520365
731075 75063
818884 -967889
-455364 -960393
851359 -979863
-873808 863699
-647950 -275514
341435 371790
-594286 -888688
925573 895754
944025 -92541
-491594 -234537
-991286 224903
-565798 -69645
-917335 495514
78282 -739683
110909 -38250
209582 116558
-36878 -125607
-625509 -154839
548518 -170041
-614403 210899
452262 -925566
49309 771053
-905120 123967
174663 634198
-795470 -494007
-255693 834075
-575989 -114027
-373881 -918002
644421 176944
244972 -617803
65677 -426150
759807 873791
-162663 -263939
198676 302638
644269 764682
-952675 -740672
-110229 172421
474881 -689397
-280828 -9322
879422 496052
451382 -450201
68789 -512822
882217 634269
-863436 669881
135674 766352
-915622 203693
-581831 -298198
-729325 -47730
-767374 3706
-219964 321734
-202879 -749713
409587 -730306
-44218 265908
919776 -127493
543039 -740730
-88234 207380
-352090 207516
745285 -703834
-389390 -180054
527360 -622661
-136475 311444
-231191 -238804
302908 -343766
862674 -548564
-946819 -599019
284157 85873
975314 -802411
198648 593457
693587 456768
-997130 -651706
-703504 -309066
-120034 119801
139245 -241686
544860 -601573
-324843 -830862
-530075 876681
215445 -519030
647594 175048
611640 -513923
657202 42364
-370903 -946886
905161 982443
-803620 83360
-495819 -153770
-356984 814630
-391656 696146
752580 -328575
42524 42098
-859088 816565
-170966 -756013
708360 587733
-549828 881503
204497 -36775
277171 -351859
-815931 237410
-915023 803272
-369262 121743
655566 415847
493270 -273250
503701 -911008
436438 310532
-752193 130894
-218637 -432433
-738880 329630
-671028 -373173
296672 -275034
-636336 160455
-237534 706801
-633872 184857
365244 -902671
-24843 657628
-266488 -187156
-415333 -989957
320195 -496637
-892963 -238967
976054 17114
-753659 570889
836482 -553159
-119466 29067
-7391 231563
-468260 -570866
394932 -312156
-503578 -654736
-207358 336905
6520 -650006
-371009 417643
198980 -655087
733650 501364
991142 -861812
574168 653821
-93907 800655
-396040 157201
84454 451772
-116548 473384
182538 235654
320094 495914
-476947 894614
-605724 828546
71431 363061
590089 1227
802505 799674
-432651 -620669
-550847 -656975
685162 759666
43165 289109
-735063 29086
-967982 303606
-934362 71734
-47545 433503
-904035 663455
-61720 -910482
-976946 -767602
-82890 631398
-872451 -29671
-202977 782717
728895 -742185
753041 -308399
-852651 157700
795813 181399
121406 -194106
947106 524575
858395 -111641
-228064 129092
-84527 571543
844221 -164446
397812 814777
-522608 353067
686535 33103
164871 760861
393113 -275508
-514276 301399
-541946 584722
482254 200
-595477 495776
859167 360558
-486947 -189928
-155120 -328422
-950953 -184708
657455 790530
253760 936077
-400351 -148227
-638243 -76078
645059 731998
-150597 -649036
-347984 564164
-977956 533892
-858527 720223
140737 479190
-105963 -163006
957366 499775
-140397 -717159
810872 -723509
337689 -620964
-465763 -172094
790166 -596149
185503 -858505
610044 -594094
-943967 173196
-284585 -96325
-808336 136054
898471 -800887
609403 -900724
773403 115212
982623 -935355
-821784 91288
-564134 67387
644363 -371563
-472426 -816090
-388671 744811
-47558 371334
-606297 331112
68280 -903434
375062 827440
304905 -949678
-218509 -509176
760841 729689
-140506 487329
909550 188423
-63815 203567
49295 -794497
168278 -608831
-175906 -51127
-309227 -823263
358731 883559
163057 513029
-14369 193365
592375 -480571
-450832 -113618
911218 347765
-636711 -399050
-378264 -19457
-762581 16349
328324 771730
895539 828101
996934 -94747
-427303 129788
-949339 384816
716856 -559029
-913955 -927002
-657261 754968
130021 841724
625680 -897189
416349 -464786
390735 23883
-988043 416633
5433 -186036
43090 588615
239345 -166601
-559609 844328
-517435 -121168
-871318 99893
546655 559567
-574400 342126
-509593 -286379
483638 -459687
-440136 619601
-780747 -359212
-395146 610676
-966597 293730
86085 -290800
359289 838940
-972329 139615
700632 -930858
665598 -361365
-720908 944338
915475 -7525
30405 578981
611459 349195
719551 -923354
-612767 -230505
36175 36906
-629668 912302
-760775 480236
-9647 -545852
-792765 483958
-737022 96800
-513019 -268178
165225 140460
393779 469492
78817 435639
-416873 -173407
-179655 952620
373620 193402
227507 -368631
949161 -812176
-485112 36345
-695068 858724
191492 -389444
232963 -931218
942912 -996606
-17656 688771
-122996 570452
595321 -697944
-576918 -724890
-160948 -169452
126995 956943
555396 900283
920116 -602209
-24458 -803732
138014 470999
836810 -376431
758898 592162
-854116 -812643
814042 -78439
-787268 -697273
-360522 -448825
595466 -799571
-806180 -973996
217433 -556222
820924 814804
-80593 -167715
-995771 -894990
773463 437997
414293 -72534
698801 781064
-879218 26891
277714 -436873
609726 -976853
-427685 583259
-742689 -272885
496276 -114837
-640068 485267
-386428 -468619
560454 161968
737163 156512
-447875 -107224
410125 384645
-49458 -348978
-798420 855084
22711 590905
-922274 815104
-970970 221242
158586 -379736
-96200 914493
593990 924284
-836390 -213685
644624 515486
737889 -656297
298434 620380
-34331 777927
-241474 -216484
-443186 686452
181265 -836266
790760 -808511
304268 59319
693353 -241202
-328812 768312
121292 916946
527869 -633235
478602 -26015
-967108 -210459
-268361 -303938
-998543 649222
-824449 752816
-802251 733911
-610616 -919259
326711 70432
508993 -267549
-123320 93329
-487548 -637338
-738525 -129111
974243 -622286
142008 837295
-319624 -397289
117518 176247
741825 788404
315516 288553
188965 609388
834038 -171833
-577375 248105
962827 62932
-58829 998577
-999343 -955742
-782280 374399
69598 771694
882940 -687236
285280 512686
-950607 -392626
-937077 264751
921377 585998
216359 388282
154581 -787249
241731 335734
-196447 -288408
75707 580839
319306 -22092
392844 -985071
-212201 502747
777179 712621
442361 -656445
-105240 -156287
-894641 432028
-961830 170920
-561183 -159268
-550878 -145830
-811232 693759
-105000 -207169
-371312 -607719
-269799 370175
434367 -545818
669932 893242
703321 -710110
705648 -798721
-130147 937360
-133329 583378
121891 472256
-842874 -681666
-486210 340556
152875 626034
-637396 -893137
-982662 -320140
442537 480998
-417691 434992
838001 417348
-459627 520745
621029 546643
-484070 -750059
-518970 -799659
-964854 119930
407405 356781
-679641 4514
18275 540162
917138 831325
307454 -866017
853770 -46063
-230945 856673
171504 992282
-966597 -52862
-6549 740068
-556176 -388937
-28981 216504
212545 -293996
15849 -754546
862601 -253712
155230 533391
-805242 -129088
509125 324362
773894 253330
-447445 853344
-676039 886953
-320167 -702445
26885 -868584
714975 -681307
-232921 -239795
-590505 -41069
-765632 -550232
535352 -757573
535087 -835774
-776497 765951
-238764 -779582
-569716 -457965
684245 -1722
-546109 -127867
383047 -643919
-703166 -156681
851633 -585582
-690830 708683
-718517 -885976
289307 -240888
-742393 988824
308574 -66286
178281 -883684
612693 -759559
-901158 933399
-405315 741271
356466 288818
-7752 352715
859092 26927
-992442 758756
-922496 875700
254095 347139
-519124 -709266
485101 -939843
-524763 -936749
-460398 -522415
-430245 342021
348615 -816192
-607760 -313828
76710 655778
-156074 828751
339033 467243
821509 -8477
-855760 -257305
895346 -616853
-111475 498036
-373862 -500068
890627 -958332
-5370 -873418
43811 -971661
-968077 630627
-993585 388774
-849531 -83152
701628 312174
22604 -53685
900212 128636
-74649 -750527
-626544 498335
-785314 625876
990743 218884
612862 7985
-434249 -551880
48595 -912701
2975 -275943
297869 103696
43560 145910
205152 560227
744224 -960147
49401 453812
739556 -268037
-958875 -153034
736512 -668847
37068 -282646
877131 110594
-465098 512706
294362 -127605
715355 741595
-4609 -926725
-256945 310226
-837425 246378
386166 767406
995457 924980
-909116 771254
-333541 687715
428484 -899879
71691 713458
954732 586117
-522654 249696
-724942 173226
-551942 334921
941190 -354691
559129 928411
819515 715379
-791005 25983
28031 -569014
636960 395567
353328 -923011
195794 -949495
-695997 -176575
-382898 571499
-639417 680742
933652 751316
429366 326880
-212640 -87541
-460501 31227
-138826 -439362
-863682 -778747
-659615 -8642
273181 751958
-246739 -950654
98242 -789556
-212473 -281318
438082 713836
159949 644025
318953 765186
-831164 -619581
917196 -522733
-72077 252135
827887 547644
615159 -437620
475983 -9126
-571963 709386
914456 56990
-218787 985401
762580 -227056
981359 -300202
-605447 949630
943864 293470
109834 647435
157847 -402296
-525563 364723
147769 -83085
545231 514598
115956 -457678
-337966 25048
680913 -724639
-44192 -393054
-41932 979319
872908 885273
-624557 -209756
-291367 -785472
195814 -109859
-612036 664112
-245359 -555751
-806517 959157
-149019 -21309
642183 723795
-115282 -44889
732834 -644557
461837 -803717
-41539 -550240
940531 -976190
-904681 -382817
321355 -840376
-712095 -464599
957211 -427752
-547689 450883
-357048 -747113
-222324 391186
-984934 -596898
33302 -76136
30999 503791
559763 274377
193046 294586
964286 -597380
-372493 684922
538818 -324919
-973603 -814514
814327 27798
613020 -484656
154459 -3734
917086 -189142
-770934 225379
358906 -676094
103205 -370119
970899 916383
-304120 -650676
-540143 84446
-172514 -841884
73075 -990540
963958 -290823
-880441 344447
213912 598346
664667 -502331
933575 956796
919152 -757481
390286 362211
-355241 20343
932322 -910399
-132809 -453597
-229426 -86229
-900970 -203463
-787877 -826562
811524 -557968
-430657 -11402
-856948 892790
229335 296326
787588 -334501
891916 -324849
-930874 -543374
811276 -764889
-315702 493636
-796218 661710
-801706 -833149
-333981 -149801
727833 95189
-507446 -483395
364621 -580769
858326 319287
715262 -206536
758024 996428
796684 -903719
853095 -20812
-325900 902587
600652 -933618
-688385 -837592
518712 -234444
680516 -26604
626072 -431149
-800063 -219228
86233 -976473
938066 521279
-857025 -709254
954813 165794
476300 807979
900459 -392880
-796014 557127
87228 -34695
634255 -299655
-784001 -996168
-576074 418066
669013 -391060
-445104 639580
-422002 -895213
207109 997635
-41504 -235579
-468148 298115
-815406 -783205
-974902 638420
488985 810980
-167437 129322
-556972 429074
-791402 101833
-661849 69239
-521619 371217
-202384 861034
-648064 274024
-53216 -580556
100291 -988157
-882755 -234523
875847 -420908
-181725 895023
944309 -995057
-52595 700182
-445952 615790
-294412 856032
16596 870298
-886631 779637
881334 410822
480347 427110
86854 221240
-344682 880043
-954265 -878652
779089 -972844
-190402 732597
-117187 594513
964475 21201
-265419 -976979
576392 595525
-544839 -278260
353311 -830179
625535 807066
878157 601358
-174106 -879781
121040 289834
-884079 928554
-64796 654859
-866327 -128557
515757 -931320
-94544 -698631
-856394 737892
-321385 869334
-603300 -648372
75777 965687
-509900 127815
-507861 -810535
-234707 -492018
192155 -601238
-496333 -979475
190111 890497
261255 629224
-691468 -49911
-459493 -383661
-706828 261556
714411 -842688
-575982 -381221
240098 -802422
504793 953102
-959884 -956723
651917 -903943
-156428 -240081
56743 915203
-224055 600739
387707 763374
731642 -644693
-836723 615902
379602 845910
100297 166699
17841 -537617
-130479 623746
-957268 -694908
21304 380150
323830 421131
136144 312338
-777388 22648
969930 627164
967079 -748380
-128429 181120
-646561 816876
-173541 545044
707208 -977567
804604 85408
-728766 708145
755268 -441267
925804 342563
-415505 530048
-228905 -116855
178609 972288
655559 -478711
-697884 104875
412857 -438982
-284632 591596
228071 473717
-254948 -873520
-799078 -308379
-175666 -40560
475659 545389
-868962 -400354
86348 543098
-270545 614109
-598900 87567
-191651 723103
373996 -74591
354907 175329
20151 -164500
-531640 -661881
64847 -951581
460723 -483639
-314710 925174
-215362 -45265
923324 827583
-54895 798693
615092 -270229
74590 -710681
631761 827243
367424 725844
-417816 -394746
573799 -391596
778888 970981
-853661 15342
-246267 105181
219849 -402369
626503 -349554
600303 793064
-468047 -741914
-538434 960936
-391775 928509
23169 381658
-91903 96459
-458758 -496058
336544 159570
325457 784880
-678036 784525
-58442 -933141
529090 -460728
422263 62235
-690080 412788
-754439 -653988
712346 847861
511665 743400
-672018 -189543
-472823 379442
820794 -34156
-337129 -550519
-947489 572588
571401 -729122
881725 617598
-278736 968238
-810421 -92997
-282560 587666
860745 -762017
437861 -827014
-634900 -123291
-75282 792106
440226 859024
-56380 379954
21311 -853221
780799 -948041
-987217 -521885
214397 6480
411234 -559658
601929 -175295
-505950 -503791
-989729 722474
761225 -433469
521024 721495
693854 -496114
-76689 -319822
-537218 -896046
-485410 330515
-67885 -54873
630794 -137681
-241750 -393554
689194 915873
345589 3112
226228 106340
801112 -456438
-170274 206881
-96195 429291
-411538 -57551
-799946 96476
-794120 853989
-462638 -23581
149524 -974152
-802992 400668
939869 -448576
-21037 -401760
134754 648525
482907 859956
857563 312913
927370 642901
-625846 583619
320877 -247845
-323121 -64273
-33292 894191
121784 345420
-874870 -495149
-368638 299578
308315 -495901
-29561 -159345
-65176 740457
-816408 -179259
-130383 612178
-88302 341777
325680 472942
352124 -881888
-535764 -238372
-133146 730566
218148 -315670
357375 -253273
949855 -901015
-397879 40430
769448 917246
-214044 -284404
-934929 783740
841887 -531652
77817 490517
-720362 -569451
-616200 -963824
606700 -767491
780809 478012
-125763 689091
-674510 -183843
328038 -80746
795503 686635
545374 -596871
-518266 -747441
129819 293022
-572982 527572
262196 -163278
654582 -367515
817007 -64442
862713 895587
906782 319869
-50841 -988632
-425470 -464248
-327014 954395
-213897 -364351
-977060 -680499
-844852 169023
355606 71815
145045 -423129
-833700 217500
422786 -514742
-810988 -943381
-916858 529726
-726271 -107343
518236 -633103
-298963 -680293
584313 -634260
-37635 -509904
-372977 323810
913036 -384590
988027 409668
104269 937081
354627 659234
185400 -385527
-838033 799812
861111 545804
-947852 -728943
-31034 -281573
-119580 -831467
944730 969415
85856 -154631
57836 -754209
469215 -755399
-725712 -161986
7021 -845749
42651 403736
-352771 -284667
-539529 715785
853747 -812657
579359 -695447
-323912 485278
619526 897392
404463 -73163
817055 -305537
423821 -670408
904605 -998777
103099 718100
869468 33011
754904 -135997
-160780 -680983
588873 -606789
568196 94505
778238 -260345
-952654 -554148
288997 -427724
901808 -641367
-83751 -980083
296974 841442
370510 -102521
523423 115622
502467 807566
908699 663140
-502173 347370
500443 -568001
671544 -635388
-471823 -537022
305498 234009
83570 -93798
-325171 -796677
21059 -844444
271042 3131
688299 -510975
-563728 -74126
-178731 -959468
760628 537598
510579 -447968
157541 -48670
-551723 602909
-579240 -693035
239341 -142149
-912096 -307456
106249 316293
802008 411074
-817870 -880624
193536 -768149
287762 -261287
126234 -666825
786056 430691
392608 -906729
127006 -182407
-553373 -951874
-985146 10672
-733427 -679720
-117825 -490130
100277 23841
333783 -579044
-285207 -257998
374020 -424753
315899 609191
157685 -296832
888724 -952953
467280 714993
114693 319169
-466521 725978
-76451 83002
-245995 -894318
-769749 608209
-443078 440803
-520709 -339043
-517483 -183320
-326224 -134901
-435537 715627
-89945 -931775
-526950 -397814
783801 -431953
494546 949648
-784 478795
-729145 -876951
-875051 806000
978709 -232847
630003 499843
109827 780558
438216 702418
701381 747218
-494958 -796014
394490 33847
-4405 670268
-641749 366549
85118 -829245
-644582 -675494
-825211 882100
146635 -884031
286497 297146
-707046 546454
-154855 -143381
137259 96760
157824 435872
396344 376077
243803 643270
105400 -688706
751760 -718681
-489814 717076
421495 -271087
-559650 333043
713118 -652988
-582673 16450
50261 -504240
-394333 -925674
724464 -635278
217144 272460
410799 -172696
288703 -34211
881722 -15801
-799618 -817603
-284988 -710938
-143577 -980136
316513 -736196
256506 -932572
569713 -796459
25523 -28867
-61426 116185
296774 -36278
350374 893875
-241614 969734
40755 -390564
436026 -416446
-470858 -611777
-687563 -850353
690714 823015
-251583 -273003
-410719 -42979
98945 801899
327602 -180952
-702879 -835711
-941434 997829
-451626 -146563
788635 -786568
-164722 -989092
-592954 -12462
532868 885619
-890374 -182484
85227 181845
79997 489322
62489 -978041
-124845 869950
-174663 -361492
-225227 -468241
-49663 -326999
638225 -510385
-851493 831159
-779372 70161
932700 346861
985881 -845605
203679 -8283
-816482 695198
-666120 517214
-803601 -753145
491465 -253755
193245 271511
-218600 -113833
-884681 -993261
-642731 893353
