4657 1179
-590220 -159399
954165 279227
-955743 255841
-748790 -381301
423845 992752
722227 951254
-997229 116612
656759 228129
801407 -74265
904330 686255
-996476 -324404
856102 -136614
195065 111287
472721 531561
632771 512116
-668541 137020
-122461 649072
115757 -245344
348914 -831937
360304 -610570
-152186 -199585
-20292 -374621
254847 109825
-810509 605661
-251967 635528
-927966 -373604
709279 -9987
-899499 -723881
622707 -797537
-579315 115902
-264635 -866168
-730074 968335
-16575 674922
-593768 593506
22831 -494936
-692180 -964839
-613595 -952687
-181599 -590298
470187 -200831
-852443 105427
-213125 -880683
-864145 -988757
-323467 -233891
564367 786332
-696626 -251463
-712173 629254
-432190 -616927
-984285 -647463
706765 648641
-271525 -306200
430270 77361
-274780 -894885
-57170 -628282
39599 198152
24336 842261
-27175 -445764
304005 537421
-525378 737871
-835127 -206175
407435 -387344
-515074 -142219
-133502 -985648
179326 -515951
-135740 -417211
688112 -944588
144489 -780618
993060 116007
647633 -121664
190242 384142
339511 -93276
241591 699107
531049 142159
336131 -865037
405003 708709
-227643 137675
-170268 705280
796647 -753519
440066 570255
174000 263682
817017 -822400
108451 937911
-26150 49687
559057 904488
484374 369117
7588 143964
854974 -324803
-273642 -780922
185901 -288843
875586 -545176
986984 -652279
42276 -258704
-938369 880292
-264123 -749284
660660 345473
-94583 -163765
300025 -576627
669977 -230587
-443784 -387676
-502816 -394066
278527 -159746
-732975 -43639
623235 -298330
-328920 -326809
412072 -198464
-223115 -879095
993414 999384
-703543 727315
142963 -38170
6206 658449
-159020 -336094
147870 -766742
921540 -825243
678429 -602786
677903 -901532
519020 285638
-744412 824094
972893 -510439
955791 709909
-859283 -768283
-52570 456204
264840 191704
-956390 -789505
-304855 392525
491193 -67955
-292763 361936
-339832 783599
-755874 -21155
268726 912809
226988 -943637
-337477 -938936
-773041 -871106
-338824 651409
-247742 -787599
726287 49504
-666203 -112910
484245 -217258
44244 84205
-98973 894778
523436 -101617
258659 -911124
375900 -169560
-716259 688305
-270250 610200
743405 60982
-518256 453706
125679 395846
-611074 854142
-112200 488078
697015 -847798
572488 -571161
-179977 822130
-100524 -726707
11111 -931917
-65015 380310
-295717 656802
478876 211638
879342 403262
-102408 -988139
-565999 -856479
-563119 558909
-931289 -77753
393735 -294830
-60336 -678572
890693 879580
-442453 972954
-987698 -719120
-245553 -776416
24114 -117744
-434518 -669786
-253530 339758
-461946 -588722
-998107 -265572
-840631 403080
-343958 -904616
57284 485191
-956186 -305992
-437578 645816
586634 44650
708576 -663824
892707 803303
-712041 373815
-526129 761767
-931795 540977
-48403 -138201
-474209 609502
957981 603429
-331339 -986691
-781272 927330
828454 -930389
43969 -822734
225164 -211712
815165 -809098
-923926 -45947
364788 52625
-125871 648270
-621732 -771337
-57139 807924
-760274 382224
635813 -809232
-114715 -644818
-355201 -597979
167454 -144870
276246 -105857
574849 85448
-382691 313570
652986 715992
18948 754401
550196 -441354
-46761 687702
340028 462414
144826 -853543
-623598 185034
925727 -478479
-694997 271781
419028 705833
524989 747890
-272915 736463
-933756 -789159
496432 -768176
-127269 725740
674020 -709043
-628309 845771
-17175 -119237
627543 695767
-438862 -365778
150616 997407
666739 248051
-967190 337497
588802 913385
149714 -924194
587271 330248
992573 -223419
-651904 -480093
-278837 680208
-933865 813566
363467 791672
-285259 797643
989978 -35032
-392433 -347305
-924657 -246879
185480 33703
200317 648953
-342400 -516044
-528980 70393
184587 214584
425098 485355
614609 -940609
296618 395849
-825225 453891
20589 -489165
195943 593425
-372558 -134321
-974051 484280
-782599 -542634
290800 -318642
680421 -745444
-973144 -844897
61541 337067
767458 -720998
-57411 -921304
-831130 488532
-445987 399824
-646694 125353
-663862 402793
887733 -479198
284639 -584598
-330951 945290
-755921 -610558
-681728 -108485
-884384 546222
-226173 786830
-863446 475395
-701292 -57209
542540 953947
165902 927590
-733625 -532810
855335 -48635
-754590 -277572
-916070 927666
443371 819406
704992 40580
39390 -318417
166756 611191
-749368 891976
431866 305521
944874 -718849
-944975 -973521
-768222 -921276
-573157 -266594
418669 -209695
-644161 764656
556872 -642529
-578276 612630
922856 -211521
542028 -590666
-534375 32770
-492705 297731
-44819 -835211
820536 -655091
390055 -774469
-106635 433839
424581 657812
779793 668662
74775 9499
-649470 -956974
827713 344511
713839 -468065
241601 2747
-732436 -763724
67124 -573515
-78643 -121807
-613811 -306934
564971 -261348
-51035 163714
-9341 250907
-852073 -190695
324386 901534
407918 870412
107073 -888269
360310 646458
925141 -575347
329274 514548
757044 -60447
367569 -589536
-276544 -378027
472851 652055
853686 -726434
484307 -630599
-133636 739274
450729 -821304
271380 818573
578439 880972
701602 567659
970528 697022
-947576 748349
673739 -788142
-573635 -603992
-371782 172781
136633 -577079
-803209 -527269
111928 -793269
-580754 -5374
365153 878239
34211 963436
47827 943008
-166025 -447106
722687 -348232
-80550 -243983
468375 -337961
913258 -982299
-692332 775125
-165428 -560994
-844018 -562363
962192 -876467
-642144 -905056
-909129 -395427
159849 986836
754874 456993
-190813 475752
543224 -119157
925277 -830986
-989740 996274
-671383 -106305
-3406 94889
-502049 742360
-321025 -534560
537090 -52447
279106 497621
149201 -938668
-846806 443486
-773368 -106458
684645 -110021
762406 -239899
896493 -892346
-224006 -47004
-471085 -39446
-372686 -109222
187809 992406
682130 347077
-583539 -822036
908219 471576
683430 -790088
-849796 -719726
-517884 -823001
983557 948866
-676787 204879
-977302 924489
348891 735780
98645 -311576
741958 -694026
-21394 -651872
-164675 -838154
-670102 -715005
794174 -911920
-103451 -710351
548836 188321
-271970 -784375
-939804 874039
551084 -307359
417606 -673010
689372 -838963
273927 581530
-600665 999554
-57901 33326
98571 180665
497187 560150
-884512 343792
-511745 -990785
-407407 -149221
-437025 -934275
-256443 -15044
297997 502329
415084 -538542
819667 583364
-135746 -400398
58632 -443211
761781 417025
530467 -662332
-990355 369966
-148697 827981
261814 -904170
417185 -982003
-290291 205663
89608 795083
-703624 599170
-215314 -1349
17763 888475
663081 988052
225373 55385
422112 -851750
137141 -552107
916177 191543
274315 -555937
49241 699570
-140600 -344819
321976 496434
-172146 266568
461140 -409454
924684 -833709
750807 -459698
-817001 -187035
721495 -810904
127825 -450959
87512 -688545
-565810 -738275
-235202 -621127
-980907 197545
617092 486767
-905945 -602578
589820 610023
386443 966971
76986 431813
-702186 342986
-138428 708452
356463 254267
565261 712480
995921 -623143
186219 -10913
-85859 -794414
597485 250439
-591302 -358225
-416824 533044
916954 748702
521106 -899430
198339 350704
-249111 -634411
-733337 228816
-775379 -763379
307809 -43232
-392450 711212
-197405 568696
619905 702113
222803 -322116
-714711 -495885
-306903 -920808
-270478 16672
-467932 -246907
266128 896833
-372790 -686247
376885 823700
93037 856448
-329739 636686
946522 -309379
-544337 423481
853861 205615
841968 869203
7551 998987
545799 56538
-560441 76193
325790 -820376
527882 -639537
247081 -414757
-20831 -330915
-914727 -501990
444687 -265223
17171 567394
332390 -422943
-611055 -129519
-97847 -361272
529543 -376311
868378 -542008
172889 38526
-615292 -610048
607784 471688
-744020 -53877
886570 -729694
-274139 -107808
646237 32124
-656168 -681087
838339 -47703
747823 -253703
-907037 -390949
-859595 -13976
-120707 -923404
625013 301259
49540 303588
-851807 -521813
898943 -51335
-285105 152216
333211 541668
-137094 -712415
-946594 192217
562514 -452635
-549580 879449
117666 647712
906601 -557569
60491 183348
-153219 -904296
133819 -860518
737191 995626
334107 948759
-472944 988748
634161 -128311
-851205 122958
-178497 -682051
679721 -733861
180975 -92230
818236 -242303
-768062 -697549
294213 448599
-979557 597120
-273627 -169953
590396 134865
-75023 -194685
-853378 -481942
-461674 -349532
-585235 -809844
-265052 995963
-957666 -149130
-65326 -568118
222161 41895
742097 315516
-389073 173163
642452 -706887
23909 6030
796217 -778895
-817956 -93882
-325431 -99637
-755977 -957633
229117 -834120
156143 939048
858510 280467
583988 -535967
349921 -326948
-153324 320985
119961 -720854
-243033 -452272
-1826 53977
-614531 331864
184256 -360598
-272494 -157290
220981 -792642
-824030 732187
-631675 -260317
118155 743973
806422 532341
-689299 -461104
-41934 -341630
-217644 -274787
883986 146487
613363 -713516
-699158 -579397
-806715 519714
-906191 320289
522707 -593765
190079 35435
261301 492377
929985 323140
-95593 92776
378683 245714
467956 463713
-220728 -278678
58814 825990
130277 -209908
-207505 -673344
-95018 576819
-313373 -422367
-397975 -584029
807109 -60319
166921 966440
-618859 655845
550062 884193
530109 984742
621697 773958
334864 127080
-641664 770692
-848397 -253836
313773 -196337
379974 -196225
713902 -2700
-415887 -903333
-453843 -78076
226177 -102547
-613484 713364
940981 369316
-289411 -845913
-183786 610739
-482401 -598246
508300 249211
360680 447199
-911633 178131
583439 -102678
551499 336392
627390 -845221
-883016 -835836
769748 382805
385588 611421
304812 -791937
596172 188966
-120537 366640
538478 677754
975208 408821
938438 675012
-907057 -850912
549677 -639941
-604224 312088
879217 -304792
-90520 347530
972034 5210
35632 -237174
409855 551279
-578695 -321233
-517872 -337208
-869989 -691252
105760 322758
-293947 -614438
655260 -785499
909716 432231
-526935 300698
-429125 446672
923910 476925
-232661 827469
806311 956547
-858787 -975969
513913 -680255
37811 794678
-768730 -104507
-140548 477713
740492 921507
-200651 231425
-898817 -895147
343480 718764
-53323 427652
641880 671799
-278663 731973
252433 671917
579539 -519389
-296462 357390
-503972 612379
-183343 -815299
-574949 359320
-558140 419719
-976394 -182211
11212 846368
860269 795601
584786 911969
409441 604895
-513023 -130462
-868055 -72569
497641 648588
123290 319668
-679292 -560602
133539 -695798
805722 594506
96671 -951737
-594848 -250228
-71977 376648
528208 891448
437521 104429
872582 -677702
351723 -515811
207542 516994
-866482 804651
-670102 -855569
-565122 995041
559528 42761
-577884 406098
-119301 -336090
87441 959491
22845 -8709
124475 568751
919483 741831
524082 -595663
-747274 -113104
172103 -748062
-494583 293366
240201 -773448
-917950 253966
-200830 -433180
757879 534650
1187 -463173
-235871 -463100
-569899 780197
-836768 -493675
-729977 -741278
-585047 199065
-838818 -598655
942063 -141361
-226264 806714
488728 -896146
916582 82399
-301618 759997
-502901 -253467
848985 689141
-146718 924156
457047 230288
-707660 483750
538628 -582862
-603888 -297025
-107062 202271
506558 231640
705741 514831
-596828 520786
-934820 -821247
553892 -223053
-691958 -884089
-606398 429062
-708036 -519735
197397 -107751
-802662 -426692
513776 688907
-63697 -232645
-544019 636178
-23599 932114
974655 -496724
820302 773612
514632 -762140
-375840 -664074
62156 293640
-254694 999970
-208443 779498
-698866 -514682
-495941 -107737
-832456 -502220
-596248 471108
975564 -824654
-28905 382560
-536342 807621
672921 953979
551681 -590274
796492 743860
-582238 622755
-973486 774544
-964903 -377513
617439 -56795
-428533 -189422
674104 937876
936306 -866358
-426498 -334343
900538 -947605
777157 -719853
591793 123591
-58765 485903
-83362 551283
480680 -708058
-626725 131709
-359178 -42210
-260115 -990243
138096 979393
-140886 -632276
-80261 834729
947682 -606579
336102 367703
957945 -29746
700089 432764
77593 -126273
914153 -668320
703093 755024
570355 9400
-453249 782428
-926402 580496
977354 -33982
-790980 -44868
447591 412250
884394 -171054
781247 76009
146569 580937
-810548 62777
22708 455099
-176156 778618
-795885 -666173
277853 -142516
-589378 -725746
193811 972259
690936 -616124
658010 -452678
-420489 -548251
659302 -242975
-500053 -300027
-3549 768180
41610 32201
-251128 248777
609185 967878
34327 -965953
729618 -919625
181577 360393
179098 -997018
718280 -875390
-347881 -991076
442958 -391646
429509 -328485
-800473 465502
312980 310842
-655378 473531
-213185 757745
-10957 -398648
155761 -380459
258631 878240
411092 701075
566520 926258
-680416 -212961
-616054 937352
-855572 -324259
563044 463239
-669211 -499166
880676 299433
-834054 -902828
272167 673688
5093 -147395
998914 114589
195618 -687136
-308634 -970204
-202140 -773027
-567581 -51088
958116 -28005
555599 -602621
115494 -103885
-956519 811110
799576 -633212
896972 -846534
-311168 -213882
833754 865110
-155688 -100004
549259 402503
-990178 -976463
-423094 373135
885126 756683
713325 656942
-954327 -924316
882436 946948
-679962 -155171
-790774 912446
970012 565773
626011 -719334
-120129 -881914
-636942 -825077
488531 174108
660207 -803257
635277 505365
611378 -813992
-513051 -570908
510557 57444
-171566 -154246
853276 -654400
-807971 646906
-634697 377296
-556211 -536419
339971 -355497
811781 -203724
83289 817755
-886165 317297
464043 797178
-291146 644854
-827072 653484
950096 17139
195182 -295954
-438455 -813720
-263785 270380
196090 -569591
106626 874768
-320303 52092
225235 -711344
218208 79478
946183 508357
-331811 -619767
524687 -499982
-717919 -913484
528045 552935
968605 -558037
352391 -33847
806149 30215
-643683 257399
460025 -778423
-739162 346479
340765 753643
-161495 479237
-737180 98410
626282 -193738
-609638 898682
206922 -672861
164702 798170
-72052 701978
377778 741318
338265 594054
-323854 860738
348422 648919
544038 763403
546382 875767
-377251 -985847
267286 -453175
-616497 320323
120500 -727979
394923 49545
-426372 -327534
333434 -249675
-109043 -868318
-499253 -940590
889008 -956167
868668 -679888
426745 430384
905675 -768351
-228970 918791
-103743 512615
603956 58542
793202 784409
758662 -488245
-598478 336694
231443 -450413
-156532 81814
-276041 -204860
666161 -425155
-820176 -407286
902174 -511733
-589132 -401940
60663 -816187
32197 51402
76 99092
270306 -877068
-592581 -575642
-340310 -851588
83726 -872175
741727 471365
-782417 -279787
-677732 -20087
530985 -564407
-15116 -196111
-276151 -267353
904951 585858
-449735 455556
-268460 -646170
562982 -314173
721885 -569328
900322 -404514
405378 -326226
-793960 589549
-44543 -662236
-982183 -905874
-50627 213834
790920 679683
244933 -326660
-397243 -737938
-96572 614079
-119058 -866933
198838 889447
-12681 -944596
191054 -60761
-145129 -87655
-322422 -586889
-798556 -989341
-197572 491950
127897 -542363
-422430 307908
-451017 -288247
-897845 811559
-790266 -134293
-454603 136255
-278929 -834745
843580 998673
725152 183651
560304 -984847
-1212 727390
-862481 601348
-46126 492948
-354437 985070
935065 -443435
601782 957039
190939 571042
104058 -498889
56172 -42344
-291105 105106
-714754 -908547
620667 107573
586033 439425
952910 -832117
-916840 559752
333800 -828576
-28017 -176017
-127745 444039
185670 -518467
550717 -72772
78490 327303
-805952 -633873
-578233 619897
-833990 -974556
-684250 172388
-593663 944963
-252683 623729
-960100 278037
-317060 -998274
918243 356633
-102129 -205572
602774 -640260
731339 123299
-366011 923678
55470 -692459
-225355 -149705
-209630 454453
-754673 900172
33670 817115
922971 -807565
-549946 -79478
-162126 -808880
41624 44371
-970426 892330
-743777 -979802
-489603 -580166
957234 -311337
-502887 603674
850247 287174
-377900 -397401
-779019 -202494
97881 613534
372914 457718
-988519 -901815
956230 -406238
-547585 -312452
852499 -703625
71331 -529550
728409 -318052
122719 -765998
509941 237076
-82012 -564525
474630 -458100
-85367 310775
439439 -735460
-941053 160389
-433071 266909
306149 -873910
960673 -209107
-58531 -160770
-283515 614739
53265 -626538
89251 675045
555816 -308092
482779 -386226
972211 -6798
34850 -12596
-129710 -684479
520811 -797125
-343359 767252
411948 640122
291239 -337001
381143 -317646
-539311 -468871
-64112 -416873
-430262 832229
671657 -885215
-536507 -273832
-222539 -91240
617628 -680457
696575 -761765
-671876 -482770
-537975 912959
549162 -575372
-692584 940781
977556 -234521
224619 928445
-69517 89655
-367790 -105956
-167359 -227200
-929609 -424488
-302318 -386421
593441 -445215
-8238 903878
-559936 -31456
495230 403317
681804 417429
-820847 943900
-656952 -628502
-709959 206669
-677966 -863272
548593 364311
-903809 813149
-967516 -882410
348680 938583
-498500 -454000
394077 252982
864164 -947413
603856 -401605
563151 -551254
337139 31189
913289 367743
475629 -809885
58094 -782288
256760 -458692
-928015 819070
314843 795526
835512 782211
-298064 331625
-684083 -835415
-900158 -587920
-382377 628953
789936 -828481
105096 -635287
-537337 -591022
-321075 621402
-726173 -988457
-804232 -441667
246926 -945018
-488615 988838
142575 221072
-203205 774966
136804 -122222
-109579 -576813
-655135 -995046
419951 -310678
-421936 913569
-671193 598608
-684351 480675
-997916 -367371
-793664 -733147
-709619 368298
384824 540113
918091 545857
-695600 824219
-267285 394926
860352 -674954
357185 -406842
429418 452283
557654 35549
-396508 -86830
-799056 -250449
282685 -441256
-629076 928837
251738 641411
-979863 -164913
138609 506854
586749 -78133
-104581 385972
98364 188416
-293731 47412
-639308 -274293
976834 -926446
494027 -544107
166050 -331246
93702 3471
-543838 715820
68197 -181931
-694516 -435994
-677377 471461
876293 -660764
-865564 383601
172573 776205
697155 33493
859112 -675009
927661 -548674
-528499 -994262
-559430 -29577
-221348 878785
-557355 -125548
44808 -449151
-798788 771369
881945 617854
-641229 -143486
-782302 -99185
-475909 -679924
966251 592676
746169 166943
-475660 612706
-693348 -160703
871781 453371
39376 -15181
392624 276485
550048 248058
-488116 925915
368186 -637450
732992 609510
-522960 -598909
-61913 280814
751366 646964
-941390 -979634
659877 56696
-974762 -942964
887421 103450
-241725 343233
186309 -641270
-237581 -53504
317624 459550
-549909 867875
89123 -879604
848182 -550471
-409960 -882450
-36899 276622
274380 261921
314028 -320659
719262 -618644
425701 648569
5780 -618790
237977 523495
715135 -798859
183781 302545
637365 625986
260432 263093
-755273 -340078
828211 -75794
734010 787875
577459 705368
-404666 -290514
-519594 -841024
-21056 -146610
361979 902993
-977675 508718
666358 -348653
-660200 -876348
-848740 -386507
294133 125653
603652 -627588
-150557 454217
639496 794712
787737 -664779
-467357 -998698
-944880 -831734
527141 637378
841480 -222092
842080 112553
699210 -239093
604063 903380
-761926 840205
171148 970240
-482854 -360725
81477 -331553
669196 -724017
-586011 841047
-827174 -167427
337984 960507
-175955 -191438
-390553 -87725
-700894 858157
707980 -759923
-652212 -263475
-932106 -862887
-629271 744200
716022 -813395
331807 -88043
768657 628329
709316 586452
248708 -165230
226210 368045
55676 582858
-695198 956046
-444053 747341
106034 -656350
-34293 -856394
-665031 -22746
-313573 616233
-923854 -514325
-857521 -908899
274500 958562
987477 -548982
265799 605764
221885 -193533
-692768 87376
637386 344209
342372 526044
817418 558509
-609936 888127
-171340 -304801
764805 269353
791709 -158467
-235774 -104507
-816426 -270145
100757 -867404
369143 -773134
-30600 -691075
-741236 170292
647550 -972456
-173788 989826
488438 -728419
-416489 989486
-674534 -118350
990347 635288
-964826 856277
576739 -672092
352964 862090
-415320 368751
-804861 842963
-99350 854495
-433062 -280482
-424743 -453814
-361314 936729
334318 -878203
-582893 643638
108919 -815249
-551636 -797729
88434 -204737
-357815 -319000
374184 -272199
237095 180216
632805 29180
-573533 -13976
-225899 431426
681013 402644
-428912 716867
438987 959560
169196 976116
-149452 -160382
872631 860296
573439 -325090
-369726 -794062
295650 -814536
-140801 884411
-564463 -100498
-865035 -741035
225777 -166989
-255275 -636041
665533 -508926
948567 -223477
322547 -114046
239148 -664228
-962892 980449
48856 365139
732734 -376062
752769 136956
-60117 748665
-113817 33907
-388464 -538055
-924546 539595
-668704 -635545
-985668 -58679
220812 634993
-944595 845085
-465383 -631261
-315778 459447
-965746 -408884
-234895 -443662
363401 -923960
-638285 -700364
561234 -609944
-82555 263659
-31353 -191620
-687598 -757193
-326693 -717960
882916 460174
-466479 -614520
890386 878657
-897850 -919529
-440846 145269
481445 665732
-25251 -318011
474946 -55674
557002 279578
216908 465657
-883526 -259339
-236974 -249515
-307333 -577360
584373 -718758
-609695 498516
341807 -636811
-386595 -785596
209146 -107231
-309899 -12054
994874 -202730
-465398 -245622
-324888 -844570
262926 200596
142271 -476256
528960 387252
-902265 61245
-353753 -518961
-667115 -19176
-416065 -78574
-933227 503504
-145771 -872933
613017 -269654
-268562 886965
161617 -916864
-346703 741589
-231957 -360923
-45811 -917960
-716759 767128
73747 -695055
631323 966292
-713946 362043
900223 242331
-76675 422768
664256 -696490
549014 -606902
-27684 403652
367 753379
833686 -60820
507383 -78204
793602 -426111
948188 229985
-552405 410597
870210 -994447
288213 -226878
-750905 -633168
57309 -242735
535753 603055
-604814 -361197
725491 674737
-205815 -695615
-252742 941852
94986 -556617
-902770 10300
581037 682094
-582816 -839761
358764 64516
638476 -455605
-456689 -774472
-222576 -136889
842442 733583
783991 959375
642282 902758
-274080 -563392
-498783 -78506
653908 -529246
-937682 482073
-234501 -766112
-533906 -183604
897675 317970
-793476 -222943
-731363 74498
-497410 -493827
-997982 -519864
289842 -502660
952229 -107659
-837267 -800735
264397 -453475
465930 484899
-90630 -177640
345046 -399414
2562 -92110
-816041 -69832
-679492 -466400
-606836 904997
-747515 -266513
43662 -460755
54237 196415
-907714 778996
201057 560072
801800 -437123
768395 -885845
-36314 172006
906583 742898
-619562 -900098
835005 -245267
-889028 -168175
-520729 505134
737195 -847763
438006 685082
537867 994516
-174475 -129109
-720092 535498
530586 741552
-664260 877219
304005 378432
-857085 -61240
-10638 -338091
-569826 -676943
-801943 -856090
89402 178926
265494 -640349
679347 -769459
778256 582360
64073 -990363
-891759 -961052
33033 245535
910446 891462
492617 721590
524357 -571414
-810468 602107
-341200 -735070
-690758 210613
37100 -444116
-271127 -30782
140060 -273772
-609190 191752
521524 -313401
54130 693492
4276 459606
585854 802139
418134 324463
638714 -76070
348967 -435677
-150952 962304
964834 -505977
-943974 762697
617819 -730798
126447 555091
237531 923066
58867 806779
-908380 818537
584088 -266734
-747380 195983
579499 -771488
948319 -523334
532317 481373
-840019 466989
937312 888722
-449298 -602636
970444 -65670
642998 -97784
-230489 -115638
-385647 -534448
-938859 894732
-957487 -337747
-758698 -596714
-784832 -357382
41205 492762
-565489 -58188
945529 -208023
-785134 832997
85132 997075
916715 350737
-432225 337751
-385430 -161524
460167 -588030
697187 -249299
871408 425173
590652 578018
-53712 685615
228391 -445536
848115 447114
-476281 -575268
941841 -893947
-406925 -550313
-17069 134077
200709 247935
935298 -223845
623741 -473161
498848 -188854
551746 -452907
-904102 935652
-174681 -129155
-825459 500087
777521 -74259
-379332 337825
-928899 -181336
-130186 -245152
529618 -922676
-827383 890394
-745163 290104
246850 -348093
-74667 -558778
-745368 334574
-392677 -133271
341392 -547377
610190 736051
-314104 863266
-776333 623804
616469 112938
-174514 -311348
482402 -731255
-502153 -887197
-77669 -963516
494838 451039
390390 462218
624032 -652929
-610266 -749632
-287136 -566145
-918667 -977966
99538 160834
699762 -471413
700736 -416241
589331 804305
252207 891795
401882 896246
-712475 -506526
-43451 -410853
-784664 980166
-7069 418439
-717144 157048
-750391 237690
-513771 782037
323254 -789121
-274423 669233
-880395 -100522
229795 662587
562249 205048
924735 -283317
-99339 436818
-173475 -735319
434058 358837
-546647 320027
-123249 422101
-185430 -258967
-274817 -275628
812078 959684
-206266 -183936
338522 693130
-830702 67904
348965 954630
-46663 749410
492908 577738
-269415 582348
203269 -237860
-701910 -292818
536286 421869
-964617 -358729
535277 727858
780956 -145300
852214 -170341
242998 -486178
-889167 -260602
10712 -754142
746279 -530291
21 -506710
428377 222973
673852 -780982
693745 -501010
288511 -12293
7927 -28597
556074 -587320
490264 -290484
-43068 -220905
-794393 403171
121189 -477413
908510 -423442
-486273 878654
973926 -973980
-447470 -826156
-73545 842238
-633044 188418
-642794 -885067
-78285 96116
368422 -214058
-890597 525576
-806861 913129
-278099 -833103
-112062 913056
-322884 -526109
-514363 26080
-612602 827309
621770 436102
-749678 997319
220760 -897662
-381191 876843
557466 627453
-380805 -215835
16655 381330
342604 717895
-317921 890345
402968 -114200
930074 -762915
-43676 -252081
-682352 225029
-10609 -627850
986183 458169
-854646 -213530
699416 659438
352557 -553075
555014 -322016
4485 -823658
815632 168861
10622 -251316
-432946 105855
-542751 -487510
-196799 626672
-699006 -590401
742105 -491805
38264 829361
781315 -591767
879024 -148044
-500315 250364
988614 -483296
-94406 412708
-112685 273129
25884 133642
311529 -764089
-361831 -527460
596221 302986
-909257 -251909
-54580 673356
-245488 387995
-517828 413362
641830 -889100
-466431 -905812
445720 -845819
688927 -682524
943870 471119
-595446 -650541
25346 -659408
607936 817828
90892 -664448
324748 241448
212762 -961744
-82566 344346
-913480 6864
343995 -33542
740431 -692813
-164030 -229754
369659 -776173
-372158 -268637
120354 -363127
574555 1270
-343018 -145082
554457 -420407
805344 -424847
12631 304670
280249 20347
551636 964222
693681 -614112
-523411 -622484
-184354 -496108
-840926 670274
951082 363419
-834420 -250400
733964 864772
623325 315304
461818 -738121
247859 274412
44570 -728918
967664 846782
-128812 -809997
-58053 -817620
-537211 750185
-73703 206738
-855523 -722827
392 453747
-500580 -712244
-607832 648608
-157119 -566013
-70081 -885817
52788 -994004
-900148 68148
904797 610739
10308 464418
577839 512894
-850208 -850258
621265 -900224
-284689 225894
713460 438206
-322578 -868589
-292773 -367243
492471 -882367
-631691 158175
480445 -443778
895667 291436
24695 475217
697122 -240170
-260143 -495168
-680411 580672
74972 -819007
-856432 407036
-894989 -506736
-902828 404919
-193376 395304
782380 444291
360334 472051
998350 144560
-925000 -638245
562645 -189395
651037 -822728
-153584 546011
-397458 905232
735741 -365399
817454 -539010
396201 -280404
177668 -850410
745581 -756665
772383 -831944
830702 -818213
-941078 452624
-834547 -758858
-946906 -371835
-269020 -416542
619364 -410847
-115117 801137
689412 -103441
-600500 -466592
-67795 808741
-318400 -139142
351569 503656
-244994 -243536
477165 -447224
557794 524829
376267 -336594
667389 -281941
438098 -663645
-223449 650671
-283329 642068
563906 802267
165907 -416407
-596577 331720
121811 303599
-586484 -852154
-703202 50709
-660203 787926
-76855 -275220
783960 326910
744453 -120584
-671188 -961866
-309217 212652
566618 -806537
325693 293878
221256 650699
-280831 58804
-822928 -565946
-867272 -512337
907991 855687
811740 929497
-435317 620445
931122 342853
757100 -649246
-843603 -82439
-797614 -105791
841082 281668
138094 244135
-781660 -28537
378301 805811
350737 -228353
-327834 -248025
-475875 -331111
-426359 -714253
-686452 -211333
216587 503598
970534 -883361
-513213 242923
-1958 887743
273027 607093
-135855 135592
351315 -134451
-513450 -560212
-496318 -11019
282227 -171059
596108 342355
760665 63199
345760 -54502
542860 -866146
608618 -572935
-335368 -687656
333992 329396
581973 21191
-612294 -963396
603929 280716
-327499 344976
857196 634811
210399 903617
314763 934753
-158511 -464599
-966736 851522
87265 -803558
331285 714982
-419169 -779842
150905 -505387
744038 -25241
880783 224391
461838 -623126
-759028 748417
142481 -633271
-146834 -330389
-559940 -239486
417795 -801727
-858628 433492
219556 -871309
276152 914322
-629481 359705
-201086 829493
-184178 -310017
-481522 650688
868471 562630
30722 -427834
760389 -960197
-139754 566453
-593677 620808
-137038 -497903
-58287 172302
115628 -793998
-562865 -156274
-641910 344859
989275 -446875
803446 -403192
-223912 637579
-558962 -321707
-66995 -710820
-616339 -944073
705005 -806086
316581 -435927
-640462 640021
-438985 402277
67507 579015
-55992 -879999
-710261 -447938
751853 8343
216937 914011
-876882 -110472
-769579 805032
804261 -513693
-936071 -724826
145943 -492414
894238 -169196
-631683 227399
-332215 -554189
681501 -133104
935198 297899
932385 -500385
-174437 715609
-413742 756490
-286689 -849280
-526992 -642221
-64918 -449740
670892 774268
-419641 950711
910140 -768784
42771 143618
104304 207991
469816 87405
-883956 -271802
-565406 -383379
-901229 -465828
-322552 710478
95355 932582
388025 941643
-204545 201935
635150 79647
-864550 -733066
-224686 -452079
857435 -551042
209087 -562535
-779613 857748
93076 3108
177780 39226
-405784 -519254
-191660 262196
-809547 -831981
-676906 -982640
230786 -960427
-808429 -597836
-522085 -213972
-141661 841910
-665553 -331455
-910356 600176
721000 -404419
-463359 -409958
-389931 -486901
870723 -276877
-341932 -256308
488181 318645
510439 -965507
852409 613550
628407 530294
5142 -878044
4492 960178
-497236 224564
156807 327726
-704901 943387
235746 -827952
43753 -826714
-987043 896617
663118 -220697
-319872 153223
-46480 789067
-351176 -741131
983206 -444909
453426 84731
170531 -843466
-885610 790397
-967317 -341073
272051 716674
-578233 -860144
-438057 260749
288394 886244
236878 -265855
-971220 923440
271336 -826354
-878406 -622052
88409 496372
789586 215617
763424 951994
978740 28053
-127469 -251719
-909011 935675
16134 262804
98274 791444
-940358 186860
275079 -59050
57421 -908024
-411076 -659922
-924027 -389597
-534715 -850495
-718424 55796
282888 -403998
934393 -213059
-448480 -724747
-279830 875503
677712 -187853
193052 148843
840564 -683793
-803840 943190
493506 76941
823695 -46212
997001 922876
-200558 -528219
897578 -613655
-262474 -351988
-668341 822647
444410 848783
-713559 757023
694982 -174071
-761373 -412673
-595139 502943
-334479 -753098
116832 400936
-361411 -795167
668813 -155088
-870184 204477
-82504 -614585
655334 -847628
-284387 -342528
724135 -414206
-102480 23637
433957 967251
-110052 -312190
-950589 758119
460644 929491
-996610 672815
-67865 133820
-617985 851857
-538077 351663
-607434 840803
421371 218317
-214130 427417
846872 722067
-171368 -442209
-101672 109542
722529 991234
-592373 -760914
-222701 112155
255806 -926734
2326 -274717
-539379 395317
829516 829377
-379128 931257
570047 -313024
-458698 -919719
995348 -842695
-600784 -347156
581493 691421
314922 171713
-164971 -160679
412195 -779262
-497322 -894408
818454 374788
38832 -187806
-870688 789249
551309 -135958
877198 476804
561534 326731
883658 592466
700575 -841626
-919337 -844412
-776118 -286840
655062 61955
678173 -542251
55825 -986944
812615 199506
-484467 -822066
918876 -214696
-58133 -398914
142252 -759942
153765 -795107
-733145 -494583
949036 865060
285962 -77660
30312 -347968
374342 -730646
675261 -348877
239511 194845
-337751 550869
-793875 221874
-542301 -293569
-348610 894100
295935 956823
-165252 89001
-547635 -52662
933891 -151536
-201241 -41484
-200821 347192
363567 678701
-935970 -302593
-14520 -581992
-299893 316754
785827 918170
689844 488814
792097 167114
-582086 -272588
974529 12521
776766 603212
719888 -550581
364763 -928479
527525 -671164
960370 -897362
794573 -975431
-479880 890500
938452 961482
-984025 -786809
920285 540824
-350556 -967384
273534 116585
-587813 324137
955330 -466117
-931355 875362
-672844 118881
784640 622778
96455 -275625
-407686 -476774
-472495 -168463
-652198 283110
-769382 -836592
891610 -928280
592099 687721
-243111 -12374
-201959 -784992
-611899 171153
474040 503433
738534 -514545
-592448 366216
22712 -671338
-506672 -225722
-71972 -123660
955022 -579897
-235642 -345369
713611 -745403
782574 -641179
317952 753876
560708 -910312
-396749 -724456
184135 -707739
-165964 13720
583922 541045
-189416 -520570
402122 -403759
718792 -130020
87112 812050
486813 430841
-544739 -252860
-662889 270722
-37375 -273647
5928 -89265
-406321 -69454
-184148 8692
-818807 -571786
-840379 607947
616325 269503
869367 356100
-308666 483032
-53856 393209
-954451 472380
-92891 -976327
71319 107245
-74421 -605978
-200259 -269481
502246 -235193
251375 624360
780009 -315609
-63384 -755375
122453 -427341
961720 -926075
-804389 -438339
283857 -629814
-341155 -392577
-787608 -207168
474663 -896610
330457 46054
736264 -256967
-926275 743437
389025 980378
621263 906643
-952108 -63048
-698266 -619453
702632 347709
-921147 277010
29446 503682
-59458 929402
519074 43838
-828980 111436
-927040 -187927
934390 -910639
-848668 298464
648769 859947
177445 -71535
994638 383093
564291 -316848
-301101 233525
443448 292151
492582 638616
606616 134329
786848 887620
-859158 636599
-13213 -578354
227149 -463460
-790344 154865
-786088 -940674
144033 -371724
661942 574495
-564500 131757
35067 -604725
-724156 903067
181615 345680
-324556 660370
978307 -137014
-511992 -934737
404700 -429011
-185362 -954987
-44202 329821
-471692 -694149
-588843 -850947
-175611 705062
-554306 481945
-181830 560820
931291 -729374
-916879 389025
736622 -313280
866737 171034
-261234 342601
-346578 61232
-876020 -600371
291324 -293305
-957515 -433057
493985 -878627
615498 594793
6084 664481
150559 178002
829412 -771589
338253 -112409
-208902 637989
-29342 62403
-542510 -325728
286602 769871
417001 517226
14525 768884
642662 -11021
-689724 692659
775646 -709559
-509561 761189
426091 257796
-685890 608256
-944807 -898324
795971 175284
-323157 492209
525699 -976958
-101588 -639996
264343 312911
15346 320451
-615521 -385713
-304135 901490
371241 -363334
-140578 -750428
-884448 28688
691034 -527514
-225038 -872488
274869 -200092
-626206 -392668
-587656 132954
541254 -476186
56637 924105
-521414 -528772
97437 571100
-304744 -818278
523360 -703288
-293256 -346498
-762084 -224351
846445 79903
877097 -703340
871020 778800
-851805 -970286
-951481 837335
661783 803778
-16221 167416
549968 770239
284653 -478921
848062 -708153
-809746 181077
564205 -500374
9586 -508346
-621239 -875520
353021 129321
-784530 -358816
-966475 566833
628465 446482
679120 119806
578750 -2333
-301171 -619611
-837758 612156
-396504 -137120
36878 -697808
779007 970512
422740 703346
-222774 -369827
767007 243456
-179478 353344
531506 363839
-543771 318938
537514 302222
751464 120253
259517 -86914
-154046 888307
172064 753610
497120 -56811
403564 -498985
-970215 310593
-374513 269856
-928981 280671
-700750 927045
-6320 -379772
516504 700719
-848965 -452364
8030 670239
-43186 -355144
-824792 -186160
-496356 -454394
834837 663859
-272220 -432429
-211368 -955085
-214554 45330
264502 396409
-871850 596250
-934412 -362379
229590 72236
149292 32609
-340028 -294634
-7608 -54172
515731 665773
-963452 -578490
541045 667623
713943 125682
-274295 -333117
894546 95367
991575 -592775
-649960 -37247
-296934 -566417
-823673 661648
228087 83517
644703 -840507
-636791 -707188
155412 351921
-994771 -746784
-253354 -949161
-458240 7412
773926 915183
743368 -38615
131968 420887
822478 -429664
862813 -470486
289653 -324244
705475 -138895
451888 233822
-474523 954773
182471 -394016
-545017 940677
926416 -160448
720294 -239605
-76001 138826
-316687 352109
128786 236447
-365896 -863863
-787175 -127756
-194417 -849674
993966 -143997
-692076 -469996
-651646 45827
974806 -778928
-399031 360744
157772 156359
91006 41935
386684 -805523
315320 689591
-472389 -721403
146971 -928619
14869 162271
-851971 -205359
218097 -905457
143535 159437
740880 -237837
-149597 -102951
53919 39125
-529217 -887597
368226 -539484
-569913 -814586
984184 -632380
687737 -728070
848195 194504
752181 538285
-45561 -5817
-674251 553737
-804851 -72477
-319644 -926925
845545 -265865
869236 519317
32067 -873289
816362 106912
-856219 334839
453626 43691
-517546 688997
-687632 460620
688176 -21175
392624 519192
212630 -577804
459054 -54728
835237 304149
31693 -525235
-171178 830228
-206553 341411
687834 -589217
-378106 992158
-453666 -343382
323934 214272
654200 -191811
918019 364894
-926500 -591968
135975 -495961
534599 808041
27179 -927179
990992 909658
-879499 -11658
-422619 477389
668822 334516
-442551 836825
-141983 434958
-497230 941380
454370 -748238
835297 122354
794966 545824
361893 561012
-945518 874776
-694001 -843335
-235130 -360787
-719844 -689832
-805832 393804
731884 -222199
635354 425116
-371728 -462433
-699220 102185
-77917 -808943
-596900 -800433
970832 -776949
327147 -222114
-727006 163017
412362 -683134
261485 823975
781914 695036
-520905 -897653
538623 894347
185422 -143697
-678630 603853
-352202 969810
-842446 362545
-706003 -533690
-608136 -293101
202450 -647495
510398 694320
632966 422657
-640867 -88520
420454 -507557
680447 929701
934957 194912
320657 -547498
-771100 -422873
-188706 -41095
-871565 83410
369404 357040
967954 -820091
-573956 434212
909558 -273300
462112 -838687
-767324 -619558
747691 152044
-570039 -263367
-757494 -207269
-383183 800641
774394 279848
772652 -302519
179611 -405868
207508 -440835
529378 398033
819840 314298
203615 -905738
-982293 977451
383724 -514544
-639342 -892914
656461 -681984
193592 762990
641313 -302365
-156626 721117
821639 -818068
-202978 -649469
-321287 70074
-954151 -339870
-442577 -165171
-761428 -900456
848806 124784
119607 -952075
-369974 680499
24521 126310
-914526 766302
957058 -114788
227955 -741244
-618414 691604
687684 -175809
-361973 -807592
-163918 163151
536063 269995
-885200 132224
-169107 415380
157733 738068
-50551 -305594
-208989 -869837
-544704 -480003
95346 -575097
650497 -900406
-104764 632207
-342511 -687352
935028 316470
-45968 780849
903909 -373042
206058 697727
-172401 730720
-680205 539247
257552 -243121
-215106 819412
418480 -570666
-120099 -397605
-61938 470975
-658097 333894
-948951 -516314
-748536 -210335
-27842 752614
-353873 -580460
352845 -269868
-348727 -766492
-82558 795097
512542 556297
-788719 258533
42316 673506
-758955 30815
772982 -408021
-844723 442380
67361 -892590
166851 -484499
-996747 -838097
-18492 645829
862645 413476
45801 827326
-739363 139672
98701 932412
-504837 -549007
594804 361250
-357332 -529272
-489291 -147841
-270101 -899007
453270 -817720
347131 476615
-381157 -301713
108762 726679
-577650 446968
94960 516758
96197 -498405
910868 -386787
-519587 810685
-728227 755840
971487 -529852
464188 89066
-790629 -791073
950485 -291280
-242810 583768
491497 236228
619937 -65917
-923460 221171
966502 617343
-301071 -635863
529929 -975157
528957 593506
685951 993867
653349 752261
628255 -356432
514539 665534
5223 -442374
-854874 -441118
-851776 -662294
809205 855080
53046 609863
-304196 -751348
677335 -135503
-270422 378654
147738 -636266
-354468 -590882
-953270 603942
-600421 181669
-856706 -647717
-656959 -593529
-527998 -506807
-129077 466942
436640 262679
-638708 -26664
158057 886241
963071 134046
-701029 171834
-625120 526547
434263 -224035
-692703 -71614
-796180 223043
-639398 -219631
152118 411339
11209 647734
-353178 -589801
120534 -949254
-443801 500740
-395818 365259
-413159 325598
777327 -461274
130151 -86915
-519212 301926
85452 -520684
-145659 836287
-976986 -928363
928496 -282536
981486 112570
-171390 -84639
577174 -918900
7497 -12056
-490344 -695550
632532 -59061
207776 -963217
-955306 899308
-342990 610848
-519434 391729
424410 -64672
-689485 110049
-251753 476367
610108 176882
139431 -860304
566362 -277454
260687 -775545
-948894 -295079
573273 446822
-397874 -48593
191953 -442063
-623123 191062
45640 464532
-372626 988480
438193 -808397
-461046 881689
-267542 225040
-563579 338034
587931 -509547
-648281 -670152
-927984 -254479
-363341 131943
-703600 801622
967927 373183
919706 591991
911153 -766481
-22519 -454985
774147 45805
779310 -589105
280652 299978
935139 67098
535533 -701787
-520199 -136466
-363200 397359
253499 -235753
332208 -895613
520111 -568361
437489 -751981
774495 -953475
854958 -697165
-29626 -841859
-613094 -260309
-685745 339702
-34186 348377
296633 545343
167008 936385
904199 512778
79490 44089
-232949 553439
-156245 505258
-709963 870239
884538 277873
201134 925510
-559386 -790087
-818327 162722
198464 -194306
-260457 -89158
353448 919402
-180760 946696
338960 203644
40547 866595
-224920 -556471
-694703 63277
293767 -746490
850207 -811414
-895562 428916
850452 8167
-815393 -768342
-753122 555111
-565662 536568
-410540 -470757
45983 838587
26661 -436517
-356403 -829451
-52893 915205
777562 836599
-325080 497110
-636675 138675
667952 128199
-720768 855608
-839991 -818299
-856143 -200012
-428737 185247
240806 282189
388880 672338
-482048 490071
852267 7789
-166228 -335460
-419763 -141116
-662485 -685875
323066 335590
-359665 646124
39439 985398
-244754 759023
371373 -759287
555414 83307
860346 -450077
-470759 999423
612464 279223
-889853 -292567
932845 84217
-52256 259310
219513 382726
690831 459291
-699217 -91295
-397141 -860805
-260255 218821
465135 454081
-606428 116136
486184 -569485
-161392 938964
-522198 -572513
-54272 758120
-564027 -387397
-138566 -15768
340953 468620
-477867 -508066
834570 -36061
361807 933907
219478 -136896
482816 -209319
-363514 18198
818146 258746
399935 -50294
-50415 228101
301666 -43036
644764 -719708
-368295 36454
-122176 320027
-984918 -545201
300924 639479
642103 627295
-309688 937670
-307017 478663
-188806 -857707
-247509 477902
-904071 403659
707733 592548
332654 977170
360352 329321
-305373 -960082
-992677 429486
539278 988268
202669 -439267
-238942 -842807
-637704 -833073
-458904 940717
-221150 457686
-797227 259254
841937 -922178
-184532 528400
-913189 -690289
-895080 580457
303252 528562
-799888 -748252
-86257 131353
501874 -16390
-329632 156251
382266 -767463
-676529 -556833
57271 -284256
88663 -618368
-484365 534555
695195 -745622
187404 -447374
-342963 -99696
606539 -376456
-306192 156417
-171021 458526
373405 -656315
-867040 226693
-110139 -733330
-469265 -954025
172631 -87459
994918 41480
397658 654326
839444 840951
-507270 -540324
-658091 495564
-137177 835308
-945672 642110
674363 234757
82869 73913
-593890 940832
339947 108428
680233 -696957
956431 606291
-281925 244227
916124 -882235
-884837 511128
923968 347684
399661 873235
-415517 409618
334283 796634
345208 -313798
856606 740067
-795292 558508
545857 -374880
-94030 877438
-419005 989079
-100366 420135
246972 -613706
-410182 331232
491151 -407972
746793 850678
-925595 692956
120218 666225
-848532 113414
-494933 720282
209656 -300083
247033 -446
156666 123513
-471393 24995
846261 796468
10961 -246511
-259656 -745717
-563807 -752876
-90857 -675197
691795 -362243
755597 473395
332725 -977829
209906 -661859
531135 -594236
575857 -205780
-579438 -358782
-471404 836091
-482547 -515122
176998 -655297
-308082 -49164
-268368 -598839
531190 645373
687155 485581
-940435 -191700
967204 709124
-30194 499608
28568 -501446
761591 -591925
-776377 997283
607496 -187542
926192 257521
166988 516265
92697 248520
891524 355969
520661 251131
-787651 932911
-550589 -414681
136919 355649
-901375 342435
615987 347722
940756 166794
153513 -547202
-958662 731531
-255725 -836972
670763 -256913
724108 546678
992787 -270339
546059 -171537
-724613 945317
-950230 882330
461525 158284
-675524 765054
700055 375595
-211931 -685740
595789 454269
281551 52144
-575681 -389556
632311 803196
-290670 -107635
-250550 -291279
-377794 342304
514584 892545
-714175 -271248
-186718 -378505
803487 57609
-537277 163163
-347410 524506
633857 955203
850232 -113731
901032 -520534
289725 425411
194840 226371
-955332 556214
756900 -783089
-171290 -245377
427228 -870046
678476 -252028
-879814 -399724
-805156 -82725
-294887 -321046
-859672 568110
-600464 784167
60852 -678827
-439793 -749639
997584 346657
929539 371605
-195681 -214654
128616 -273575
519736 -487508
-195076 693508
-500457 -261758
321863 -921494
335285 -88015
-647275 361340
-875215 -600010
-994816 461411
470431 610015
100644 357148
128752 98191
569640 -830622
887043 948821
-640404 239648
-224407 884290
200578 -349476
819069 -561046
610670 922016
275517 697670
873525 -815183
-299368 917960
771525 916435
608600 -532836
-350411 -198698
-714251 -663800
-885501 942444
162168 744794
-804033 -456467
678715 -484394
-881520 -639415
827598 -265930
-376824 287870
-574147 275928
-141171 19767
40219 -94671
-290867 -22517
563467 -565573
674455 796263
-603573 783106
-628772 355625
-426526 358734
-201634 -645835
-55018 945660
851059 -935060
567328 -11023
397799 471611
24866 -205684
492490 -674739
-299499 -455942
42323 654035
609980 -769613
222245 -689438
-186077 -511674
3019 695137
521323 20018
-116776 816452
-394597 -241292
983170 -651764
-419797 -667659
424277 842758
-746761 738678
-109386 -664872
-198572 -296034
-383826 311498
345802 14291
84192 546490
-936714 -487159
442020 -701305
-784902 558820
-838496 477378
341560 937157
-398612 -120751
-671131 -333627
-197574 693267
557659 -669997
-329042 -32782
265004 691194
442619 436562
366390 -41909
-619540 379621
-26369 -551829
-376460 360470
-203257 132914
191237 760038
-473585 -8586
750200 816548
559489 905312
-94237 -30986
-640768 411594
685209 124219
48243 699479
-610031 -918539
-866486 279037
117393 814988
586076 -469980
656225 226949
-226777 -591553
-34447 -28942
307610 775764
-466624 167005
-21469 732397
212677 -532527
-783042 -123410
-58783 -275775
573937 244609
-486794 -821104
-575271 -225366
-609685 961190
417687 210332
-324293 -973426
342731 -561212
744117 -647070
-718988 139994
695570 117980
-297106 391509
-491235 104828
99816 -616414
-602877 -828904
-332699 799517
957103 238595
-691871 -372888
-58182 -82757
9145 -604954
-753177 -897869
-418270 -941272
-531106 240828
-630211 261889
-641248 -445186
252025 521045
957219 441304
935007 350558
159787 237924
894392 -422613
31751 192133
523882 479449
-814012 60651
-848164 -906362
885328 -476541
-953284 -466008
844874 -684688
723956 673611
746285 469667
-436303 593348
-348034 -318873
-367151 84737
394622 899963
-236018 794260
845148 -215922
371736 -327827
114259 489547
-414794 -115702
261431 -48883
348709 -316734
166133 790918
906356 -378243
-285791 -669850
-842829 410634
376704 929292
-227690 -552900
-724868 642963
636151 110970
758651 -426918
-553741 -819137
-156785 496438
427843 -232034
215362 519827
736592 895571
174838 398111
-203673 941632
-671961 -510091
507740 -435754
151791 -594649
-159383 -817438
-15970 -465119
59844 -394315
480538 -316908
916767 788574
-822744 -155873
150026 26784
244402 -846679
77956 -957564
696382 -326913
828406 504719
-228633 890156
648069 -506742
613614 -381816
-25077 456910
-866271 947624
663483 330424
496815 528088
448392 914254
261832 902872
849349 -552204
89854 -32147
97130 843198
-867364 555834
40851 407212
840898 -658024
-469138 -545201
-215096 -52997
516538 -815812
-894393 -465679
-483468 -6005
16272 138207
-420027 314982
-888030 -762640
-863998 519889
-466476 -953021
907575 863092
845774 20077
-568461 -732071
-944125 33307
-325307 -515490
900465 -376604
-834623 327447
-587900 908264
-721441 -205056
-967569 -26103
-467486 -426915
-974146 -432795
595941 228510
-327488 971064
-808683 -943768
349553 -454051
-855071 626238
-33226 -769743
-185619 392667
785686 456535
-735550 904059
54388 653038
-487503 75173
-574534 479864
-518269 -676215
-762294 948473
947450 94975
-461786 875744
-392913 -873114
-540628 -956573
724782 -226570
160917 -183464
-222969 589748
-926390 696885
745536 -714518
365896 758836
660868 920363
-716433 -427271
596382 -1047
825536 -961702
352545 840287
813863 527398
770430 -541154
-853432 -594073
-911287 181998
-602734 933288
-463593 -386607
112367 819869
-134461 -619392
-523321 485694
-388211 -291337
-549706 964921
-728989 -649752
158395 130586
445851 171145
32088 -307297
406066 909233
-100186 502419
-118507 752759
518848 -141382
637047 654459
674631 -424338
-759903 -769641
378156 -122560
-896391 984320
430717 110673
461554 31865
-70593 727576
400365 -169252
540726 -86008
831991 -696285
-385568 -895252
-342826 584812
642682 -64899
44623 139452
-955993 -40974
362124 686641
777621 786122
-135456 956781
-463138 -255108
-297080 399263
53560 -602098
506156 -659433
-153672 372159
946502 -602719
199902 215380
-17664 -938227
-439243 -933675
433369 -24868
-676403 -412928
-852682 -562538
267377 -869894
132233 -83988
-61835 -182018
-69323 -285485
985262 943623
-617738 -638639
-91033 732190
-652331 739845
-398388 -551097
-555694 382155
-657155 -469176
-728408 -177576
86541 -164933
-210860 -622947
647547 233064
-333290 397550
115100 -826226
-330075 908794
996089 52304
-994317 -128671
-608722 350202
457682 -860935
253512 -313464
-66669 853455
-552765 -206964
-537239 -366626
-941792 -308547
888944 878930
982026 227662
521894 -18682
-802698 -143220
-637744 -325557
907615 -40068
499582 413931
-324698 820715
-266418 -957277
185981 -956402
34194 -601349
947530 -965610
236507 518233
-730388 92718
-646693 53765
674590 -372330
-518091 90185
498750 -529003
-210549 -851987
-948609 729568
-805012 -506113
162210 -876695
746556 -562634
274038 -638973
342369 -160943
-905347 410226
299059 139827
-969868 -855258
664223 -326199
-338320 964779
-650247 -539589
-967185 -233816
776761 -24496
775150 -188900
329094 -747678
566149 -628094
-526674 -984990
-815366 768096
-212145 -863365
-230829 -94316
627719 558000
706924 -493208
-83383 -298348
-41725 -239991
191262 -552410
-715955 -461718
-980248 -235598
672273 59861
175517 -745279
801219 879900
-721807 -899387
-678183 397700
-774546 -611995
449774 180443
-245587 -464227
-665418 903012
413252 -177720
-914042 680969
-475315 -161229
-490095 156742
220816 435176
-484813 545889
67843 -529104
-68679 650378
329481 833602
-77767 819804
-403619 916819
232719 -758598
-201746 -492882
771397 -451298
884901 60527
273596 -628719
-512640 162759
-583290 449868
332523 867960
-648847 689145
-828289 175926
-609269 923044
-509948 499489
-38252 163696
689357 -765427
881529 -833920
-910702 -100853
-178516 767926
-317186 -541048
-739055 -308470
-268886 893890
-634525 -614410
16601 -453191
-306758 636337
820352 -115019
-732402 715404
792185 823957
-168220 914968
80057 324906
-342693 638343
31922 472754
-597637 487054
33895 -652915
-342653 765391
-433516 666080
-924596 793788
-785080 151944
625982 -302453
435653 -147990
-554898 763058
540447 -948242
-940408 -93166
-799767 14408
162310 691466
-713085 437997
-503701 86512
963255 -622691
-691186 -217880
405305 358734
-41500 -679331
611505 -274021
-45771 -849745
-463236 -119992
481997 -512219
-186175 -714846
502768 704468
19779 953853
-898352 -60171
-349486 -74975
-84374 -530454
-575649 127046
-701768 -312031
-601457 -641887
185758 637565
-294732 -901554
358512 -922256
960196 945264
545331 917152
935737 -130885
-639793 -748752
-301859 -253435
802151 596488
-235767 28268
565886 -429368
27819 -466942
929883 143852
231609 579401
894531 616772
18432 -382278
577907 -859798
392130 634773
836810 -621109
-533295 569247
-479869 -128518
-698782 292782
689848 -184632
432980 139729
228160 -995940
-635624 -938450
309553 92919
67107 -932529
732670 424908
785872 303401
713321 -499193
701958 808664
-272099 548819
-87608 348735
-186775 -711341
-344678 -293201
477670 178180
-363941 164112
319516 490956
956278 626240
-502664 346508
-297200 -241791
-573413 178188
-699908 -343538
214653 -514823
-233769 870632
-721737 -485866
936025 136036
853477 -276560
333832 -87607
406593 500670
905353 950528
-362209 -834924
371351 613189
-651961 -644020
-927706 826053
-920461 580698
-736987 379455
463263 -901034
728407 -829701
592282 -887073
-930770 -21514
621457 102145
-798545 905420
963684 312394
580182 837741
-142575 -872765
-137438 -307726
-676630 -894326
-467257 -15198
-630592 672123
-799059 963057
-841295 142020
-460092 -547758
297891 -665174
-776681 -740532
659564 373917
-224032 833032
610413 339535
335598 -483893
214175 -302795
267373 595908
-885358 -628225
-922836 -866092
231626 -990265
-241677 -243525
-868222 434165
603675 955954
-367337 -856818
551781 548625
-315426 -438779
-347987 588128
-671108 780887
-529241 852205
-810929 921087
-128495 899632
-198451 695288
141341 306668
-413636 84057
-131603 -6551
-505522 -578317
-831934 276804
-389475 -947834
-914050 454451
-847987 -169193
-546079 -864568
461036 -978879
-269568 -737110
460943 970871
-88635 689303
-467104 -214733
353662 -596372
-603233 -979543
117392 998271
54767 -801754
415641 -93507
-472027 -773185
-915159 -675884
495366 166474
-823768 820770
198071 -700144
-746241 494244
-579489 279477
602691 -543104
983635 -109688
50782 576800
-881969 370633
630285 120987
-882376 -498748
-78869 -562419
755002 -946233
76108 -477049
670778 -534671
-393016 485437
-908452 595537
-218419 56467
-800132 -534144
627578 -288306
-152312 -639521
147038 -770784
-699857 -512003
-589408 990466
-295491 -494944
-877814 -335668
-959717 57070
-669039 530526
-381825 -401024
929095 299107
611727 -845840
32428 355766
635087 416532
319787 -325441
690223 -705063
-161215 740072
-281273 267646
8392 539561
985988 -84202
805880 633806
-766466 -72246
68189 -614189
-750128 432116
-977869 -707135
-321607 477649
-453210 984980
-393565 116633
-865598 -442325
-977916 178806
328081 516971
500866 291693
-242249 -471751
-434669 886712
-642564 458303
775177 237233
-578293 742807
638822 444138
-252881 42193
-569850 687160
-987640 -608739
643867 998281
-8343 -192999
482980 -180073
288688 581209
952094 250125
-451607 517292
996636 244842
983211 222906
-997114 -728663
376271 571809
-164586 -356165
-758844 711002
572000 713471
-323655 905279
992223 449114
-290990 -745326
-367918 986200
-959633 -653990
436634 -779653
452440 -555897
485558 -704259
-510813 -591155
-651267 230708
65219 -559920
922659 -688379
470636 -416912
-667633 179332
-175075 34838
-957926 -330660
-213103 317631
742337 -81585
557835 756060
69026 -481514
634299 -889448
-386332 616418
-5429 172316
-984696 890269
-536152 -621935
-152967 -125486
-170320 -392975
348060 785435
208695 107752
-716999 -28358
442500 -420632
968956 572937
575131 693608
-911279 -365780
-706715 -535612
-247511 541713
556607 805497
-515784 509780
377695 -899133
-347898 -737622
105638 663196
-748531 -130518
804428 374379
954968 792568
-13628 665286
-302024 -27318
554878 -835756
651056 -300843
-769032 965715
-212502 -2578
790370 -533039
-920590 372498
335842 -704033
4203 473907
691638 -5004
-975711 -827707
-640789 -901703
182474 753753
746882 -901351
256117 -428323
419266 -134367
-986898 -794013
-351143 470032
146932 -344492
742689 -523732
227660 -448532
518095 -237938
437303 80857
-623859 266576
566329 -969373
38508 991628
-508552 922109
-51307 602558
-449516 945116
-726744 -604996
449545 -299940
-538885 -208906
809858 -477858
-577113 264837
571008 333829
978299 314367
-744897 -979004
-405552 -778099
-240263 -243614
313979 -424014
-259878 -465534
769329 361151
772162 -501081
-677680 -385066
-975495 -966454
589328 760388
-68890 -323768
-751168 -426469
-175023 862025
-675512 951231
-696651 494826
743444 98184
-464273 108283
442959 -874118
-754125 -342754
601477 -693231
801056 -935204
-427766 89514
-14184 850754
-926356 474091
539743 -668438
-677217 266934
471059 885323
-325905 166897
249089 27866
439224 -566488
113504 985420
-184101 202563
-542408 47506
50816 264178
244084 -758039
-683716 -489412
48722 -674203
-587774 280625
-891527 295335
839302 743655
-155705 -317610
457109 -674300
-945330 947280
-318494 -684939
-685569 -37883
731242 -694743
-801591 588899
-43385 -568067
-427856 916812
-171453 -388381
-700397 -915971
198012 648686
914068 554237
-677501 -620925
842806 61639
-326664 -517210
-915097 525946
367056 520715
-613050 447884
-706689 -285034
-828385 534131
635377 -642800
134350 -492104
-102671 138535
574502 708206
-928742 -428103
366271 669349
-88765 -272310
855703 -564944
-952680 -786839
-97904 964276
-101905 -537929
-568226 222623
-44336 -486663
61396 52585
-639322 -624921
55460 -165338
814 -594586
742990 -519829
-695265 785956
-177196 -844752
-978557 792078
182326 -923542
535054 -869272
45255 24771
-463525 -141765
708290 -789322
431678 324685
742455 -365101
892848 -983078
392822 -996857
41548 -830832
-260111 978166
-613682 439816
871465 -472795
721221 -42019
-603381 -681439
533350 -452572
-189746 -460424
-720778 -856147
841806 682684
291277 -679646
504122 -658897
591959 -307069
-735222 966751
-44453 -158193
914246 -2919
-994966 585384
281885 -587073
707020 92970
86531 335611
482164 812755
694418 -70841
338911 696554
-659286 894473
426832 -822211
-944628 9914
562138 -959752
879300 301448
-622839 -779957
378864 -139114
469434 10606
-462165 -550043
362396 670661
-945487 -261019
232769 429218
282781 271352
-390209 982259
570111 -510423
915235 -793145
760515 907139
503568 684981
-541 796233
-602298 217601
710748 -351121
-777004 587322
-621811 -246221
-147808 943818
379925 140443
-675431 -829578
-931002 -966129
938052 -945889
204925 26780
-316396 917097
8648 -867180
953662 -749714
-15340 485275
-326483 771962
332676 974713
-454460 -44356
-483081 890268
-763626 446576
-710287 -511468
258348 -284251
250089 -761782
-413740 863604
-414124 -313806
-796536 544158
884127 900478
687359 -323404
340674 -760874
-569618 -130567
-947547 -227411
361543 -492969
689412 584195
204407 226057
226167 953448
905661 -692122
733074 -814465
-674324 380739
-195721 714671
436603 92991
15199 736978
868752 -803109
988411 -290081
-167381 -835780
-3744 810535
278616 213907
-512332 -874090
102231 -76758
99571 -260436
-371933 654190
359176 791277
-712483 -627362
818839 -629049
23154 -630284
362023 -863576
596381 490858
105801 728859
-362583 101234
-912876 -663060
358859 -191709
797668 603277
662357 -652961
-177223 -24891
-384621 -283290
-802620 609833
580673 124588
625461 118514
670279 311977
85824 363002
600489 -42952
-612314 -158339
-218199 899938
-576362 -936920
832876 -471808
-170536 -93979
-689856 688032
791238 -982030
-148327 -377099
287246 565840
-891931 -359775
-780754 404050
-356286 206839
-66072 -718487
-286080 -9569
477474 916076
-360794 797713
-364201 499268
994847 489686
-880823 864294
-493811 -358154
-962927 -404613
-711641 -895086
618260 -252375
-300418 633626
-340109 -414912
-196714 -407819
-209315 365005
-625479 -598277
-182509 -739282
-933437 -865053
-642699 -877357
-794705 -465214
960443 -949208
540180 67870
983857 353188
-104646 530668
710684 80911
-816993 599319
424966 183477
-279526 727052
-714705 669529
-304890 -599183
502313 -229239
316341 -792316
-728240 805988
457558 949209
563391 572983
-896578 477232
-211302 -964793
768613 587462
795606 -273090
-763849 559143
950845 -387161
877573 412515
311564 -421386
-229891 -905327
-745709 796704
530466 -696234
-725107 -56008
-140029 -992394
-992215 -295284
267127 673268
-498030 772730
-767298 -651987
-741842 -703504
547134 -151149
953428 547320
924564 39705
-207313 725323
932441 -606056
-679667 -30572
-672831 -570099
-251499 -440988
-982563 -877070
513453 -730871
956948 775910
118868 -817227
572564 88482
-719963 818222
-955960 102510
-981496 -925957
455512 397366
-598957 637040
30752 -775015
-45226 -421235
244382 -646179
-37216 854872
376378 156644
548949 320500
-739865 -865352
50459 217330
-315686 605953
161432 438258
671003 -32224
877048 -670327
-900975 817257
-302857 -524159
-290557 -383891
-160404 -516671
164592 -379627
-498002 -65020
682600 861050
-714113 633536
893181 228196
-291277 256482
-579853 -364806
-121945 -620750
660932 57750
-350044 308067
78747 -528787
355680 -357854
-269608 -351018
-971097 334505
-189724 -985902
229431 -850237
692780 -383110
-577452 765162
-298657 486445
-522649 -201468
-70012 -503563
389710 275961
-395471 201575
-330636 -494366
-684627 326002
-34028 -932735
7157 -513132
111639 -745651
-195949 -136030
649801 -553892
-78709 -290265
580918 -304269
-692502 -555624
-881062 490671
-70925 491268
-990023 890189
-696025 651347
863388 -173136
-19627 -352349
88853 555716
5359 228436
-318878 -638718
315106 917029
-837454 535236
582665 937731
554865 -808180
970546 -890429
-965649 103738
946635 444987
813096 856630
734210 -38917
-674935 206567
886457 -269164
675680 -415906
115928 -324438
891758 753431
988772 -985535
294284 -729091
938000 909700
-524125 -311574
-309193 724982
220021 -457633
-519719 -217607
-771096 -285468
65585 -332992
-134482 -561669
767410 384914
54890 271775
493817 200879
-24123 -979609
548293 -777534
812571 651442
-753774 994151
382750 510119
793349 35419
-664040 974431
181666 -300056
-611958 445297
122891 -471381
-39346 -829972
-739411 778973
8482 -219544
480446 679723
-215765 62112
-620004 -394031
-990386 -139994
-422334 502596
242597 -797019
155199 987486
-832521 756689
-837087 -590606
750061 -809303
-294675 266949
-481437 595060
3453 -354986
129659 -135942
-756340 304105
493328 169114
-378383 660197
-649006 -9989
330549 -210117
775918 415187
288153 -255376
-303438 841495
-984272 -406015
492401 -884355
551404 758940
-106510 -590543
778592 141362
902153 -414097
-331175 384701
-23894 900927
-830948 175062
151794 36685
707741 -46155
685824 645798
-641735 -313244
-151689 -194520
795149 -375661
-931709 568113
-572329 -717411
217791 -284489
21752 436242
-406191 973402
-843595 800812
438454 447574
-156703 612506
-394480 561783
311305 -391001
-628574 999479
-527306 -638583
190878 297270
346 -317527
359979 -940160
719275 392637
675448 46920
-480476 301886
27704 437374
6937 376418
854081 749154
-695209 6738
-921621 -436160
890817 655599
-196971 -721205
94841 -697059
985036 -471795
-707473 -337377
-342418 147075
-782853 546366
153003 101556
886873 698828
-906665 -291953
-971196 -589365
651467 -223237
-401627 -999095
415187 638561
-24614 -603753
-69624 973820
3767 -650544
136701 -882846
-524864 949470
-925766 251259
587135 867175
-276509 347912
-107514 -66765
91652 -384015
-742922 -890754
777761 -141430
234000 428614
-500755 838340
-689132 -933849
-642797 347802
881529 144284
30751 56126
-881688 279129
-650062 764876
671442 -927278
687017 890817
198492 911133
868193 -224458
935507 -544332
-460257 801107
75435 -678818
476959 -198774
-261924 -392229
-288344 -536602
324139 -542380
-260151 414301
-524095 -303882
778056 -404184
556303 215832
-957068 -969576
251077 184700
-530578 -168253
-254549 798570
948287 559609
-15885 -673316
-997949 880
-745908 72122
-567416 -39066
103541 823694
-376540 -509819
-799112 -70886
281986 491455
829758 570131
31540 -765831
-606253 748836
-356814 -151864
565277 261896
211242 -676676
-44900 -811452
271414 372277
-290037 -427316
929800 -778581
978549 744302
369760 19141
339089 -412612
-358699 147009
-918556 -212598
80187 -108819
-386333 230933
873658 -698741
-444160 112684
-334902 -208524
536615 -457773
-694198 -686230
-29314 -572595
-790641 -525324
725012 816714
-309803 -470018
540973 -335427
276192 55964
237788 877369
-464477 578215
354969 -477837
-633636 -615737
-820121 -967224
36650 31351
638560 209704
-741397 -905915
797971 -357717
123803 917598
636100 26351
-649789 -478837
89646 -367957
-299953 336767
400068 99579
-29651 -299838
-433158 -207931
-853968 502905
-192779 381245
304463 -741477
746211 -766708
993174 -838895
456826 -172149
-953119 -821345
183077 -5107
301220 515769
756926 -415611
-810415 -878605
422355 -533948
723412 -440472
467519 946246
-541307 286904
-891090 22554
-497761 6515
-755114 891232
826214 634802
-318492 77537
711008 910598
319214 -946148
-746867 -306393
568616 606991
-58729 -511335
-661952 -843469
-639092 -839785
610973 134434
-666648 -329005
-379010 -882411
81989 -976636
554991 -854451
-642949 -534805
596464 -676672
505953 -959257
-107328 -47653
-928187 -652850
29240 -118336
116402 57591
-932113 137806
-269557 581874
797822 -932659
404768 875348
-874513 885712
-462292 629113
-556313 623826
450665 162118
248867 -263214
134933 602993
489729 -895454
-525504 -757596
-686757 611009
-46046 -868032
-386795 16245
596481 511787
576035 297362
-31416 -95217
158817 -830214
77322 -307089
932404 36060
-431031 690092
-809517 -651195
-830763 182357
-216885 -695341
294028 -318139
-694261 174218
-627912 333671
-506449 468247
979392 649603
774603 872644
367859 -319969
-333164 -434715
-486948 -438013
-784897 -450606
-802227 -179259
-989319 174448
-161821 104267
980606 521746
-650198 -21083
446676 44183
102341 -175530
-290580 -714187
-659603 83484
292427 -34487
924630 520219
-924915 770392
102750 -363258
841052 -770070
-363062 -82485
676119 673733
-965097 599520
-530784 -61912
-947072 694774
216892 -115706
-85417 -940887
523987 -588714
-172011 -530162
-343298 254070
53593 -459114
670476 6598
-204272 494670
-158002 323213
-956831 -517332
126345 747817
-198666 491857
-712910 -12804
-767328 -388265
-734094 -641795
-500611 319034
231594 -447116
687550 747392
445678 517391
343503 -38235
878228 -852562
788468 897868
584916 463552
567375 -267605
802472 -975951
862081 428445
-971245 -576625
341681 491813
926015 -48897
-725121 -451573
-471737 -223893
488427 -786944
158762 -423578
275090 -602206
790832 -655674
-855793 -729907
-160385 -574166
533631 -389957
985973 -247086
-413972 -537874
444083 25390
813608 -614035
-164265 -590991
-931832 -26845
677213 529113
488883 -166227
-524407 -670424
965766 -781453
-966824 189270
-264250 614232
140802 -220460
780648 844764
178285 23716
137764 -224880
914845 482263
637112 -974599
-897932 114925
-827704 67557
-729240 -974529
780199 636094
881433 -882052
-411608 7464
-57258 -990425
286220 892836
-884150 -240442
-960963 -521421
-215403 -528367
705093 602701
-383142 -621544
496938 -230801
703226 167068
-323721 302899
-226892 -113502
-38547 592986
-500514 -597456
694919 -746438
162527 923434
755309 -135092
-494602 287252
151989 -498389
-553907 -567211
-686720 -213435
275829 -493803
-467911 -952501
353101 404043
-219009 -859128
274392 17869
-775262 -476420
-344327 -893617
-29463 604254
-512520 -559957
789809 732315
430684 781846
-739358 -644763
206962 -688722
715012 894470
620139 -529224
-117441 -708504
841217 901974
713086 -478074
-73550 -589919
698970 -236858
-454152 797748
-571363 -543357
-583071 274866
-938379 888224
-290491 89128
59331 -193165
862227 -573426
-375520 -762869
-113027 675476
-156615 263280
-203673 285879
-907308 -44225
640662 927320
625115 -406766
-438918 -33885
803638 243151
-66458 750135
782518 986293
-813796 -616856
764906 507052
-789610 953921
-314350 366056
-144024 -799901
-684975 -507546
111106 -243220
551844 783353
926858 -829442
-73713 210246
878878 236985
73544 571294
985561 711257
835037 589720
-42360 596908
-483177 -930679
275024 865533
163310 436429
17407 213449
123410 -587106
-33835 211277
986694 497700
702725 623495
-403691 -862569
-783893 -277758
-593145 221337
768589 -170792
208878 159532
729040 109133
103123 138707
-50141 606818
649474 75498
-376294 -253011
66108 711640
-95711 863889
-901427 656597
811931 -62059
257277 -46745
-124001 513876
232488 922491
805495 963500
791987 -833968
345286 823120
-142365 -761320
894028 -851862
-90549 -263831
862366 734222
-298492 -489222
-25488 -14052
471642 81435
506745 281128
-478677 737898
963362 -725185
24160 570468
970587 -114983
138546 939348
684931 -842459
-444406 -485359
-866451 56459
-732717 -216657
-594284 987004
7934 -820657
178243 828124
76776 -876677
771372 12465
319090 -830294
-210429 103641
313032 -913008
-195899 26737
319611 -483463
787874 -967951
-498163 -634913
-169188 -680990
159206 -678609
-335070 503605
-734772 911375
737871 545686
-895340 915439
-76492 -88462
-894293 392324
786163 461679
529299 144988
-134690 -564329
-852716 414318
370528 847199
705131 617208
528781 277659
269695 808295
570581 -579893
612335 -477176
847397 -486083
831883 66074
115290 -958452
396767 998240
-219298 -468844
-246870 -600349
-528444 -897416
-665320 -102238
-835514 370734
104972 834154
167483 622192
204859 317284
333133 731914
-435707 -752887
-826139 292015
-178095 -755985
186346 -129607
87781 331174
192811 470876
-849609 302525
304040 177330
990166 84307
40419 -37889
898167 -274423
-42617 835425
-756556 621024
960575 299374
-221948 398947
420585 622403
261559 -149904
670136 221639
730738 112594
-142831 668632
-305234 878673
-789101 -964306
-682333 996289
-763883 -225629
-169828 879694
-728211 -355471
221233 525979
227408 -246458
-920276 598926
545033 162545
330615 457896
-166881 194684
-265840 679891
893003 -756338
245106 580587
-370611 -983884
-328765 -450552
-372219 515898
192794 -729207
-73811 -758849
28758 -266303
-956596 -153850
-659024 497260
895999 -469474
987785 -836643
-508866 -448569
-734300 -862710
-220903 183051
-241459 -720283
750989 127909
951345 -745938
-357648 -448194
621448 566705
228153 586693
107170 -671586
850004 122031
447859 511572
590795 -934644
-183735 347009
-600898 858205
509892 936165
-133816 26783
573370 -880486
578879 851611
586035 -857328
-275081 -937976
-378470 230601
32492 786039
378902 382224
708445 -918641
163577 -371689
-768797 -711913
83871 -218341
492946 507928
502942 -991510
615215 839858
582007 53207
933069 980799
-540681 875747
-787998 605672
178029 -936162
-408138 -970535
-491784 -555432
412144 -739248
-936238 655430
-261350 -800687
-990558 389906
-235718 -291340
759854 983891
-615492 -812302
-381902 864816
144986 -564412
-326752 -915183
825362 692836
512659 173352
465926 -826553
-394804 375210
-624373 882801
-571762 -979801
199934 530010
-445642 -634736
-499287 659491
-350851 -645826
-560884 293210
481794 981134
394587 -777496
93402 -519052
942378 -771995
-160577 589093
-801005 -169542
412767 341067
686337 358062
-389210 -936568
523825 -887666
635573 632508
802722 -39155
372748 -945120
-296511 -200956
-704578 802746
-532959 -196509
