100
25169 10990 14344 18522 27447 22294 26183 4028 24561 21634 9846 17432 2406 5325 32466 387 18143 8045 10510 27322 188 2452 15011 30 13158 9557 10088 26621 9860 11272 21090 3091 9330 26607 8413 12369 17902 8474 17339 26333 9749 20871 11021 1369 4751 25742 22496 32616 3078 1404 89 19054 10972 16767 14853 11928 15389 194 7786 10525 10930 6872 7650 17347 2264 2654 29865 1444 19921 988 30260 24882 7129 29677 8900 17273 8796 10400 15164 10404 28774 10781 18223 22979 19291 1676 16702 14283 24040 5426 23969 14302 21305 29917 7939 29901 12909 18819 11667 31196
3655 32038 9304 10949 23846 2042 18628 27903 3383 970 24717 30271 10473 3736 6584 25664 8097 16516 14583 448 1712 14575 564 23755 26242 1759 3950 4667 26647 28837 2500 29312 30391 24254 30927 25501 10722 28152 7221 9331 2951 27861 891 21826 3702 18484 22555 26989 18710 11054 3543 26237 18523 22079 27980 5225 3827 29094 11466 789 5312 24334 2915 2328 23179 20077 8770 8130 26103 6701 24639 16478 14771 11914 25520 9908 7668 59 9857 7378 19747 22100 12423 13324 22738 27499 17425 3906 23285 10745 14528 8801 18255 2052 30873 2860 28970 17915 21337 26429
6475 5346 7176 19270 6181 26542 17617 16285 30797 29683 27921 26104 5422 9660 5550 11381 4606 2746 28586 12765 15601 30882 30968 16169 12972 29392 23438 31301 22012 4912 17083 13845 28616 31326 6843 950 2884 2828 28297 26886 25192 29861 22516 24678 28321 20783 13813 1470 29126 23158 7488 5314 2893 31335 14105 7284 11711 15034 617 3050 2153 22484 11025 31826 14677 31467 27518 23603 23416 24427 11389 24566 17709 26520 22353 23460 2786 25717 3588 27121 6673 5349 15866 1146 115 8209 16588 29003 13168 3849 32595 10660 27609 2478 19202 7677 27097 23247 24953 31559
13609 32658 20056 21877 11652 17942 8017 23355 32603 16214 7810 30485 20681 2129 1793 396 15049 11880 26552 26805 25255 13063 10355 28922 18356 29319 25911 29468 6462 29267 5078 15225 10431 23114 10176 28299 19541 7525 10268 5810 17778 5530 27671 16179 32725 5888 29052 16512 15545 15923 390 8634 32332 32250 6130 13172 18274 12327 16471 18362 875 11711 23994 11089 10914 12891 4189 17473 30344 3790 11737 31121 14993 28424 32620 18514 13597 14139 14996 10719 27817 15420 26589 12130 27975 23339 11255 30362 31307 13398 9995 23516 2120 3419 24143 3416 4923 7821 25561 25502
9477 20377 12465 9057 8223 10090 25897 3194 8841 29513 25457 23087 5379 26953 30822 6326 14976 18914 1707 29685 21464 17628 26619 25484 11197 9582 30909 22549 7920 2472 473 19882 29876 10510 29899 26536 7044 28294 11766 31155 7681 26996 12602 8699 25646 23075 5320 22717 5343 23911 3637 6412 11119 31616 21966 1745 5554 7746 21548 13841 28202 12915 19976 30574 9854 30837 592 19953 13863 18468 28281 29190 8557 19458 11544 1480 27794 30610 8876 24191 20301 15617 27838 1895 15482 17931 18221 25012 4623 13341 23491 1490 1362 11191 12299 18929 8009 12053 9575 4545
23922 3086 16221 19322 19125 24892 9266 15904 9367 32349 3002 3333 24752 9209 4206 5263 9823 26182 5823 1083 4284 14152 16042 23010 19662 23612 5005 8764 26623 21047 28217 8866 25292 26123 15688 20504 23489 874 10161 14218 26277 32590 15769 15190 25586 24983 11116 18955 27784 29174 9005 29296 9633 3083 28682 30921 4360 32458 26676 20821 11654 31523 12525 9243 31645 21986 2275 15847 14969 8404 3260 4751 28964 24363 10738 13434 6137 22819 13281 25955 30299 21222 20254 9307 2215 10925 9995 23821 614 8745 8616 7238 16584 22305 1452 28085 16718 12124 18133 18159
28870 15297 27772 9141 26236 22205 18028 14202 24495 485 25588 22560 3906 18141 315 1539 5556 8056 24276 13624 13650 10528 14226 15383 5803 10105 18590 2806 12613 6721 8134 4408 11406 27259 9240 29575 19733 29388 3248 30557 16890 26405 14798 18377 26276 24482 9260 30576 19633 2738 22158 25554 8755 19065 9626 24014 18457 16754 6634 15208 11499 4697 16480 14027 16315 22344 21689 16010 3928 5152 31333 6955 27076 10282 30614 3558 4072 766 9880 19626 20871 8356 4448 32609 9585 4346 27495 8821 4601 3669 23993 29331 31144 26475 22856 17839 8243 16497 25479 30024
31659 28544 4404 15853 9716 30781 9077 14336 632 27321 31527 19898 27676 10646 22131 21103 32628 23404 3234 7955 21810 2922 15410 22526 16613 15681 7977 16364 26592 30781 31145 15432 17527 3509 22213 28330 26994 7846 1939 1950 6587 9371 6274 13991 2138 464 12526 23427 21667 23702 4338 23729 5806 18937 8574 18225 4104 2977 19113 7051 21672 25846 1096 27666 37 19336 21695 12394 19238 30381 12823 29256 5401 4716 31057 14201 13864 6553 28666 19750 11624 6978 1024 22614 32596 28490 15812 20404 22651 7764 6256 17043 18549 226 13451 4399 10523 22974 6347 31285
1528 28570 29994 8582 6138 27123 7227 29752 10605 30011 9919 3550 30250 29238 30068 778 23564 13477 1325 13584 28580 5410 18727 4876 18734 23115 32667 27686 7619 15650 13456 14100 30928 3252 26355 29409 10694 13561 1001 1261 14867 11516 11364 14390 32594 4155 30965 16853 7614 26449 12257 28364 3821 25554 8566 24318 187 4983 7839 29055 8324 20091 15799 17934 9878 25924 24987 30688 13797 20806 14083 30112 25601 27941 7186 6835 32070 30745 9771 28096 22866 26775 14855 10352 21437 21038 27140 27762 15620 25263 3776 18883 22469 14992 19943 31276 13874 9362 841 30220
3008 28834 16432 18007 18207 30205 21744 14303 2159 152 6335 21458 18353 11711 25543 16772 16251 31740 28538 30063 28656 4666 4390 20857 19952 554 713 6773 29324 2534 11814 26347 24253 6357 11800 27420 10069 7118 31271 17985 7477 21632 28761 13588 17857 16401 12618 19857 14225 20741 639 10238 12137 98 11000 6441 29036 31249 32260 25073 19084 26760 2138 30727 17989 9126 4964 19446 27787 18142 29406 12385 7169 29336 20640 18060 21611 15572 27320 5151 1382 5393 30652 9766 13655 8045 9567 25947 5281 19213 25921 32680 20763 10175 31756 2792 15809 16094 1724 17646
8873 29559 27198 5320 18745 11689 24893 12612 6296 21842 7225 4276 22114 24552 10201 1519 24480 30116 3458 11928 28151 29158 25128 5795 15647 17109 14180 13588 9367 27717 8903 9738 31127 12767 20335 17917 19783 11387 19927 4676 23342 20177 5619 29402 15341 7505 28541 20833 12333 7503 13450 8551 6102 16227 8800 15849 27009 18704 11403 16405 15921 419 1582 13140 17725 9822 21912 19080 13457 27094 17943 31378 2327 666 27665 7704 11119 3349 12112 1669 19686 17590 12190 7761 4262 22606 22418 130 21802 23993 4521 10611 12789 10432 21400 9428 32132 2366 29665 23794
28545 13442 32165 28472 13113 24053 30393 10742 32336 17148 19452 5986 32691 11808 22503 14813 15055 13677 14181 23927 8961 14359 24805 8884 2893 24420 12718 9873 15954 9925 25971 27586 21117 12102 11304 26942 3710 25129 21012 25085 29176 9934 11814 27136 13949 12247 19084 15507 23737 9097 31618 18383 6637 9076 22632 4450 14752 30550 19224 22675 18321 24381 10614 6528 5615 20716 3401 21930 29644 9344 24137 17844 10192 29779 17016 22632 810 13345 26806 8955 8396 17257 24976 9874 9432 32534 31322 3844 4181 5727 20093 20194 32039 9964 785 15541 22078 25658 24751 5510
24589 20032 16256 2212 9534 15187 31130 12449 7076 14663 22413 7582 5489 2519 11064 21704 21161 15942 3298 26915 18134 13895 28294 4487 26366 1563 31085 24552 5074 2041 27138 32218 29736 7346 24035 4691 21419 24469 18484 13491 22993 20880 56 4355 11534 16281 7714 8570 22088 26700 6696 8518 30858 9430 25050 7305 12540 6417 22450 16801 13075 12016 28908 22444 29957 24862 26007 32331 128 6370 9965 6823 15259 9030 4064 5554 15885 376 1013 20400 1692 6256 28757 27893 9433 979 25378 24560 11019 4120 11527 21608 31849 8169 16659 24582 19340 204 18119 7188
23843 29442 4717 3204 25321 26799 30636 30772 724 16444 10842 5744 24207 32250 8593 13753 12075 18696 12549 16324 18706 12150 19604 16070 7228 30122 10783 18415 1189 29955 13721 28468 32510 19901 2909 10322 5538 28693 27845 14608 6605 16557 25336 8388 32008 23601 1027 6424 24296 15931 3628 5134 8952 20340 19842 23362 8948 7933 32697 13424 20792 19213 10805 12085 24439 23771 5733 26 15792 7102 26706 3278 1374 7058 888 3507 9456 2655 12756 26780 24440 309 16702 10454 29863 23642 2809 14437 1273 24232 6537 16015 1581 9264 24772 18335 23544 10275 15404 6627
26874 25075 10108 23543 11249 15797 25985 28741 15661 29642 2347 10701 16452 958 5348 15906 7686 22128 9248 6325 6835 19315 21302 29526 7276 13749 22894 22520 13800 2910 2395 28597 18792 19707 11115 17170 22509 26588 26300 20355 20648 6074 11313 5682 29874 2974 22470 2044 8957 20989 31776 29372 8331 20520 3177 21453 12509 18660 22618 13258 4783 13908 3737 28568 13538 31520 14662 4775 14266 11984 26832 9844 3657 2425 270 6995 21547 12956 23691 11883 11124 30539 14881 28930 14055 11149 10441 21755 1129 15108 26033 25244 31669 11469 24719 31637 9552 7848 23094 20286
24000 31577 20838 25633 18681 28750 12777 23224 6680 26241 31195 19832 851 672 18762 29198 25136 28780 4095 24552 31734 32095 19866 8183 24161 18065 6117 27059 14490 32220 23394 12640 16486 2622 2598 27536 30622 1920 11498 10730 26079 26901 2656 29993 6786 17477 22723 2152 2767 1419 11698 20892 8301 5435 8254 23394 3101 12135 20802 1019 12457 29444 19955 9620 14870 27721 183 5067 13601 7768 9275 4720 15082 20512 27839 10632 1258 8322 23477 31384 32042 9650 29067 31520 7863 7137 12741 14437 14929 26393 11598 2163 29539 27752 1808 19555 2360 1600 9922 10202
16491 6174 3585 20946 159 1386 931 25245 31345 3998 2376 17190 27051 24491 20273 8571 18362 16025 6742 3720 611 16749 20658 10533 2737 27727 8162 31316 20530 4332 29166 26307 31843 27674 9319 22937 616 18106 13746 3183 22272 7651 23715 4251 25785 5693 15950 32181 4192 16042 13849 26964 25020 26156 25622 3097 9340 2307 30096 14319 5485 6421 23524 912 28656 9619 26002 20300 28588 9690 28052 1798 6784 27543 5359 17791 26299 47 14983 15575 4496 29022 9527 2128 14788 20766 5153 19286 4778 27850 10563 16828 17233 32643 25164 9545 17916 25555 5037 3187
23506 2192 6642 9834 26839 11523 13651 30808 19483 10314 17286 32743 2098 16379 19416 24325 20451 21002 4476 29924 19236 21997 8227 2116 10311 30973 1741 26356 19822 23072 13534 7830 15940 10405 11636 12964 2543 10863 1272 29616 21824 27990 23795 23536 21805 10186 21027 5369 19842 3257 4303 2763 26579 5811 855 12302 30389 3661 20239 22427 31022 20419 4941 18238 29289 5089 7873 26554 27054 16419 3845 13838 9874 539 3701 23031 32107 14867 9281 1462 16391 30964 19137 787 9886 5478 16392 4514 17668 7225 17595 31301 24611 8196 15652 31730 14249 11275 26754 30135
6142 24166 8867 29179 18553 28000 25525 30470 10707 7198 29274 16580 6364 25217 31738 18373 26988 19532 1885 14729 3485 21386 30073 17915 15671 14890 1160 26171 12652 9965 2398 160 18630 2434 21242 3582 10077 2543 27739 9252 10061 1842 12437 2473 11623 26920 25891 14057 13863 18863 20095 26698 12006 14599 29424 9668 28497 8575 32675 25504 26394 3661 1022 8319 21486 22973 30513 9375 5030 1678 15374 18010 26305 18584 5914 22511 14098 179 19172 8837 14006 12245 20117 4717 27465 9594 21193 30888 31065 27977 2205 1449 17435 16372 24329 24923 13661 31584 10865 1126
16828 26118 27254 13999 32023 16793 8722 22301 21316 28904 30180 20643 14593 13575 1224 24699 26925 17833 11947 4527 568 18641 15774 4574 6104 28074 9512 17213 3325 11954 19425 12252 18952 32542 4924 16939 9015 26491 4517 26300 868 21905 13004 31562 12016 9100 12864 12027 13050 6750 9279 14306 21716 29535 205 456 5559 7478 25859 14892 7861 18429 32426 23944 10480 31904 22024 10710 13834 17286 27130 6739 11484 7796 21059 20611 11883 22958 23588 3701 14103 30815 21805 9800 24598 16442 30802 750 21793 10338 12609 11824 21101 12167 10739 30706 16093 23890 22145 8889
13942 29444 29498 14698 6419 3930 10482 29269 29018 18867 19356 17265 18414 2164 26396 3049 14054 5804 3670 30424 20863 15604 8331 31569 13325 24986 30949 7587 20536 29694 15440 21979 18788 10043 14732 16266 30065 16394 3968 30408 21925 31204 3538 18040 7142 18279 948 3022 4141 29179 28929 29455 27191 23733 19848 29080 29566 28284 23208 8482 1383 26474 13085 24644 14269 9588 3353 23609 21342 7246 25238 26596 23860 1161 29675 17425 19815 1535 22686 15614 18129 24944 4730 16666 25267 23917 22241 21772 25766 31349 611 2295 27348 12895 27279 21245 28263 18167 520 29442
10306 25580 732 17330 11759 6122 4882 7365 23257 26883 6018 10881 22972 2131 10474 24193 25177 26852 24381 23990 32622 15823 26430 4011 28901 9124 5710 13069 32332 30988 28802 7018 19845 10925 21753 31801 4543 30286 17517 25883 9893 26940 30215 21344 27604 7660 11896 31949 29843 31969 3397 14236 24510 1232 17506 9157 27652 24067 28163 31100 7251 15611 29871 8443 143 22617 16790 30593 30346 30207 9508 26011 30513 21362 11734 10914 17411 28034 24909 389 2248 27438 2977 712 17791 12226 6391 26573 5272 22594 11606 4947 8547 10251 28342 828 25289 10424 13658 3987
28218 323 5728 6861 30438 18540 31895 5967 19760 22111 17296 1585 29279 22929 2296 21314 5271 13035 10276 12876 1801 23850 5102 24985 2662 25478 704 30133 31129 11153 8430 4726 11957 5731 15689 13626 13356 15604 9201 29808 5699 19401 7018 22618 26818 16851 14322 12560 21744 5780 30994 3529 17342 2947 25972 14678 30787 11442 6388 24559 11880 17582 30969 16946 4581 18342 774 6505 8556 31184 27020 4364 21027 21769 29443 31111 1880 29116 20280 6204 12913 30468 22249 14540 12065 22037 27023 25490 12258 21720 23931 23921 20127 11221 13860 21712 5552 15190 5312 24546
5388 7113 5905 12331 22458 3431 6274 8000 19849 2835 2418 30926 32001 1157 20688 9693 4505 935 27624 7510 6699 16703 16508 15811 2980 27855 21783 29783 23552 11193 25502 21806 18806 5031 31272 2261 8687 9258 7695 13069 7869 930 9544 14028 10378 861 14831 31621 6030 12035 15398 6057 17414 27441 30240 1134 31457 26468 22137 16079 10940 26393 9417 31188 23824 9778 25720 17939 20394 23708 22996 21111 16988 9519 25952 10816 19699 19413 10607 5195 20840 18159 11762 30612 24155 24564 30351 26873 5564 20315 16115 17985 27596 20412 20840 604 21060 27698 11178 1772
9171 3587 26102 20229 25550 3459 4197 7985 9764 18997 31352 32440 13200 3636 6388 22046 15890 16593 32240 22252 14751 11390 5932 4276 11544 23531 9892 22351 3961 21102 10597 24169 1363 9128 8352 11840 4732 11878 28925 21928 5124 32453 19505 32083 5740 7066 22739 16463 23571 17168 3179 28112 10225 23187 27597 6192 8327 5613 9637 5428 24342 6575 15186 21393 32528 7379 11256 10670 16844 19871 21968 428 6781 32205 451 1700 13925 23016 19768 14127 21830 12281 26154 300 1562 2403 19837 19133 7171 7180 5010 3219 28549 22205 17177 24940 16371 3276 28198 11993
18727 1272 4487 19269 24950 28564 16982 17715 13284 2024 22986 12231 27283 25812 4946 6280 23938 15542 20709 2660 6516 8334 31123 16885 21293 29280 9825 30466 6884 6874 4435 24393 25590 16951 31434 20091 13528 4195 30992 6025 4943 14432 26162 4894 227 21224 24590 28524 7057 19540 3756 11564 14016 27068 9426 28128 118 10592 20178 30556 1740 582 935 4228 12703 18213 27712 6999 1161 12418 21788 4141 15631 21017 24087 15932 8476 32638 23684 30049 4527 25604 9083 32030 13776 20958 9844 31967 20936 3204 10773 14721 7825 4697 30537 19476 13708 10634 17554 13792
25714 13369 18848 30119 32141 4059 12578 554 30760 990 23772 19950 30020 911 12282 14400 31884 18236 21412 3959 1419 149 10706 2169 8477 11864 25186 20353 22307 21294 26216 5663 3195 5072 3525 17024 1328 109 21243 9199 22253 3408 31039 20636 24504 32446 22736 4252 5340 19485 17800 31282 15911 15964 17328 9037 29014 19854 32537 3153 25038 472 14440 10266 22669 23438 7346 9535 26719 1689 15177 23699 12885 23836 3541 2290 20083 32087 18086 11322 11433 30411 22856 17815 517 21150 29016 15620 5670 31554 19351 10254 1268 18258 9533 19419 18574 11196 13712 108
8068 22821 26036 22815 9031 18569 15045 13944 8925 31522 9763 9504 5593 29068 12301 11822 15243 7718 12402 31910 14964 22203 2563 31807 21500 2402 7053 21866 104 14498 23430 27279 1798 730 20966 15002 26282 14560 25656 19638 8798 18409 10224 2392 18006 31401 12031 9344 14626 21947 677 32060 11559 4930 16518 5741 18000 465 3585 3277 18433 19080 21949 11825 24397 25216 900 5644 23912 11114 12885 29493 30303 1906 180 23274 22534 25706 32581 19732 11570 548 28057 19916 24873 30751 14664 14367 14167 15974 29504 11790 2883 15798 12124 18905 19649 10975 569 29822
3176 12652 4421 1404 11334 12678 26904 4060 2259 5398 3592 114 11812 42 31479 29025 28001 24730 624 22237 26233 8427 17907 26933 23060 627 14220 28688 22474 25278 22954 21238 7314 28721 12591 4883 13693 4589 7620 4664 15012 1783 3183 19235 13918 149 14439 24320 3255 15355 28199 7216 30494 24358 1217 25160 26718 7433 373 1885 27856 25831 6530 8831 23246 8448 1596 24451 26474 18543 24415 16390 29536 18515 28579 28078 9290 2093 14224 435 7699 3465 4756 26014 28846 737 12883 12625 3592 9662 25662 10824 23611 24608 21863 18462 14340 4384 18579 25171
31607 18644 29329 27468 23793 31603 28875 23707 14927 28601 3611 14465 9309 27789 18912 17585 16017 27106 21840 25175 18170 18651 31504 10073 23155 22322 9474 7389 18716 8666 29790 18187 3851 23267 8196 23060 17726 22175 3344 16499 7892 25603 21935 22131 18045 1103 12850 32497 12336 17906 30817 30051 13084 18087 9490 281 32736 8421 9210 28099 18174 18550 18882 27956 9101 6757 13405 18021 7727 9246 1434 30141 23619 26065 11253 8847 20316 5143 11699 3557 30961 7384 10798 24188 5718 29548 1389 28175 18666 26624 29175 31704 3731 3644 19689 26709 7783 30499 71 24136
32172 16954 24464 3329 24835 18924 12949 22495 11744 28461 25226 7957 12349 18526 32094 1450 22672 14192 840 22724 5626 11085 12963 31781 8385 4211 17915 32758 18688 13538 22632 17347 7581 9017 25626 19144 32636 14620 3894 9579 29938 31960 15073 5129 20861 30282 2201 18165 1458 3837 18892 24510 11126 15762 3491 6065 8817 101 16671 12191 20672 27501 5480 3297 23530 19812 8290 10136 28182 12328 27520 11833 23419 14434 25821 586 15383 10341 26249 29286 19876 2649 18464 21895 12744 17816 11938 27525 23692 9048 3710 9945 18191 1675 5104 17319 14972 23299 25997 20476
18233 32730 29981 2388 15457 12561 21160 13151 13173 13431 13780 19460 1102 19916 12654 16551 13654 15911 17734 2215 15352 21141 16960 18731 8533 17923 13480 26143 24377 31326 18630 9337 2381 19704 23986 16833 5774 2606 14954 9424 24317 17480 6434 3032 8600 4512 31963 23460 9866 30215 1335 29729 20895 31588 13452 11806 14586 15774 23607 26192 5130 28092 9011 14745 5818 4171 23274 22153 3304 31488 5706 2086 18969 21919 14108 24040 16747 8731 26001 5384 22987 4095 9758 9979 21095 7948 394 8505 19302 21796 29510 10818 18135 2919 4604 22499 13800 5787 9834 15029
26201 20177 9329 17128 25648 14917 14953 25150 9133 24455 27320 3930 1920 728 25507 3643 5946 21207 2404 8708 31234 18525 26236 3070 2441 15781 30282 31711 4416 176 32221 21837 3528 25831 26375 28318 169 6147 20914 11490 11336 15914 20343 8483 19475 6490 32109 2795 7423 16395 28735 25607 18996 10000 9858 22923 4614 703 30021 22038 14120 17233 8937 343 4636 12428 9267 22736 22254 26783 12191 17882 25378 17997 6903 21738 10219 29261 14117 29202 1182 9201 7750 20171 9573 21767 10239 21745 14904 27901 30740 19215 6665 10056 23350 3549 9791 14597 26141 775
614 31201 2775 10544 29733 5175 6240 26935 32624 121 22642 3257 4862 20433 16286 32215 22782 2568 25500 13369 6 8870 11232 29522 4172 18779 28781 15846 8472 6557 31470 8906 633 28051 7683 18156 12088 22578 22233 20627 6922 2726 11517 6119 12553 10483 17522 16563 5733 20956 22017 8554 1367 24068 464 7016 21591 6739 12342 18555 32143 411 29902 8610 14991 14715 10186 788 2114 22148 10634 12676 10017 11163 1134 17572 27558 10398 24808 6888 29444 3147 32725 14988 4117 27997 12045 17368 1172 24311 27704 22691 23180 13382 10724 7446 29200 10083 27349 13746
5933 26486 10140 26260 13341 21025 12908 14328 29629 23580 3368 17405 26690 27932 26048 4520 2599 13050 11454 8490 9065 12305 31260 3430 31479 2280 13401 26286 21604 21777 11724 10957 6112 30544 11319 32331 13926 16640 3743 2796 7735 25779 1371 10106 21382 31769 4204 11460 373 9507 14348 7143 5952 31335 13193 31180 17848 27335 29268 1010 28916 13389 15189 8814 27203 1626 22146 15152 1636 3840 29872 19079 25594 30636 18857 25832 30266 5384 3198 1515 10215 19999 21023 20630 10880 32451 30248 9438 17848 22827 1534 11883 15142 2785 25115 20636 4670 10460 2470 5067
24704 9960 17479 30674 25071 24143 7737 20429 30149 26546 27297 2850 21349 19512 16414 4031 2961 20971 9121 2467 10717 26462 21887 21408 2659 29331 29892 23903 14265 1821 27851 12964 25888 18306 24843 2003 22782 30179 2868 28596 23439 30687 16251 7795 32215 20916 2865 24043 19675 23719 8603 5923 17680 15527 2814 5401 6676 22829 18937 25791 9884 23910 27415 30276 6318 916 12965 25492 11792 12210 23745 34 5376 7510 9140 5605 17701 9436 130 29600 25798 23489 22975 12391 3642 5197 5283 18527 2463 117 15457 30405 20175 31743 13237 28978 25488 16871 9404 26653
27147 4354 8969 28833 29568 993 13301 15232 27447 8184 12598 15721 11706 24575 14772 11382 8257 15769 9368 30457 23662 32308 10917 6008 17466 18224 14795 27126 4656 15683 9977 26228 14809 13084 12852 25784 11383 11078 4326 19789 22005 12624 29304 23499 26143 20011 13090 22105 14863 7123 12546 24175 31207 15409 30572 16097 16070 14145 13442 23321 21748 1136 11524 9123 28256 17224 8809 13296 22861 26446 24366 32083 3912 23339 23918 9040 12381 24331 15283 27926 16010 9795 29708 28746 11636 30774 2399 22790 6745 22649 7937 29474 16454 31285 11908 22706 31882 717 20432 27087
30570 24513 18293 29083 17686 13267 20288 7295 4828 8040 19725 9143 13468 26672 27611 21009 9852 17417 19238 17905 22236 19233 14449 5273 19597 21851 10018 12967 32061 18165 23186 17887 26678 4199 30309 17451 18761 25998 26903 992 30724 28681 25816 8515 18220 228 23194 23884 30823 1395 11112 22954 6200 17281 1017 22022 22064 8363 5765 21132 11619 30982 9943 15272 28954 18696 7332 781 4551 11941 4123 18940 11838 1464 1213 195 17697 9125 18031 8068 6812 30268 7373 23607 9811 2529 18626 498 7577 15082 85 19816 28131 5705 23750 29361 15228 11627 28378 12361
14458 24928 28019 4954 26608 26939 12899 20798 8549 6076 31106 23103 26757 9260 5631 2466 27927 31369 4595 5861 18223 22243 27708 11332 17317 12294 26760 18050 21701 13657 9648 16869 31560 25606 28232 14467 15236 30555 30580 5564 29407 14449 508 776 8585 28939 4515 4595 31851 1472 11957 18277 23386 31581 26080 27687 22417 27525 31300 18083 11870 11418 32205 8683 15387 12513 17345 17917 9056 24800 24981 17734 29815 29963 12805 17252 26896 4768 3684 6448 2102 12240 12848 31228 18050 799 31977 32281 30351 525 1571 13981 7597 13046 14299 11874 218 22071 25351 31826
32238 10898 624 19170 1301 20692 8132 30941 18050 4788 3815 14179 26722 4351 29579 18737 22799 7410 17664 18211 4487 16615 17485 3574 23580 15413 6271 14675 29549 30289 1345 20489 3476 11577 28589 1435 10145 25362 9570 13562 9544 20239 6615 30867 6358 21910 3567 908 18281 19358 21965 8267 15713 2396 12521 30777 1810 4126 26723 2245 25019 18295 10136 27051 30908 5532 17140 18550 771 22286 24839 15683 21704 31097 14810 23753 14714 15836 24707 11158 10745 26091 19191 22171 13061 20658 3104 21739 8183 19066 29743 22208 15790 5104 2868 9663 18893 25732 6635 23165
25124 27664 13529 2881 2155 6074 32152 22540 3638 7707 3696 30678 32037 5793 17447 11035 20315 8241 23065 14230 3122 23313 3211 20813 7469 14854 13628 5325 28463 28345 5693 30391 13290 30047 18179 19579 22425 921 30651 21092 32498 24217 32477 21205 8534 23687 25860 21202 4940 5411 25341 26561 5421 1451 1565 6770 14881 11263 28376 31582 15177 23811 23952 19500 2878 23109 427 25210 15803 27360 16104 10201 6038 31648 23795 23321 23285 2662 21815 30408 9150 24782 13043 24821 26703 25104 14736 18489 29296 28708 17714 20985 25733 11306 6541 32229 7945 5640 4858 25284
6711 20309 28105 10356 2058 1398 6105 25388 21096 18182 16487 13317 18842 18556 6692 21177 5888 23559 906 25770 18435 8381 2415 17702 1354 11509 30683 8937 18993 14321 27927 5859 12407 1729 8966 6204 9270 8291 25272 29078 5145 3375 22077 7058 29129 9587 11447 8341 5800 13146 17587 28108 24770 27666 20666 13677 7169 1069 10786 17984 2976 25416 17962 31839 10209 15083 327 12090 25603 1201 13496 16605 4206 11177 19040 12918 11570 25851 17109 25105 16559 31695 25013 21927 1685 5226 29753 14167 2832 10906 26124 26355 1596 20309 6237 17598 3039 27037 12083 6516
25431 32422 18688 16267 7121 17723 21626 29113 12476 2142 30886 25270 21118 7471 17205 579 10085 28687 4372 4971 6368 27908 25919 30729 239 18271 8662 21898 19416 25757 22386 30452 25116 28300 7865 4135 28329 20655 12336 18020 21841 9442 11857 8715 28027 21313 21982 19881 21784 26951 2164 17969 28633 27699 25955 24714 26271 10928 25789 18506 15156 20916 10413 23490 17464 18601 30986 2362 9566 6347 7468 4477 6104 25553 2047 21401 5903 11727 2645 1504 17816 32347 32641 50 7779 7407 10273 31615 17974 27790 10043 27271 4442 10922 21900 20452 4501 5446 24348 13643
16472 15448 24342 10255 6456 625 28119 24294 14498 4255 21829 27888 21195 16787 24418 9717 5863 18431 29473 6127 21147 5186 29560 15816 27060 15687 5302 20324 30233 28842 7191 21218 9214 11805 15765 21279 7771 21003 3074 24444 8093 13179 12116 14562 31387 22838 21824 20483 12235 2604 4106 30946 25270 15636 6043 30613 17321 11091 8404 19017 16814 2847 16162 21640 6330 13540 1106 20407 4136 14310 21159 9443 32102 8745 5418 5053 24303 32654 21058 19170 9081 21566 19588 21856 29039 5707 9676 374 673 27285 14477 9372 26683 10475 7013 24771 19187 27507 757 20190
31623 11596 30191 12961 26471 15473 1904 7049 17838 737 2961 5916 4183 27389 31289 22642 7598 25393 29749 30964 28164 17622 7818 13924 423 8791 18441 21022 19218 16531 3365 30109 4448 16259 28162 16448 22279 13853 2766 25166 6338 17784 31316 26937 30927 26416 28366 8479 10843 31500 7419 12182 12603 22494 6514 19369 18908 25515 8246 14110 3453 30476 31370 23803 9883 4052 30471 14664 10669 5875 10219 28181 26130 15771 23476 10687 17224 13729 1006 17008 32350 18725 32329 10981 23468 5493 29678 9332 8385 27951 17171 21069 27293 9638 9933 4608 13345 21383 4390 15679
8387 15037 27504 14565 24454 30097 12505 30008 14890 5910 5951 17259 9375 19652 14917 9320 24768 17251 31910 29900 2622 21291 5065 6706 7898 14121 29078 5556 22232 21476 137 8111 25008 20801 26116 12487 23302 2980 16106 7211 3036 8280 2665 7962 19463 6449 14103 2471 6111 31599 1601 25785 11835 15846 14719 14677 19101 27228 16012 23840 20393 28211 19797 26655 30172 24136 11344 14274 21114 12826 3855 8993 19144 14895 17173 17541 18300 21939 7912 31786 15474 11107 26472 4163 22688 27049 8030 3647 29260 21000 30040 20811 892 5051 17333 21016 19119 14745 22268 9182
25546 12092 28274 17057 27989 8546 10987 5811 3559 15763 24544 20858 28127 5381 31426 1907 31061 9916 29838 11127 32337 21749 418 20285 31546 18885 29647 19745 12689 3838 687 16163 20703 23890 28216 26419 19947 26299 12178 27820 14897 8218 11302 4894 12176 19998 7928 20048 9283 22887 11318 22405 15122 11755 21265 10239 25545 10649 12747 31938 24554 24125 20497 18330 32671 10916 25484 12639 10994 28416 17075 4472 2880 24717 31203 32414 26859 16501 14001 23778 4432 31218 32127 3314 22777 27570 23885 8344 3603 24703 5586 14467 28450 31519 25547 28490 31219 6521 26516 30126
9938 29434 23029 17440 25598 30263 830 1411 25946 10708 10390 7986 7269 5284 25488 31301 27756 28945 6143 29200 28415 12223 31756 3053 23713 3436 26245 23612 28099 16411 22392 15527 18420 32625 28417 14251 19282 27743 18016 19795 21572 7169 24398 30023 17771 18886 7570 518 28117 29906 32463 18800 8052 27808 1184 13959 2511 4332 1254 10358 11512 18640 21601 17107 30910 29997 32638 4897 27683 25164 1392 12185 18705 31941 18818 13098 12360 19872 11948 15038 14747 443 4452 18367 23644 107 5046 11225 15381 21862 28567 25090 11640 29153 17271 30904 1945 2293 3349 29066
5467 2887 18071 14810 15144 1512 23002 8417 9446 26746 24071 28404 4134 30357 21351 517 1694 26729 20856 4972 7385 32420 23360 2792 2349 3478 19937 736 9966 17298 7534 25071 14817 11928 21501 11680 1523 17714 1789 31350 3883 30364 14026 7472 5598 1575 19583 330 8994 13791 10764 18631 14724 1132 136 6446 32254 566 24776 14803 27939 461 14896 26455 28829 10119 15305 114 26841 7275 19348 28656 32513 26701 2078 30714 21291 14139 2133 17047 23248 3608 19866 23411 895 12935 7191 30430 28114 18955 11603 10775 21666 29804 28931 30923 29815 25948 20516 23513
1858 16730 9798 9560 10319 16855 25899 26075 13429 25751 5776 14067 31376 10843 12363 3830 20529 10429 28310 511 24211 29531 10411 5174 15313 8247 21393 338 9303 27486 10037 7516 26774 15816 6588 12981 25341 7040 9496 346 2596 15620 2777 17255 29514 22511 2630 23258 22785 23253 15533 3226 31272 8303 3063 27832 25882 24056 30591 24564 805 20694 6949 22147 30782 28541 11422 9231 10994 8593 25358 6400 2208 17226 31960 16634 23014 30749 22452 27302 15193 4249 20227 23734 3705 1935 21600 23587 30436 23157 30328 26553 14281 16652 18971 19670 1440 2113 27027 31087
8216 5201 32308 12115 18513 20017 2100 31924 26444 45 22717 7651 30880 26063 29249 11355 3438 29442 17166 16129 31638 5751 28194 24490 3371 31560 5696 31198 17445 3548 24387 9948 1622 18442 6579 31453 17824 2177 19606 14237 30820 31079 4488 2072 30269 19008 30478 10641 3311 16658 23848 9689 24986 26310 37 718 29236 21202 9659 2850 19253 23061 8279 5214 17812 9474 7346 26150 24819 28929 28069 9918 3607 274 19006 28877 32154 436 12819 30305 18148 25605 27606 21812 31575 29738 21034 46 31178 12017 25269 25130 5689 6837 17271 7677 27066 10115 12890 4020
24243 23162 4874 29470 19787 18552 3846 21387 15390 9203 31736 10450 6453 25124 31810 17817 32565 15211 3545 31440 23254 2799 31574 5247 1175 20869 25418 5058 8881 24531 18898 18961 26441 27573 26732 14789 32489 5343 12297 24536 17201 7364 12644 19181 1482 21943 24465 9104 1948 3408 24793 2494 28737 30226 25029 27560 22969 21578 7801 14772 17503 29242 5699 7109 1819 8055 7540 3004 4058 16272 16751 31039 2107 11248 13055 23225 12939 27910 10990 20385 4852 3747 31955 14336 14577 5027 19499 25901 15621 19663 6059 18395 18093 5890 3797 16214 11923 17547 26058 28170
4356 13779 7007 14149 25764 25920 25970 19006 26977 27224 14207 24149 933 14378 5998 1180 22480 6889 13487 12951 14821 14555 30089 27200 17795 6769 28335 9038 12824 32184 30997 22967 14161 30960 23041 25972 5589 12409 12645 32644 6194 9207 8812 6195 8215 22190 27219 25244 5061 22318 22906 14701 16320 27189 25275 16618 202 23761 13562 27189 18961 16837 4861 15308 23464 7726 23934 851 15668 18790 895 21652 20712 1065 19678 31172 4787 2806 13097 14599 22455 10168 15539 4919 8702 1702 3560 24545 23656 21096 9437 27281 4840 23419 29484 30032 31472 20182 18942 17514
24618 16334 19561 6005 18793 2359 23549 13198 27103 18892 13209 25318 12944 32721 9347 3454 6150 2038 10680 20270 24647 895 17793 12012 3332 27042 23879 23371 13843 18480 1960 4162 26656 30584 203 2607 23455 17769 14576 10779 6148 23542 12619 12096 22327 26303 6930 10696 15682 15341 27861 2776 14413 3165 25102 30157 7373 24322 6393 14022 20984 23428 17061 610 8828 10285 6475 25291 1392 24326 4320 30195 29579 24125 30182 24861 7316 30666 28295 7584 4377 17490 4580 743 13412 7500 2475 12733 2731 610 29159 17607 14215 28186 27421 27218 16551 23989 4756 19280
26822 4184 21748 25500 14042 16745 20243 12166 32143 25148 12555 21131 30451 5871 22416 7012 18547 31378 3968 2371 774 28299 14268 13913 29608 31033 13623 19355 22538 30680 27980 25030 19336 10149 14933 29600 91 19010 3705 17793 6416 26971 14533 26131 13880 32138 126 11350 3170 31864 2742 22247 5702 4678 15902 12417 14147 2603 6427 24004 25100 10846 11804 14389 6046 1846 14890 23175 21109 4495 2497 16921 12799 25713 8158 10687 31313 5612 21337 453 15385 3910 22133 10545 14547 12377 23734 19529 22336 16950 21234 3157 15380 32014 23979 21670 23279 9555 4508 215
5007 1050 6802 14419 12100 16068 17533 8983 21156 20957 6855 23482 14207 13124 4580 17066 17174 24460 28459 5816 19591 22179 25316 30423 10124 19377 2210 12576 18277 3139 16851 794 3603 25257 7829 12089 7111 30620 18635 2980 12954 30501 9584 28219 638 31930 8236 6617 29045 2729 21797 4310 13313 4282 3352 28881 18907 17935 16296 15276 13031 23120 4086 12759 28776 16901 30577 8658 9841 8771 4848 20717 29084 8075 17918 24915 17661 5103 10356 22854 25689 28790 29262 12204 20116 19906 22967 459 11369 28656 5990 22097 5982 16832 1325 4503 19702 2806 2767 32550
8744 26112 19731 5243 19216 14552 21270 20743 19173 13612 5605 24442 8235 9149 11851 23617 297 32517 5352 25933 15518 8476 10371 22295 4784 2268 28322 23265 6693 31300 16983 10814 1493 32282 25948 11220 24159 1236 10082 19809 1052 12473 6055 16124 3409 2884 29895 29598 21673 10697 20180 2784 19426 1370 4008 2054 26310 2540 23930 31293 12893 8374 2992 31265 27745 14810 3572 8322 12018 6471 8586 23144 1163 27358 8417 15956 30773 25044 13672 18121 30202 26455 23458 5643 3997 7284 28029 10023 31112 13112 9952 4147 21510 25365 22659 14807 5298 31880 15619 12301
9264 24569 9270 28708 1050 23523 26812 22539 4413 13876 25558 6860 13830 25847 21371 24151 8503 14896 26281 26241 21726 1799 25594 29004 8584 31273 7799 10345 25010 15724 11440 19451 2432 5810 5645 31390 24242 4111 27231 15016 27859 27438 30650 10415 2483 25584 4743 28491 32280 1623 9173 27676 9905 7075 29168 9743 8523 29370 22325 30942 23111 1997 23332 6614 3660 20281 25015 23005 5177 10155 25842 18611 862 14216 27836 7544 2539 14732 14573 2159 1960 31921 20904 20993 16615 6994 29163 27397 15800 11664 100 21054 10587 31477 2695 29477 17915 28503 30173 25065
18585 22271 23455 6325 12614 9739 17027 6705 29589 20241 10966 7499 848 27909 8395 9783 6506 17501 18707 12468 17717 24434 7085 20370 7637 18986 16640 25969 10229 12500 17703 23243 17336 26195 5516 30005 14066 5503 31928 13281 10137 8648 4201 21864 6774 31517 17893 27334 18976 26892 8335 7078 27179 4394 11960 32737 10909 15541 18615 12865 4001 8568 17980 138 29056 12783 7649 23739 14540 14508 8962 29585 10975 17145 21967 3149 23172 7871 31135 5559 4339 28582 25992 1123 17155 8062 17196 26163 26267 11742 12245 20253 15465 8970 29637 814 25047 10778 17351 463
16187 5721 16650 22088 9806 22508 11055 20866 13536 9140 30881 4369 20426 21109 18725 30577 18979 15159 26290 31120 3255 3308 18562 25997 20916 27476 19561 1728 18599 21278 6758 19194 13991 2384 26232 19726 26320 6632 1202 26768 32500 10691 914 15068 3212 8127 16527 13658 24053 26909 10993 9473 31705 23849 10469 21274 22251 1052 21201 9031 32215 17729 30949 21187 28536 16471 9971 15595 23884 22071 6784 18686 29222 9398 24347 25889 28963 31181 1261 12966 16607 503 9618 18317 14057 13787 11047 10571 14196 19243 3492 25803 32079 11468 31340 26547 7703 15927 6691 32488
7851 28191 26816 7764 11232 23636 21475 21991 19318 5863 4968 6107 6475 12943 28732 13373 25807 16971 28015 11689 17080 29257 1931 19285 26359 18951 32293 3152 23274 22968 23473 24588 25555 22249 12187 18459 11657 27748 11923 18230 3437 16724 11560 16771 29088 31659 10392 12824 20595 16833 20966 22971 11295 32573 20270 19179 32439 28985 10038 30501 8794 15777 2885 8544 2477 6620 29496 23002 23688 17583 16338 26390 19696 22366 22356 16421 14406 12820 28749 31782 26813 1924 32436 23305 2834 19409 30516 19352 11383 2731 23751 4791 21712 26812 19590 30698 4385 21570 31680 6937
583 10493 23625 22416 17383 19275 23316 22602 16293 32402 27908 16751 16534 31454 24064 4891 23287 1483 5702 10593 31775 4774 18945 32144 14002 11727 18205 3252 7960 14177 21850 1888 19501 12565 23711 11947 20538 9060 17810 633 15909 24044 18533 9468 3812 5909 7666 6010 31543 12020 18187 13392 7575 6512 24075 2615 28777 13219 9905 31942 31864 2179 20527 20024 19362 18625 7549 30320 29650 31217 26611 27450 20014 8428 12311 15828 11921 27506 12468 12717 12091 7444 10284 12396 25799 17233 19470 16180 3678 29952 6891 22822 5675 8430 102 21288 30222 12231 32651 11493
21653 32058 22370 29461 28200 27736 21955 5887 7811 6973 19563 24380 7786 31219 23632 21949 18839 18579 2866 22288 248 16557 22387 9950 32023 28138 15912 11705 9434 31216 26480 17428 15468 28550 27909 11923 123 14585 28432 12166 420 23998 27458 20912 21547 17240 2592 20556 26608 30077 22174 16466 7326 14708 5104 24310 26150 28865 9629 10609 5484 3844 15829 8709 6463 10015 17924 26171 19343 21399 13735 31344 7898 32317 19295 28303 16360 19213 23619 16416 32696 10838 11643 7554 6586 22043 3083 28276 10815 16057 5868 17883 26925 10955 28513 8383 31991 3659 17288 5782
31180 23802 26415 24261 24847 23553 28394 20324 13576 14040 354 14657 29913 23399 21232 17704 5299 24939 32619 13922 17993 284 13886 13948 9605 23821 27837 3658 7546 9043 2745 28714 6555 18921 17745 14221 22314 27219 7180 16820 27379 130 11301 17336 20281 4344 20006 16845 3569 31276 12728 3015 23342 30000 27578 25310 13277 2449 10896 11438 21682 30847 1214 22402 7522 25389 5557 21457 13331 12411 23788 18185 32016 30163 4915 23436 15042 26448 27205 20984 27100 4902 27292 14252 11733 27710 25481 26248 24987 26656 8579 12787 8326 13334 24256 25891 23434 17806 8706 30361
20146 18881 32692 5354 27337 14482 28981 28869 1882 3769 13940 26674 28892 29472 30141 30488 10022 19341 3538 4354 24617 1154 20030 18466 8925 4194 2534 26007 3708 25044 14305 22251 8687 25964 5769 5344 6021 16009 1234 26476 10475 19321 1499 11010 20313 13540 8899 31507 21513 3175 7870 26069 17645 15999 12648 3395 8609 23465 15193 22885 21663 31943 10489 8145 19634 18118 30613 25714 19117 20862 4275 6024 14172 30169 28579 29936 5563 18232 17751 26790 25958 15378 3701 7304 2385 18910 20393 4956 1721 30772 27712 29973 12378 12079 19187 28754 4579 17685 15616 21800
12199 3898 23424 19745 28309 31265 20212 21636 14442 27877 13601 22743 12325 31703 6430 8355 2747 11881 12715 24695 24589 23627 22980 8495 2071 26067 30582 23414 22634 19362 17650 27786 21980 27013 12256 18496 11902 22681 17141 3143 4046 15539 19912 22704 11566 254 16097 4526 2709 18406 25619 28315 24453 4661 1293 31292 9789 24956 3115 26694 11055 22965 12690 25633 12468 9766 23675 15595 31487 9609 11983 4800 22607 8553 28405 26937 31081 5327 17383 17202 11846 17950 30604 11217 23305 14396 13122 20676 14644 14066 27321 4553 14618 662 26888 10612 6040 24295 13306 21293
31744 2360 14761 4728 12886 22993 31823 32633 21951 5266 12376 15543 32566 11481 188 31264 19585 166 28043 10573 21347 20221 30922 18184 21780 28044 5501 24075 17902 398 3333 9995 32105 16367 20140 27125 8777 30897 23935 1144 10006 29070 20572 14787 27341 21471 6219 12176 20949 12732 273 15457 27444 26213 8195 27401 30211 21984 9497 22383 23327 20452 16963 18575 28450 6646 7424 11201 4242 25810 32300 21822 30296 12556 13337 10720 17011 26359 23266 5673 11501 9670 32508 30343 23310 3569 19982 21718 14033 2779 18947 7975 23188 24497 12893 15296 25875 31637 6092 7780
18839 22780 19967 17108 28779 27732 12218 12437 15248 26091 26921 27636 17329 19212 15476 30792 24921 10859 29843 20343 22116 28610 31332 29371 11188 6845 16378 30886 5925 23828 30264 15460 32194 25590 16543 4673 26169 20654 23397 9578 28556 9345 26567 25336 8202 9173 21152 5674 8318 29849 2361 6642 14246 31712 28771 17332 6630 16079 20931 27466 24894 19130 13166 13387 16762 26762 19894 31885 19624 8034 4931 5096 23503 19074 32613 8509 28638 18027 7848 22711 7907 31043 1449 26449 24957 14972 10793 14233 21652 23985 21088 29619 17223 25808 3731 26784 3366 7550 28905 11969
15522 11703 30587 15254 25025 21429 23722 16588 1303 23828 16821 31863 18161 6451 26507 24220 32467 19165 27101 10226 28453 23849 12408 26089 24873 24478 2770 28652 15664 3483 10722 18915 29454 25846 27701 4093 18123 4068 12351 20396 21915 9753 8431 29169 26384 2352 12422 6873 24207 24652 13736 8776 24833 30464 24243 2549 714 876 28497 5302 4607 6057 31817 25342 20691 17000 6555 14499 13395 8917 11979 20453 31572 29634 25981 23981 12713 20993 26178 11026 29593 16913 22450 26657 1424 14590 21435 7134 5140 11394 18232 21894 12283 28272 28613 791 23259 22354 27602 4370
14275 1105 4343 14208 13352 11350 31879 6195 15650 20591 4712 4686 21721 19316 24098 28424 7225 1258 2613 19372 9454 19239 25008 25828 8076 6327 4095 10040 14861 18687 4869 10450 17025 32 4971 28804 25089 18975 5943 11788 997 13634 17056 18326 15671 27581 6944 24706 18535 4237 204 15720 26943 25509 20961 10585 19738 29000 27807 16488 15185 20662 858 17257 10743 13834 30414 22777 2758 23395 10931 24511 25688 1346 2193 13809 2971 9779 9430 6681 4479 26032 14886 2329 14577 3650 28402 15724 2317 9961 6476 13232 20367 15294 29945 22625 10123 6615 32712 17128
22623 619 28707 8660 8421 6454 31204 15463 17133 4639 21866 11604 25322 25113 15595 15047 4075 30535 21515 28582 1997 15459 11694 23062 2991 27488 25611 4930 22695 29518 30467 29784 6323 30079 25776 7379 24563 7656 12352 11776 2581 23241 19204 24507 3088 14225 5060 21114 3605 24316 24662 17038 25026 2174 17774 165 10394 21732 4280 21394 16050 24121 10532 10065 15788 32486 18818 11589 11241 5150 18766 20933 11259 16249 26573 10967 16473 27615 19801 17467 30551 6568 14072 27820 4949 13825 52 26722 822 402 32551 11483 16148 19038 26326 2523 23857 31978 9152 25522
29489 20641 26294 25277 6023 4983 20972 15407 5934 22733 31825 30737 13209 3988 16156 22664 31980 17334 423 18007 7276 3761 30593 26276 9012 31621 1215 15871 12587 25041 15506 1184 2098 31801 11807 4080 24482 15882 29578 30028 3061 11297 14164 18949 20163 15625 9192 9387 25329 1123 29040 17291 6437 11659 1517 31862 6268 2424 23431 22980 6016 13284 8481 2201 8532 5037 18737 31847 15154 14972 31439 27572 32280 26532 6412 2590 30909 12877 21636 9116 28106 7889 31543 32006 16967 9062 31380 7640 12371 24574 18391 26419 4633 3435 8853 7204 22783 26567 26005 16169
1312 6163 23010 26865 12541 24862 16414 31844 1391 5032 1049 23523 10721 3528 20131 977 1211 18827 27038 11858 24609 16094 10839 25682 18142 7342 22038 8138 11675 7501 13555 25406 15445 31256 18156 27275 19470 16983 20277 22751 27842 6500 10703 2057 1948 8208 8028 23795 29034 3394 11058 17772 335 14817 26542 17195 32695 9204 5322 10257 400 11528 27890 26543 952 6098 15380 8712 23217 2326 27895 19352 19100 4040 205 5781 23397 30832 9483 372 15675 28627 23416 11951 20803 14543 26756 27078 10893 31111 31708 32132 6983 25536 18235 16259 8752 15499 30595 29938
19536 1829 17420 29846 24295 22299 2108 10767 23971 3505 7000 24157 16661 1669 23193 27042 29030 30576 6531 12841 22854 1965 27762 7336 9510 25149 374 20930 679 18313 31584 31952 29778 25162 797 26593 3465 25510 835 6399 10941 10907 16874 21685 31202 31393 19645 10702 26400 1419 27473 27230 16844 19631 2997 13831 11670 7494 23882 31093 13316 11286 3540 1835 2591 5198 23762 11650 24172 15793 30987 28142 17181 28150 23658 14724 2185 2415 6667 22201 7130 18154 21142 21613 15877 23253 17100 11816 9984 23973 8287 1443 26927 29048 14599 5514 10527 27384 2002 16768
32118 387 13500 26468 2858 19082 12927 21970 12786 1079 28332 3053 23802 29523 18427 9820 19419 22630 16095 7571 26570 16416 5214 14676 30991 13047 19232 23925 20666 2066 16070 5091 14993 24422 17789 30695 19276 1823 4050 26280 24325 20545 15048 6386 23530 5775 18471 2613 3381 32684 28952 20689 10846 13696 1775 19344 24206 8157 22088 18548 25688 24930 16469 2228 2468 7072 32374 17921 12267 15996 17418 7437 7338 26324 12934 334 11792 4198 21444 7680 18426 7917 3741 18537 3362 652 18873 26464 14483 31600 12454 29712 11105 16562 20264 30714 662 3706 30416 11321
18799 24426 8912 7690 7113 21818 19982 31883 19670 5279 28535 29635 26132 6258 4246 14563 4736 16398 12901 11211 18951 7418 29795 12752 20797 17352 12774 11709 24913 9276 2483 14615 3137 11441 972 678 12618 15545 18825 30256 5539 11012 9194 4488 30058 25219 13356 2760 8415 23244 6810 11226 31184 28609 32678 1853 25940 23660 13112 27141 1468 23854 22086 12068 20679 15641 17061 22505 22037 21146 9503 3526 18910 12123 32197 29014 10212 1895 31366 23198 678 5008 24577 28308 21207 29454 29848 11741 23310 20584 8646 24795 29631 19864 16306 1255 21354 31594 16132 7899
10002 24613 9463 5844 3825 20845 3503 310 21354 9576 10446 30960 26175 32544 25666 28417 1028 14888 14688 4923 2516 14723 20535 14918 21314 7617 27934 25833 13458 9835 23696 19589 25898 17057 20794 6370 28227 5378 26705 9006 29156 28364 18473 27203 24081 1604 3332 7209 24640 27737 30760 22748 11532 1412 5428 4687 28717 2546 18867 11696 30888 20709 754 18926 30019 27480 30223 20345 21820 20962 9811 11593 8506 10716 9665 26401 24708 26054 17391 22805 24177 17639 7957 21578 25632 30260 19300 30973 14952 25203 1177 29126 2066 24992 7633 29726 24646 24464 9119 10784
5444 13268 25692 27020 9045 12512 21182 23569 18432 11885 30380 31948 6528 4891 24657 3852 12918 8539 20848 29272 17884 2956 4343 30643 12090 4964 7382 7198 21276 14482 11793 19551 25539 15009 17172 5633 24091 29216 9288 27036 21229 17664 5859 21078 20566 14909 12804 18090 32632 28865 2559 30312 19055 32133 9717 14845 7814 29945 29609 1781 7851 9126 11662 3518 23073 14865 26405 25775 23413 28643 13189 25672 9139 25160 6715 6332 26073 12693 20053 27820 5772 8749 23482 28982 9226 17573 16061 26414 27232 26918 6641 28075 14301 25107 32318 31174 30150 23020 31028 31646
18763 16499 23968 21664 16570 4877 31325 773 24819 1130 13165 9883 10012 18280 12616 17097 21142 309 6772 25037 2863 9908 2902 32073 14233 18723 16456 20478 6171 5626 9708 29911 31110 3606 17343 30505 5227 14358 13553 14393 27787 20998 9076 19967 17551 17979 31059 16169 31225 26493 15429 16483 23899 14444 18306 22230 23238 16924 22485 1006 1670 15875 7666 24161 25100 5909 19211 15469 27948 1581 19358 21345 22409 19887 9361 28766 26189 22635 9856 11871 25117 16325 27478 19831 8524 32019 21018 3930 590 19015 27916 15647 27248 30158 5617 14916 7367 11704 7339 18675
32102 1560 17420 25475 5332 16046 236 20290 26558 3011 12153 19570 30440 26197 13007 1937 31593 10100 13001 12254 13080 29420 27670 22296 20802 13604 18063 32393 26526 14406 9671 30019 23426 5280 10212 27562 15190 75 18094 24626 2122 16906 3814 18794 18500 19316 25049 8506 29724 15958 30005 13672 5644 24915 1306 24929 11362 18381 27764 5431 9336 12553 6025 19942 486 25229 1230 25307 1526 461 18431 19639 27481 12551 17262 18768 2584 29548 2972 248 30669 7296 10502 4355 30738 20163 11329 8067 20794 19857 18505 23638 22847 9799 26391 4963 20220 29863 27761 13344
21404 18046 6918 29272 6227 25219 20410 25643 5196 30339 1855 16726 22242 28859 25061 10164 18962 2182 6579 2309 31024 14904 7862 9711 12250 14921 19865 14914 1323 9142 29814 16000 10032 26020 6636 25245 31392 13382 14962 9731 25287 258 28650 12505 17860 15823 14202 21125 8436 28642 18839 18799 16814 21897 14434 14344 30257 9047 18488 27404 19162 7297 13956 21764 10139 2696 25304 25358 25000 22552 3645 3808 5491 21297 9415 21003 23771 23172 17772 24189 13728 31264 31765 16458 11291 15181 25078 19628 7724 11192 6171 584 10867 24529 20548 16050 8131 29810 22515 27956
211 21441 22979 4811 28727 16727 18683 23411 6287 29090 11107 3236 25855 12423 13655 285 7647 23372 27673 4576 15795 12726 17004 4222 4701 17006 25438 13972 32401 30377 8037 11926 28554 264 12205 6603 23291 13245 17329 14233 22857 496 3337 4611 12279 12385 15746 21360 24674 31054 11124 10670 3758 10135 4176 23094 21760 27936 5497 27570 22253 30839 9045 2236 10547 3511 9891 32745 24999 9900 16399 1286 25455 24119 4611 6049 15217 10996 8385 13004 8459 11547 30895 10781 28421 5028 3825 22521 10436 23727 4157 274 24512 29986 4587 4399 3384 31636 22860 5420
13348 10858 11581 5697 24427 11583 26108 14983 20566 25994 12090 20151 28996 25210 12401 7477 24736 4133 3959 13902 10257 25058 340 3518 29680 31731 23889 4470 24319 8296 26193 7580 9816 25407 15972 29138 22947 27088 14490 3003 23436 14697 32021 2747 18037 22837 13154 255 2407 19298 9994 21950 20815 8578 6755 7358 4711 12338 15276 1817 17906 9722 28761 20801 12332 2421 27308 21058 17025 25266 15749 4167 28157 5081 25211 32352 31236 9490 26155 18306 13123 1954 11984 19152 1766 5207 4373 11544 24075 18727 10023 9121 19831 2580 7693 23588 28040 26963 27964 9752
28267 15020 11366 16690 15503 30244 31636 29997 18778 11738 12660 22215 19482 6959 17396 24076 3902 1833 7951 12758 7622 4634 24039 19605 25848 7804 6677 24140 7765 25376 17725 4060 5579 26760 16613 2949 8236 30097 10375 28330 21983 12116 484 2260 26070 28751 18332 3066 5311 6848 508 4608 15487 27218 25111 7037 24540 2299 4888 27585 9849 27429 13782 26135 21768 14092 15017 20551 5563 15207 3453 7775 9467 14666 18468 11187 13917 1355 24305 1315 9682 17380 31618 10396 18718 17688 31197 24034 30091 17241 15295 3212 3550 2474 17968 13136 11402 17665 23899 25728
15908 1263 4765 27605 8215 12162 30940 364 6041 27755 29466 11790 13533 19292 20809 17588 30346 10676 12129 5450 16749 7006 19121 15540 106 23286 16754 13839 185 1326 28834 4409 24143 9073 25616 29331 5273 18886 3251 16389 1904 19446 12607 8003 6218 19953 19706 10575 7085 13166 20684 30528 17130 13010 31382 27713 19975 3923 14021 24796 6653 15965 16423 4985 24356 31796 29181 545 13291 5084 81 4488 10188 24118 2698 9547 2687 15467 15421 3446 13166 4493 28742 27977 23914 32636 2584 32572 27292 27399 31057 23104 9406 2900 7058 7240 19851 2178 28813 7688
4979 28044 21599 5116 16020 29041 13345 16557 10726 23442 28857 7216 23733 1883 25590 5359 22613 19237 15325 19884 28177 18011 8253 31938 12644 23260 22154 20654 23148 21921 22503 32207 11419 2720 3461 22890 13744 26608 10028 9713 30949 17453 16407 29829 23146 27678 17925 16313 24339 13205 22157 9113 5198 3479 1714 22251 13399 28605 18615 18868 23215 1242 25653 3326 23754 29406 13418 26585 6919 14331 8404 15776 24038 25350 1022 10621 4982 11039 29851 29487 268 10900 9425 16651 15674 16643 19415 11073 1535 24767 19906 5217 18236 19317 5532 27422 25959 528 21943 14673
8323 27609 8768 9281 9040 30947 6679 16929 4799 17318 4574 26842 12712 30186 30033 23051 27839 29927 21205 28750 25285 6314 17747 12734 15611 29370 12358 27574 27612 26620 531 15323 7179 8660 28826 10844 30603 6797 25610 14712 1838 18683 1017 3649 18512 12126 6836 5792 19140 20874 17107 20634 27407 22085 4881 5841 31956 22513 15451 5710 31120 10347 20007 20861 1928 3122 5383 21625 27903 12492 18302 32394 17323 25189 29970 1261 106 17594 27554 4819 9010 4917 1786 10923 9030 11353 7845 11428 27568 27745 1538 9838 31723 6948 21147 20545 224 28988 23729 23329
31252 30823 11804 29792 16159 19245 21330 8804 31072 30660 17093 24235 26095 2608 20082 4363 29651 430 21430 20543 4725 13651 7524 2975 17493 27633 11286 559 18940 11066 22720 10971 31026 552 1419 29185 5232 21148 20704 28720 13976 24133 32450 32304 9956 6851 3170 19010 10524 4364 8685 21160 7693 19471 22185 26984 2102 6808 31552 9550 18628 10356 24156 25648 10433 13013 16243 17013 648 23544 25573 11224 8060 25092 580 26986 7673 15670 30706 20694 29579 26939 31986 30953 24414 24029 18936 5970 24822 31458 25794 27558 1824 27441 1707 23463 11049 17207 20862 9413
27725 24201 18056 18149 32626 16587 13297 3170 10007 32208 3148 21329 26503 27906 23660 31754 19282 11269 21369 8420 19453 13463 4420 31551 13049 2491 11992 6600 1746 16406 13650 19448 22697 26009 30450 26334 1508 3168 32369 18207 16932 31962 2197 13371 32119 21291 15364 2321 31440 3022 4950 17830 10932 17279 11629 28194 7733 11864 30729 23323 9764 2618 26775 24342 29315 4206 14154 25931 17977 10892 20589 28073 4873 28316 28664 2586 4549 9852 7009 16648 10943 26242 28084 31008 17025 30561 27110 21078 16062 5969 18279 4137 22408 22122 27894 31016 2242 4689 3513 20405
14297 21783 7309 18441 25007 7006 2459 8056 25816 17854 32300 14582 15369 14695 2750 25307 15565 29703 31574 10723 11898 5870 17945 23929 19812 11632 18454 10549 3664 12938 17511 26531 13868 6601 22904 4678 6653 24424 24742 29404 6936 25528 27660 31204 13205 5573 22169 24158 9985 12599 6758 27346 11091 4982 24903 7059 7713 27666 929 29253 6676 19553 27003 8861 154 23146 471 31848 19418 11009 17474 14031 15597 1844 28842 217 14923 8422 368 31537 29315 31418 958 32554 5936 1843 18971 22272 17448 17177 11580 19297 26358 20254 20253 10795 14987 19649 5201 10872
11056 627 18327 20952 14015 2808 7085 16093 7443 5137 32617 31965 29885 28760 30725 17651 30712 107 30139 20551 7648 14156 22161 8079 21470 15880 2935 23510 27495 31383 5007 13436 4070 32260 16844 24191 22774 7630 190 6392 19669 15501 2220 23273 26389 1496 15332 3637 30613 8551 7503 31728 28080 8565 5448 19929 25524 12392 30894 18725 32406 16820 1592 9855 30180 18941 19977 11084 22522 17020 14213 26675 24185 31651 6498 16605 26357 772 6146 8441 25582 8303 15872 644 23042 11866 777 10567 15712 20870 13549 14241 17280 21472 30453 134 32018 9894 19320 15048
19508 20426 23465 31125 2791 18075 29107 3650 30148 930 22792 14150 12011 18378 6389 16522 27965 24261 15739 30944 11211 24746 8794 8400 28045 14051 29806 13979 26968 26694 23870 17274 12810 28802 3283 3623 12040 9917 5574 22174 30954 30587 20381 32549 28276 30146 13144 18058 5576 1916 26182 30636 7643 12572 26397 12860 5158 17540 4426 12485 8862 30502 27270 12266 27109 9066 28330 23280 19394 14672 19908 24956 14799 8791 20586 6813 23665 7325 22094 22796 9741 20807 8979 21683 9849 10787 27999 19821 12977 10892 25650 19213 13516 20367 7798 7841 14382 15180 10455 2296
1534 12190 9684 10849 26075 7166 13334 8118 22218 17060 3841 28825 21619 14576 7562 13054 31886 18185 25416 2026 10392 27332 1997 21881 20426 455 26678 25126 17739 24302 26369 13639 9893 20205 28191 24791 3702 20535 22346 6264 24424 543 11929 14776 15202 3901 850 10644 31488 5908 15103 11067 14657 23281 6852 5140 18304 12822 31471 257 7590 2328 22737 28902 6813 28806 15053 26725 10504 32459 6830 748 7217 2390 19005 5362 22850 30968 1556 17277 8377 15757 10925 13544 3094 9438 16318 16099 5078 6342 19913 13755 12709 2196 12782 16604 29392 433 25605 22676
3833 15235 25321 20761 22286 6800 15126 5838 4220 28391 23415 32706 4255 29116 11385 22137 11389 18002 7524 496 20661 542 7147 28379 21938 41 10754 7729 25636 950 1519 31978 32177 28197 6308 26888 32231 3095 7756 2004 10102 15827 15652 20842 4508 32488 32396 30071 2528 4372 24158 32066 15875 20069 25726 20201 16948 26270 31922 30189 18307 3036 180 21745 5784 21113 10374 9407 8869 18481 21766 25740 18585 1667 26818 8061 3735 17498 8973 11114 30630 10989 12627 17633 16298 29156 27305 11374 5011 1724 27048 10521 6612 17260 30844 5169 24342 30793 824 21064
31534 19751 1132 23935 589 15809 8186 17668 5751 13659 24613 17880 11575 3493 18667 24790 23952 29923 13717 4593 18998 32587 13452 3261 31743 26542 21870 8753 16532 17243 7521 13227 24940 11585 5544 22324 18171 11347 10356 4357 23590 22833 16380 17995 17915 1796 23503 19752 17311 29609 4201 15866 19079 17171 9477 27103 13035 18922 17331 6777 2168 27512 28586 32494 21318 3782 13791 27187 27913 28418 19415 18059 13963 19236 4281 25162 16730 14546 9383 31199 16829 7808 2638 8977 23789 6363 1724 32137 10114 20328 13170 19601 26668 31848 30395 24091 29347 11264 22076 25349
12001 30358 22475 7323 8334 14974 25733 862 700 6358 25114 19204 19412 14766 30316 26559 11728 7021 10585 30914 26283 29039 22740 15362 29974 22003 13115 28473 1389 21301 11236 16945 10985 2007 7674 15935 14615 27269 4487 18189 20873 28889 22225 6301 31179 7548 27626 26251 19864 14735 24707 147 8526 15689 11265 8274 10400 11233 10707 17489 30091 26286 12290 15423 25483 15245 29705 19070 17166 12931 12776 32482 22825 24227 18804 11957 1930 13874 17905 11774 12462 13834 994 11778 11348 21564 26912 25868 24625 1529 25386 25450 20709 23731 8124 14776 16174 32383 13219 21601
9563 32190 9167 12386 10500 21500 1194 19793 21753 1048 9128 158 12152 10149 28447 3610 163 27537 4186 10677 23856 16388 27625 18060 18787 16267 31802 22307 2105 4470 14958 25326 27367 19327 2405 5399 13442 5804 22299 10363 26112 7030 26680 21750 1631 31018 482 8672 15140 19600 26070 16855 17671 2507 21687 23487 13549 11648 2725 25864 27926 2362 27154 28975 17048 12045 18641 6792 21260 16506 4976 26682 25223 9363 15048 21899 21964 26975 8146 24158 7359 21632 29117 13561 8477 26387 12861 1292 3435 22744 21541 26607 44 20115 10296 28204 32599 20402 3132 25149
16392 16175 4177 10391 5750 23480 1665 24807 8741 2830 12440 11419 2653 29867 54 16036 24282 12199 7458 6266 28869 2012 9697 6241 14307 7753 24200 15596 6157 26804 16846 16831 6880 21651 10341 31128 29109 4397 31371 2449 21459 17661 8156 27039 3300 12887 8554 20063 20390 3918 12815 24594 8419 5332 4354 25317 28323 2339 31401 13431 10144 18780 7086 17045 26362 5742 14933 24392 2092 10554 2573 5649 14143 20981 23877 26227 20798 9933 10624 1970 10473 1487 4524 6619 941 28168 27311 26628 25300 29674 28228 8149 27898 21746 4101 8775 3008 28296 10440 20908
4548 7207 27695 240 31952 16573 23675 26654 10321 32597 12449 16933 1035 26355 24736 30685 8972 5567 19473 31813 14046 5990 12032 15887 19201 702 22778 21086 21656 6825 23143 15566 27235 30267 7195 30901 14573 29727 5415 10152 1799 32054 4853 2369 24180 23170 18324 8224 11494 8771 4688 10288 28970 95 13958 16939 18591 24071 29878 30817 28908 11416 14810 181 4594 22463 22774 24552 25600 8929 753 21018 1606 30138 28835 7309 6541 23620 29487 11437 29477 15834 24211 10317 31774 3997 637 21300 4283 1559 9569 28120 29731 2590 13768 29033 11354 29947 9707 19729
23152 22476 9600 2171 25336 21031 11732 28562 31420 15360 5146 11147 27567 9933 5634 27941 9763 31207 5262 3119 29244 11828 28962 16459 21925 27907 16602 22259 385 5687 18975 2745 23717 29096 125 24531 32260 4038 29359 10710 11114 7552 24316 7874 12398 12132 25031 6975 8610 18439 29281 31782 24588 7591 8737 12611 28890 25359 20919 27994 32081 6075 20669 5991 3847 9021 7055 24874 23634 16351 11101 9955 14592 30858 3198 31835 32584 15846 12039 2851 1281 22211 9629 9760 28946 12216 18055 13896 1322 19977 25351 25766 12209 27086 2283 9636 31230 29522 607 2441
