10
25430 18895 1685 10275 645 8752 13035 31990 2000 21308
30781 20956 4044 18311 5599 11179 895 7503 25896 8752
28692 28511 3781 4142 1747 9523 10835 1188 22865 3677
31790 22863 9700 19752 17795 4720 18522 21626 23213 27599
8939 31999 29630 14080 4971 30083 27483 28389 18629 4768
24526 9332 3236 16794 27222 10426 21875 8839 24769 6176
13448 3507 21821 10990 29852 2114 18540 28429 31871 27671
16822 20241 18953 18165 16867 2679 6484 13540 17385 810
3112 14807 16386 1100 26039 24203 25858 26164 11915 5298
31720 13235 21692 9809 10675 13468 7270 13415 887 387
