20
25525 2918 28226 19983 4856 24323 4992 12635 22084 6854 26492 22233 23479 6635 26580 22463 24952 17547 13450 2839
32062 18707 13227 10957 32018 2548 6191 20231 17749 5020 20513 13236 20484 11942 7680 31848 12603 25165 24932 27239
17656 31527 21220 14592 27170 27152 14136 5148 28362 3939 19867 23830 4528 18033 32115 12749 15625 17707 1844 27128
24191 9250 15490 32442 122 8882 918 4215 2206 31609 10722 32485 16277 23822 18936 18278 1550 23280 18600 7573
23301 27325 11624 29214 5957 16805 23034 23508 556 9757 25928 5885 9135 2520 7571 3824 30621 32755 30156 9699
26152 25456 25154 12030 9633 16869 26750 20148 27011 24181 26219 13650 691 24832 21691 26584 21766 1431 2181 2825
17924 24627 14387 25790 2284 2214 18331 1919 27640 17105 8044 23636 2785 30488 5068 32473 2726 3859 7743 8081
17034 2694 28363 24700 30299 24724 6234 24556 1530 303 23647 26004 13848 2771 22972 26082 30270 2164 8932 20367
18448 19381 32572 22388 11218 14170 23496 13983 13867 3584 12035 3750 13097 6411 21518 26683 31366 15329 8461 1
22826 18262 15567 21918 13296 8550 30637 12562 18349 5418 11188 4679 10863 24325 26630 16104 29186 18719 27517 25207
9145 27668 12946 29850 20842 26605 7293 22966 1979 10575 27550 29119 29084 3826 9500 2383 21781 853 5068 24821
19778 24240 29268 16079 26012 9515 144 15963 31353 30029 2100 21130 727 15031 5299 11798 10069 30994 25184 1558
19074 17222 18643 25296 26202 13036 9359 29390 25358 29703 994 5172 19204 14574 6924 2128 31 10893 17315 1395
22080 10445 2869 6911 14093 28497 5424 7106 13041 29283 21503 642 9059 2094 23926 1241 17004 12845 24176 18500
23395 6883 29110 28022 30972 7117 24099 26098 13441 24469 6 18392 2654 29832 25032 5119 22499 25418 18383 8773
26182 7624 13217 10275 9959 23151 8781 3461 1240 12188 2567 984 28573 851 23314 4964 816 9011 2019 4828
29001 6313 22659 15667 4059 3429 3381 22962 12514 21514 5209 10824 10076 26922 22416 5153 7573 113 25633 13945
8360 29216 29339 25523 1347 7357 4540 12453 2474 3849 30866 3639 22783 3635 17376 8492 21440 19531 8899 19519
16785 25337 13973 8306 20540 26223 10770 10147 1014 9372 17337 15712 31972 25763 30581 27132 13789 14987 15229 29666
8306 17208 9337 6954 16939 23706 3302 13162 14100 11812 19387 4047 15736 5504 15949 30060 12013 19329 10608 2001
