30
25447 7101 25470 32287 19450 28386 28597 17354 19022 23336 30042 21176 16434 2739 18256 32333 3913 1325 2281 28071 20234 7612 13319 6447 9226 32049 19074 18030 7294 7299
14026 30243 13819 17275 8142 30866 28801 24496 13340 7198 4792 18358 12361 10778 889 16019 9363 9693 23696 19314 15813 532 6849 14748 5467 16477 3849 21667 19687 12049
29989 13536 30899 14688 21337 12320 7592 32164 1898 17051 18030 7663 9452 1062 29653 32486 2244 32169 27764 26835 17893 29394 12176 16117 20317 29707 3903 16667 917 19626
13772 2929 31956 8552 6750 18585 19206 21269 10453 18941 31420 31114 8437 31332 3443 2782 28870 24260 18201 733 3642 6487 29901 7861 5137 8945 4327 243 9722 11921
26680 20910 24571 27446 9363 12034 21778 6132 24715 449 24861 7750 10367 2660 20983 9894 3284 14920 11236 23387 10626 11543 3375 19859 18130 22147 29969 12465 30566 14395
29141 24552 22393 13335 31290 25097 20840 20118 30233 24473 2929 30091 14919 16167 25275 7955 31677 23516 6039 21706 32246 2644 3846 32575 153 24492 19835 1445 12376 28381
3810 5579 7960 28744 8160 10318 1874 1938 23645 5389 24249 7089 30528 19421 31773 30023 28537 1406 21647 5935 22085 206 5062 1366 19117 8253 5057 28109 20048 31617
30638 26652 22371 14731 28171 16088 17398 18105 24075 30584 4729 15181 1083 3172 894 1566 16997 3407 2241 12173 9908 6599 9573 18619 28186 27146 9088 23289 1519 23068
17114 27520 20699 11030 17650 26467 13045 28353 31298 3009 10540 20835 13508 7743 28647 13785 17333 2485 31976 22502 23705 13096 20598 26827 5503 6905 25019 23064 21638 7771
10859 19137 22688 27914 5542 19060 16278 1851 22048 26410 11597 22478 26495 14589 30791 16075 16132 24633 32620 8204 28526 10677 3339 18999 17435 19812 27420 18928 6001 31527
3272 32076 26748 10725 28971 31624 29656 23774 9048 9467 21458 21308 31645 28489 27594 21995 1545 16858 8924 6059 12844 30346 12735 23396 12318 21154 2028 21689 7875 3080
3075 30431 28492 11954 15211 9648 8705 30304 27961 31995 16446 28811 15444 8735 14268 31384 23766 21464 31506 28754 24757 11352 2940 7831 12194 18842 20442 20049 13873 20467
23804 31657 4155 31466 4892 3447 12929 12361 13484 8444 22417 18804 23123 15827 13294 1786 26674 1573 13675 25194 26731 14109 20952 12904 28388 3483 10464 21759 27208 25389
32050 21561 1615 5947 18655 14573 832 6273 28931 32729 9908 8898 23720 25840 10652 1211 29415 30965 18309 599 17488 13641 21275 10017 25485 514 29676 7422 12609 25148
29039 23324 7990 15028 12101 16678 11960 26259 16062 29370 11836 3719 10655 1820 31302 30232 23075 24876 17801 13114 17471 17301 11343 1054 13354 30024 5915 14158 26141 2601
12429 23033 19288 9223 29319 8331 8293 16338 3726 15745 14496 25352 13683 6780 8951 15729 562 10132 3055 4876 3098 13550 231 585 25646 2705 30881 31352 460 12917
17662 30338 25228 10461 21001 20439 24939 26343 22071 15783 2345 31586 22510 21589 26095 9695 11331 6441 6709 10251 21256 32325 15075 16700 21510 23258 14006 2121 391 13211
19686 6047 17432 26482 22278 16273 21388 5234 27179 13040 324 18702 4944 25052 30638 21896 13049 30425 4876 20908 15383 10790 14199 10941 23084 24394 18467 19888 17071 16623
9188 16792 13746 20211 19185 18018 29122 4797 4585 19394 7951 28109 1555 21613 30157 13975 26346 6537 9177 6034 22745 609 13728 25740 13635 17502 1597 23104 7110 16179
31457 31786 10433 26967 3448 1178 29971 24760 27273 6920 17190 29614 9822 17575 32045 13869 19814 17212 26793 30528 21463 22065 13106 10930 10391 4581 15476 6926 28509 16711
16760 30667 9748 1443 19749 5056 14720 10428 4614 26590 19747 21786 4429 11805 14946 10405 13080 10423 2788 21875 13300 27029 29243 17631 2975 11782 2758 28891 12563 8887
22997 26503 24511 9184 24335 11522 16920 19899 13073 28543 9552 28986 31064 16796 6757 16633 10593 20208 10334 19058 29454 16099 29650 3952 16972 14787 32681 21446 9715 17428
27430 29504 7662 25639 20774 21466 5275 17902 11426 18480 1908 20750 26235 30262 8944 25910 28791 5673 21924 12463 4486 7621 7854 21813 18251 11193 6995 20230 24791 18264
6119 21048 14008 18577 10221 4687 9266 31777 2432 10255 9676 22535 22514 2447 16655 21560 20914 18575 6538 15253 13683 2827 22297 2330 31370 29201 16743 9560 26776 25295
13490 6181 21098 26096 21454 658 30749 4393 7021 29981 21638 12046 15005 30248 22993 6443 21650 19626 24935 30800 4006 25381 21270 24364 5534 22232 18284 29469 26927 1845
10595 5959 13505 14741 6980 19940 30322 9515 8901 17370 11614 31542 24692 14995 27678 16251 22105 17417 29838 1267 471 1312 16595 25281 19668 29241 7581 13670 6682 14852
14762 56 28924 21141 20108 785 3132 23739 18091 22596 20524 20877 1165 11989 27668 11845 12117 29929 10964 4690 10378 1659 14026 936 3866 13393 21750 19803 29599 14126
23388 11372 8672 25418 26282 16099 9115 12287 4891 26909 24706 26565 15515 9576 32643 5216 2604 29133 27980 31576 18568 20525 11279 16042 22536 3216 20610 30141 12740 15801
20523 21143 18428 13310 1242 10065 17847 19030 2423 24520 29097 19892 21501 17302 14426 28307 12487 5185 8581 28882 779 23473 13502 3523 28324 32488 4440 15487 20244 26861
15750 21628 8137 25097 28864 15969 14751 26422 23913 10008 2471 5589 15790 26917 9511 32671 10161 8247 24289 31454 27879 6909 16792 17117 2238 7995 5073 31901 25220 13341
