50
25460 17326 31391 30237 27940 11325 8279 5645 19532 31512 29450 21352 6686 3388 8721 3382 12881 9490 9604 23866 360 4000 7843 1737 2102 10748 6004 18397 14498 23303 26030 16486 4008 21847 13526 25568 4256 13685 31656 10538 1475 20553 24760 27798 10731 17874 21081 14397 8090 11291
21950 26261 22846 26218 20831 21317 22195 31930 22174 3639 23562 1899 11947 17647 1417 825 11941 22044 23794 8555 5890 17261 21513 26700 560 30118 18512 14303 9852 1779 29717 1743 28468 1916 28846 27557 12552 28729 11780 17981 32182 14344 846 7547 23271 16125 15647 1338 24659 1017
19619 8325 300 22654 31781 5130 1210 1729 19669 31947 29251 7681 25033 16151 29741 22808 7233 16825 30310 21328 19759 26991 1028 32631 8183 26782 10281 5430 8819 14147 22058 26782 3642 18221 7408 24580 14114 18538 10654 31759 17155 4607 23923 9743 3774 732 31475 14480 25726 28430
11841 30256 26430 27959 29904 25261 22412 6203 10298 12866 5516 6461 12400 17204 1087 3530 8468 21928 12805 7763 17955 30135 27233 22753 25559 19396 5373 9220 11724 18189 1518 24076 14689 22145 9016 31868 28513 9170 917 16316 16611 1226 27250 20238 9070 5858 17723 20675 6241 14609
3544 21167 17298 22498 13944 5850 21814 16329 653 6264 19201 27063 28951 23836 19598 30188 7206 26152 9984 18701 12698 22152 11242 32630 26926 8352 30572 10961 7093 20610 24991 3559 24483 18021 7987 19127 20174 30035 21847 14021 22902 31265 9433 18869 19075 7844 28815 23064 24847 7458
25333 7302 8996 14343 30487 6381 19911 31193 2226 2600 1589 12654 12182 23508 12396 32349 27214 14943 3821 434 23555 26977 4033 1766 8606 21552 27322 14606 557 3247 29947 14418 32392 11366 19898 9121 1076 19416 18501 27299 18311 1040 14147 31727 2317 11902 32061 9087 18987 22273
1629 11616 13570 5189 3957 8366 15254 14927 24130 9920 12848 6998 20211 29344 26881 19157 23269 15550 2311 5854 31921 9957 14389 11185 5480 7277 18638 5517 14109 691 30738 5318 30884 19910 28 30744 13978 19811 267 28987 26021 17956 1376 6071 23037 10996 9639 3578 10284 2758
3930 31912 786 1671 29442 22578 15147 25424 7583 9386 17173 3297 16714 11222 23884 7243 12569 22915 22329 14060 5187 12827 30059 22944 21636 6010 29988 25654 19395 20478 18199 31009 29939 989 26480 1392 9271 9404 30485 1281 2633 29565 31275 22257 1820 6232 24541 13910 4032 301
14168 11057 11143 31256 13850 1950 19558 13383 29549 17742 1693 12040 32046 22327 27546 14118 10707 17290 3099 28790 19373 6630 26004 7597 10601 6603 16080 6772 24541 7505 14298 15295 4354 7194 4382 2650 1084 23173 28108 3012 7138 6436 5501 3393 17402 22641 31001 9515 15940 1212
32504 24201 28539 7784 23111 17123 4567 12887 29102 13908 28886 13987 6447 23008 4668 8079 9042 26632 28760 16573 3455 16284 10634 20129 19371 4305 18690 5173 30519 24723 3274 12526 25876 22044 19719 29423 26412 1734 26748 8574 15613 13341 23119 19380 30599 12345 23824 28536 21609 23627
16119 3246 21575 30069 19309 30891 4206 9183 28110 1516 5051 7 29038 21512 15033 600 730 23524 24329 4351 22112 3110 20999 8186 6097 2540 27306 6001 1925 27069 10924 29770 26784 29888 16107 22264 9364 20011 24336 29843 18407 3327 20590 7726 15415 7667 4141 21093 25467 429
26791 3381 30859 15160 30226 18961 22755 691 24160 27697 7075 4166 16483 302 6619 4955 7733 4556 19462 10762 18135 29974 8404 27860 792 22961 12589 25237 2488 31082 30066 28852 32462 11025 24582 7069 615 18058 269 11121 4720 3873 6003 2299 17366 6174 13104 26343 5867 22425
19659 2862 27404 23440 30237 19669 21889 21815 2136 6615 24484 28303 29512 6496 28741 7738 4568 15931 25678 28046 10199 23950 6819 25832 27900 7621 30540 4675 18728 20940 8662 24073 9708 5249 758 8744 31051 14441 17776 14185 28097 24481 24119 27902 19332 20504 24534 7769 1801 22524
7438 23365 6346 22130 24257 22063 583 15498 12559 3268 9290 6770 3006 24258 19056 3306 23007 1799 4069 7927 9390 10991 367 29660 26043 29660 8366 19782 17479 26390 11426 16839 16881 28630 21357 14213 6802 20381 12634 30516 23397 26826 16671 27457 30059 5996 8543 24400 20237 3157
21363 21481 6404 24176 22378 14958 27254 18004 18766 11601 26721 14360 25513 30851 31805 20329 2888 1584 24029 16859 18495 937 29847 19325 20526 21154 21412 18864 1474 6813 21961 30777 4478 3750 7223 1172 30651 15169 29873 27531 20461 28833 27372 21768 297 7450 2363 25128 10212 11225
3180 8592 2302 15315 3820 7684 13823 17147 28466 15158 18080 29112 30043 21723 19341 27286 31762 21508 24169 8764 8371 11948 29458 31646 16048 1421 20007 29811 14899 21561 17608 30186 24069 26469 10653 7576 20654 3464 2842 4789 25822 13733 9985 15241 18699 28772 14120 26401 23132 1896
31612 16198 7878 7901 9542 5808 10869 5456 1965 26486 29805 5572 12668 5577 24177 4098 21542 19170 29731 2864 7176 31801 9582 1701 24045 29432 33 23804 15831 26543 11484 23911 13053 1609 13104 3910 3344 28223 18690 21497 24258 779 12592 23282 29065 8416 28024 7182 9888 2456
18325 19493 26960 7662 30122 32736 5741 14061 24036 28874 32035 13224 15707 6314 23795 3884 13882 5905 1272 4787 2336 5423 30831 30746 32198 7146 15478 4245 16097 4146 13076 17314 11594 18830 10106 31291 28252 30459 28552 19024 14749 17911 18067 30324 10657 32729 17766 5591 5164 4451
7046 30836 11671 12442 28091 7051 31605 5333 32203 16978 23158 29973 32649 1768 7051 16532 16142 30602 31818 17825 31815 5129 32405 15018 8112 16251 25462 23963 11358 31281 19790 7527 4931 30698 19759 483 19374 26182 24454 17883 21777 30590 7165 22368 1543 1361 7327 12895 19605 24642
24637 18808 17328 7936 11281 28940 16896 550 12450 152 17892 16420 30183 7746 25270 19837 21167 26802 4944 30004 29505 29475 5583 21888 13119 18362 13463 5319 20176 25622 8343 25290 12029 25640 16590 6686 21852 20293 6925 5595 10988 15225 14847 3992 13889 15135 13416 6550 31969 18606
14762 2363 5101 9430 18317 26050 9220 23244 27967 12082 25700 24290 16282 4492 20818 31578 25254 22601 8637 32636 19551 13827 16414 25830 9400 13427 19106 24356 26335 24731 24203 2432 10179 1860 13011 10011 9684 5547 17939 10557 1545 29304 9124 28650 25128 25327 1028 30902 3138 20586
19579 28634 11132 519 12798 22406 5654 7838 851 14713 3237 2806 24182 5840 15011 30776 21820 2587 8234 13987 17718 20406 18685 8322 26328 10327 29896 12635 22490 18915 5289 7530 9439 21126 16878 32077 5717 29186 4641 25089 17564 15687 27714 25869 14186 24645 17235 2301 5230 8702
23066 32274 8499 28383 29730 7992 7240 23888 6147 15160 12702 24714 18147 32303 3633 7592 19773 3903 22250 5889 4321 13956 1732 8630 60 8010 30767 22919 1754 2685 7602 1771 11049 1376 11731 11103 14720 30850 17979 10238 8287 8943 18966 12882 25081 21923 32697 2922 16111 836
12679 11564 32351 30736 22037 25069 30493 19988 908 31295 15936 29086 12879 5386 7905 18934 4830 11743 16159 23113 31483 25992 5734 28390 11787 14564 6386 10925 1214 6642 15502 2243 14322 7979 15010 9867 21205 15637 13164 27090 4170 15893 5774 22346 10127 27780 29897 11578 19484 8966
7944 5747 25806 14103 13984 2438 15940 29159 4822 10292 15498 2920 8098 13094 20468 23461 6578 26079 12621 13909 19378 20206 10545 9392 12491 30824 26296 29057 8297 29845 10581 15229 26434 8938 16893 467 29076 16695 12171 24324 27309 7458 23139 26101 30129 31188 13141 21827 25496 32242
14789 5334 2678 15823 11529 12729 8703 13792 27923 19496 18762 18800 20048 11243 6613 6548 25807 28387 27594 18530 2726 1507 12160 31838 9618 29633 69 14389 28637 684 21595 23214 18565 25535 28224 23261 20122 27863 29490 5274 19432 26786 19187 14641 13014 11513 11466 14427 13198 27504
32202 13677 11358 28715 25686 23760 31070 17139 13541 11697 26452 24200 7171 3065 19924 29241 10649 11904 5292 25011 8557 15741 10367 30487 13548 13634 8879 31567 2600 24870 10368 10401 13341 706 17787 11140 56 31072 17681 9651 15642 32176 20353 26497 24217 17853 19964 21356 8967 9504
23046 8180 7607 32115 15391 27566 19134 4873 15779 22420 4087 6620 20975 7071 20298 3783 23237 18840 28205 12534 3058 12843 30314 12186 12845 8253 13347 24545 24899 24191 29972 3877 19825 15171 19737 17764 21521 32399 1008 3056 30586 1648 4159 3175 21025 32145 17369 7142 17668 24588
3389 1658 25928 17024 29280 11991 27936 3940 10412 22093 13298 11931 28232 8439 29109 19272 2202 10806 20894 11235 3082 15709 6139 20621 20745 1710 24415 19360 14930 20614 12543 2187 12400 8404 31836 29917 30337 19151 12834 16287 15417 18665 1616 8935 4394 29438 7578 27562 7490 25810
10764 13266 17045 10426 15087 656 3164 31385 17392 18164 3902 14094 8063 24763 7887 19180 4214 11112 31831 14059 1787 16278 25300 31645 11431 24204 5186 419 31720 15378 19481 21024 26275 6787 15128 13166 20510 27940 28737 32272 24094 29876 21285 15848 25932 2628 4961 29610 29917 3145
12649 2705 17778 8688 1156 22097 3901 18609 25112 11596 2918 24615 18984 29448 9389 10271 15643 9953 6992 25839 7871 19195 8239 7689 19085 14203 11054 10959 15663 11767 4315 425 30527 16682 6993 32085 32082 25837 10844 3199 6453 14947 7901 32658 16502 27763 5488 26829 17446 12411
13389 17049 11742 16194 4204 20506 28160 23087 28141 27652 16191 12473 24502 14768 25442 14879 2654 27759 7492 22361 3658 6430 3104 20814 23829 17914 19467 1863 32309 11446 32706 24996 1756 25291 10150 23758 18717 23568 27141 16492 32336 31626 12443 22234 28855 9861 16217 14550 26722 3555
10341 381 24399 8629 16737 32375 16598 25352 32240 12398 14404 2049 21366 12228 21191 9773 2592 18821 30858 22290 7973 26778 288 2826 7243 8000 26406 32337 2220 25785 24356 1116 22202 23361 21941 7532 29569 12868 6376 2660 23340 30926 12517 21207 22219 29763 11220 29030 18259 20304
24826 6729 8678 13601 28453 20523 341 11477 31307 15163 28900 18735 27758 30336 21581 142 15810 18284 4359 16671 2066 29621 23751 5457 26976 10592 21832 27785 31180 11551 17736 23576 22711 17116 15059 27754 5415 1174 21187 18047 30061 7020 23944 21919 25094 3831 16677 12618 30656 7901
15483 25455 1309 23203 28618 24286 30460 27587 20085 14846 30838 17919 24069 451 18951 12788 26225 14555 5102 26098 30621 22312 14294 8459 26656 23923 26037 31850 12618 20831 30709 26343 19558 13723 23250 32472 30012 21084 771 15913 30170 25099 14236 11439 24468 30266 13107 3257 21834 10461
24641 13800 19177 28087 13516 4673 24116 6162 28995 29057 11461 26803 18090 9904 19278 14349 10230 9209 16933 4277 19131 2233 13056 19990 6916 21974 3069 4966 9858 15442 27621 11993 17130 14880 7089 15636 29592 31030 16717 8420 21112 9443 12189 9008 38 10595 30654 20268 24404 4529
8078 24272 8045 30620 8558 19337 23159 14877 6470 22318 19006 28136 17098 8501 22703 15425 11516 7207 3970 9233 18162 30545 11036 20793 10714 20669 21683 32294 17467 17248 18355 5029 19070 9621 26208 31481 4268 3018 445 22060 12665 25465 22701 4770 9858 14939 4697 2548 13779 1496
14289 9467 22700 32449 28918 13610 32645 25921 2199 30753 22351 16657 31706 31104 29693 29164 6366 18169 1091 9283 28830 10922 29341 32305 8217 24489 6036 6321 13488 29920 24893 6415 12239 21019 5122 32412 28111 4959 2212 30886 29723 11902 2945 22695 27282 5864 16659 29885 17453 21444
13242 3674 23266 15423 28347 4413 712 20004 19080 16033 22651 21166 20034 6324 20162 17818 19068 8778 16239 12927 4418 18131 903 31842 28505 32394 22179 17285 19145 752 2454 23937 2713 10105 18512 5012 11226 10885 30467 6972 10215 4753 27268 32005 4074 27567 32755 23967 418 31027
22430 23859 22884 12208 14115 247 17760 2851 22229 23297 7718 5485 7777 25689 10345 12551 5298 15697 9218 31729 1809 18457 19511 24299 11153 20878 11582 7400 17066 15443 29437 30400 31780 25123 5396 14117 9014 8037 1053 15064 22000 15617 15410 18716 19414 11379 24752 20588 28622 18974
17723 23401 20796 6626 2051 21014 12395 12784 8517 23367 10799 18397 3092 29271 18120 5110 27737 1306 28682 32468 22041 11794 4795 19760 6646 24294 28477 15864 15097 3855 23916 20129 29070 17109 1994 6592 24528 32378 25050 980 23303 31157 24009 10854 28271 10082 9555 18773 31548 25975
23013 2667 6618 26938 8191 29491 8313 15281 31197 25871 29385 23130 13654 25477 32514 20509 28932 5338 3112 23167 31909 12514 15757 28440 6337 21014 28567 13639 22926 23783 20931 18468 12560 29010 25066 21686 25732 6837 11460 26727 28927 12769 30634 948 9043 9584 14240 17705 26418 7257
31122 16525 4502 9921 8158 22106 10847 28948 6419 8048 31038 11605 29688 16649 22995 9906 29905 15600 6930 13148 4061 4590 28139 30869 27939 16517 10026 13579 22895 2017 22684 1380 18583 28428 1395 22298 19714 28257 30187 32137 10347 19779 28206 7494 23011 2063 19573 25011 19733 21070
21105 12496 3790 2352 7657 20820 10941 10806 5284 14077 5751 8750 18313 26916 19901 2148 4357 14228 1026 6679 29357 12700 3880 2602 30245 4963 28555 31004 5440 7548 6464 10554 28008 2746 25247 17171 16961 6214 15358 15917 5001 21486 5312 16886 19011 9408 4495 4861 16660 16856
30693 24674 11245 2934 29393 1420 8938 31316 5368 5145 21626 6454 15322 14875 8897 15554 14422 22657 12346 28050 24688 24019 8097 14472 28243 14627 2832 22881 20626 31040 30312 29581 20403 27692 16626 19774 11502 21200 23110 16576 7730 31983 15980 22536 19305 24921 32066 18063 12541 1633
20765 13665 2971 20112 2227 5488 12599 32155 18489 27695 31568 2451 26056 20060 9845 3164 25861 32029 19208 26976 22017 22863 21314 31620 7006 8475 4727 24412 23476 11210 24987 11674 8754 6106 25862 14797 29321 8017 24436 10568 21509 1617 13904 30303 6141 22509 2866 13274 24430 25915
3750 9379 9187 15018 28719 31682 18328 32662 3979 22667 28894 29722 21305 21270 13505 294 18489 11504 21737 3793 28435 31248 5310 5360 23066 22029 27088 6631 242 31118 2933 5055 27984 17409 9652 24441 9473 3472 13153 17058 29998 21840 17290 11048 734 8124 11794 8556 17596 6499
31644 8344 18971 20957 1194 18739 29495 8963 3078 8691 32445 6240 22626 23250 4238 27362 4411 18019 5568 25813 25347 32103 10726 16914 11902 24732 24978 24692 18285 27861 7704 21644 1642 5455 20116 13974 12819 6211 16942 15275 874 440 28572 28472 18812 20635 21993 8366 28737 29201
23157 22907 28356 1804 18494 28474 24707 10269 21597 1574 19993 7049 19412 6101 26906 12702 20102 21027 16191 15175 15239 25196 10435 20191 12950 254 30220 20291 20200 20685 8334 26923 32552 26473 749 31418 7867 4398 23649 6483 13384 9658 9055 10671 31096 165 27510 15916 4090 29292
25207 12136 1995 15789 10456 8975 6836 29850 2394 29937 16660 19112 21482 13912 991 11911 24517 14232 12263 16471 30944 20455 20058 30745 15495 22383 1676 4195 10564 1954 19703 2392 26114 13774 897 22488 1138 7153 28413 5364 17070 9166 9715 16805 4125 26688 23716 29373 22934 24783
