70
25476 5532 22408 19481 13977 30958 23841 23777 3786 771 28710 21572 19076 20584 21377 24536 15899 3312 18758 10417 24669 15868 17381 4042 9581 506 14243 2471 31695 26924 8267 23865 8127 19371 3872 18946 14535 16555 21783 22906 30096 6912 7491 24496 6649 3810 2961 28468 13158 25837 13237 17461 26458 24171 31844 27367 4169 11990 17092 9511 7335 11929 21025 21346 25669 11031 993 25779 26589 30702
7098 4683 12012 9597 13346 27158 14271 164 20231 27804 11729 16330 24257 16933 23124 293 23365 19232 782 32309 14235 4037 11110 6290 19346 21242 27583 9192 1458 19571 21252 4416 31090 19998 1668 24449 7595 22718 5121 30006 20301 25557 10755 18321 27729 23752 10866 29360 6894 8510 19300 10016 4368 30921 14900 4256 28678 20936 29908 6695 2170 17804 19812 13096 6823 10169 19459 31252 26310 9455
25317 28705 8649 13482 10405 6730 8780 25191 3293 13206 22985 12809 15093 21662 28171 9082 7992 13385 1765 6549 16941 26075 9251 10308 28196 14382 4033 3557 21263 6718 16475 23539 7315 10476 16357 4834 11871 18939 27292 13642 31421 30815 6716 5704 10086 9655 4468 26402 29851 21784 15255 18473 6769 21260 5268 24804 4205 11994 19752 17258 29520 22792 32594 7952 32052 2847 1800 1604 17368 23726
21288 19385 12601 10641 17073 15045 27234 11635 25139 12039 6276 30866 7556 20300 18505 8642 14773 28595 21350 22965 11076 24336 2160 17273 7315 9103 1264 13890 14489 27290 30137 19562 3544 12284 12665 25526 7567 24646 24975 29403 27440 31345 11548 22593 8212 29894 6749 1542 5998 26875 6712 12102 26238 19359 29204 23194 13575 12984 30702 32222 31234 28586 21673 1848 28820 90 16550 30549 22846 7060
28309 28918 23380 23722 6283 25004 6832 21086 25428 10207 21927 29954 3082 23061 7996 18398 5094 4977 2452 10706 24151 27002 21674 6461 30033 28447 30020 28445 26600 26871 2086 21879 30493 5837 1413 31993 1272 13915 18622 21982 31191 9046 16456 20498 5125 14507 23015 26262 21902 22281 32547 31271 1106 13471 13817 16154 28761 23079 14800 17035 29798 28963 8367 19126 25807 18278 24748 5797 24715 11223
18856 16652 14477 2162 18233 19057 24912 23951 32488 3727 8884 615 7837 10493 31240 20180 28503 3339 25192 4696 32 21741 30537 31841 32065 3099 9554 22987 1970 30967 23918 19367 8404 10672 32287 23355 32354 18535 26389 3913 23205 31377 27391 26261 5352 20381 5025 23457 13868 726 27686 21947 11805 5258 17848 11065 23620 32364 10831 6404 14717 1847 29126 21331 13740 31124 11572 5049 7596 16958
23673 18530 7560 14692 8727 18586 13038 6991 26948 12942 9184 29764 12861 22103 19885 940 30940 21044 24608 23154 26989 17431 22775 14509 22462 13412 21398 28287 11381 7669 253 17468 15526 14177 23544 11727 16293 24958 28053 19802 22297 24356 13787 2333 23890 14900 3257 14489 28125 31193 3901 11509 23637 3598 27911 6304 3451 5217 10748 6712 26249 23030 10303 28331 18116 16078 3677 3740 16209 24137
24007 15112 32073 8426 19846 15657 6672 7003 15658 23962 17890 24241 21507 22205 174 7664 8340 18010 21800 19666 19525 25224 18970 7108 14168 30161 32250 30002 4382 26257 8386 24580 16491 19871 16380 27497 12359 24623 6428 2003 21734 12535 26131 28995 31963 3217 22561 3782 17032 29985 13547 27455 12761 311 18893 11112 30258 8695 10609 9492 9381 5239 26529 31671 30313 616 18265 26151 1927 5625
3873 420 28119 1272 30617 22039 15403 22330 26710 28567 17866 27710 30444 12593 13856 1037 23628 17641 20659 20324 21585 19708 27993 19221 7061 14952 1193 27307 32649 27822 24751 22093 13509 32471 17892 16357 26524 26037 10332 4993 15092 17259 16706 1785 10580 5168 6274 19666 31807 6223 22213 28258 19905 8050 29602 4405 18503 6433 5138 11184 6324 3718 11557 27892 18096 26995 16116 23557 26435 11430
15319 29228 23972 331 28632 13465 7755 15810 31847 4429 10317 18851 15439 823 10473 767 9192 16797 32094 2281 29070 32446 1792 3893 16979 31158 1419 8064 24305 26529 27575 27505 21763 30723 25101 5181 12404 30824 27640 2929 26935 23367 25375 28908 22840 9772 15602 4650 20115 2838 20099 28361 3589 12574 664 26181 22943 28762 13822 29447 20418 1281 11808 5790 13895 32208 24024 23372 1534 27052
27780 3780 19034 2184 13149 6706 10602 905 9476 7036 10251 28776 21342 9159 32349 9241 1954 16190 4211 6314 8368 10766 24399 27245 11173 22197 1549 12377 27308 10621 5982 13230 15895 3395 28472 19160 9134 17789 19660 23446 16454 8572 18617 18523 10134 29934 31615 19701 22087 31142 26678 3692 4682 32416 32640 25133 9582 2111 20156 4199 9778 17882 12156 5558 17111 119 2873 10239 17082 26326
1862 667 12769 23218 11523 15799 27348 9027 25171 13562 29358 10503 18000 16745 23411 7874 17981 19080 8356 15300 32443 29378 12817 27498 15680 25355 8431 5607 13766 31172 9002 26180 16576 24799 24829 12710 13650 20291 16575 25552 13249 31090 9472 5352 29737 30057 20692 11390 28014 5576 26223 13770 26740 50 13298 18741 21395 759 17029 12060 27205 28144 23462 8144 1314 29355 30912 17633 9743 20424
20736 24476 5298 19363 31076 14546 7977 16948 19221 15835 21243 18995 1014 28379 16974 13695 21885 580 10587 28864 21954 24988 2080 1611 1749 25473 1108 18503 26709 26346 10144 26126 18238 13231 19980 28886 16387 17484 22712 5009 9949 23778 30924 530 19042 4990 9905 25456 17497 11678 6530 15279 19661 30449 21181 6301 17248 30047 4671 1531 25314 7753 18031 3293 21282 28946 19641 16980 3332 6878
5694 10569 17620 1945 1225 27564 20186 1084 5125 11983 12847 22091 8942 1804 24015 27810 29062 20142 13294 3442 9929 25615 24464 9607 29410 4861 10324 7372 8607 11618 14480 21520 12579 5924 2467 12298 16603 18763 27271 21915 27827 4194 21670 31572 26761 2591 751 29752 28641 9798 32552 22467 24027 11978 6534 27435 355 6965 32379 12261 424 13131 24271 15211 26319 17642 24050 15421 6888 28981
14993 20517 30497 21746 25959 4032 12601 4143 31318 29498 15672 28972 20406 29785 30558 18037 4077 4541 10841 7247 4415 5990 17851 26965 24552 20598 22698 28259 11880 1592 9433 19891 8223 28770 23992 7494 8729 31383 26600 30854 17963 816 11506 21801 21567 30524 22328 8024 1516 28613 2604 24849 8266 13398 27327 30922 24580 18105 3101 9047 27566 23557 5271 23821 16473 26329 12000 24104 19557 5858
7037 13930 11415 29091 30327 19461 16235 26741 1363 16827 684 4044 8515 2116 28481 23485 4510 7920 18250 1469 27278 18317 2668 32684 17417 12683 1128 6162 23810 24670 10739 13224 32480 20772 14274 16410 13615 9096 18404 17419 11669 18918 20820 12377 21512 1200 17871 22179 32575 11536 16867 10505 16742 4814 841 10035 12566 29045 6516 7317 16004 16561 1130 5105 26873 25596 13779 9245 26754 32121
10319 31238 8168 26656 269 17397 27362 7452 28570 25105 7306 2161 16374 38 16910 4322 21229 31908 32168 22290 28836 16619 3536 28649 10611 28357 21680 7737 14578 1844 29656 20386 8023 28271 20531 24755 25855 28967 4665 27729 15434 12046 30311 10845 30124 3738 492 8593 31233 7686 28582 12459 16161 1435 26956 13006 27317 28461 24813 17189 5961 1768 7833 25545 28578 31053 22110 3045 5201 4727
23158 24856 32648 25251 15806 8218 23341 3055 31338 30883 32045 7522 28919 24712 32275 7981 21346 8743 7641 13360 20632 10758 27389 29888 5165 22455 24536 26280 28240 22015 27180 13933 14335 15927 4348 5591 18295 2801 11424 25516 2287 7647 25880 191 3973 23793 27297 30249 12921 10942 7302 20695 2713 15909 4665 22085 25596 7476 15010 30344 30707 16200 1463 8082 829 6774 19533 21938 3194 8234
27181 13658 28386 27918 15979 16933 32055 12334 1523 10008 20728 3417 17509 19497 6616 32458 12067 25853 367 31240 20136 23798 30510 23562 18971 17517 30872 24735 4387 9020 10671 10509 22526 21632 20909 5624 6605 20381 4085 30854 5426 642 23881 24257 30493 8494 11581 32573 10211 3698 17388 2042 28305 16889 5097 21643 24191 20359 14457 20344 17192 29566 24575 738 32312 18598 15031 7269 3047 2861
16807 26691 8582 3309 27091 1982 6743 16110 6065 26309 9890 29740 26332 13523 28933 16794 6668 25877 11788 8038 18246 31179 18946 12159 5200 7920 10502 19797 5992 22557 11617 19168 12341 17835 30742 32483 27902 17688 6075 2162 20506 28843 6536 27570 2472 16987 12462 27616 31104 24046 26601 18068 3433 18014 4441 13383 20364 640 26766 21011 14632 29927 6882 22715 7560 27399 10763 17643 16690 10134
23792 21697 29026 27704 12988 32395 12214 18010 3121 17619 17963 9054 32576 2969 22344 28665 2262 21215 16025 18138 4344 31339 21855 29325 29970 29384 28550 18078 3212 32654 9431 5121 23455 28387 14959 15537 26727 27202 16496 10904 26169 17531 14326 11695 11062 26875 21837 1382 9248 20558 12897 6470 14957 7650 1397 9429 24730 19214 12312 23226 14530 850 14933 17185 2415 5601 3627 22881 29872 8284
1853 11484 9580 22241 10953 2343 26357 3396 7134 26988 23264 26012 8138 15116 16661 18434 18130 13192 1570 1941 3367 15777 3029 22722 2069 16830 24585 31938 29564 19855 21952 18019 13188 24304 13426 23564 7821 22032 29093 23291 9061 21202 10430 16338 8126 371 17687 14418 31455 6766 4689 16998 22681 6556 9964 15459 30845 28832 23828 19086 5452 14466 19902 13791 22703 9882 500 10244 14120 18608
20077 26793 18505 19553 3425 32759 28452 21956 10907 25178 26370 10574 13776 2440 2136 11507 28463 7871 23030 1166 569 6733 17026 19843 25299 31830 28197 15779 154 722 15492 10576 17526 213 19186 13537 3186 15123 28387 13640 6603 28067 13476 1009 9542 24323 13898 18926 3527 9309 24297 1618 21792 31496 28166 21466 24359 23378 20302 12755 9995 10365 6792 21559 24296 8711 20424 16154 11672 31279
9189 12612 32461 13748 28974 8736 6492 14560 8281 22229 28636 9669 7612 21170 24432 28615 11968 9935 20705 18522 15250 25841 28656 18701 24859 14767 27882 32456 24371 29139 31868 14929 14097 28419 2505 18965 3590 20385 20154 294 10348 19951 18069 12160 4313 6775 11986 28560 16280 13738 2602 27895 22105 3271 23024 2187 17447 24062 420 32158 26011 10198 2246 27780 30031 10188 12008 28239 24726 11324
1543 5597 21610 15749 1819 533 5798 25193 21741 25965 32630 946 8489 9903 9995 13083 26548 32510 7059 22893 29759 14612 13160 4073 26141 30157 20359 10470 9809 6633 8773 11195 1004 18701 20029 18399 27286 4620 29069 847 26474 12389 28994 10288 28679 1805 6416 13750 8163 14446 25415 22596 24547 32687 32002 11477 11305 12086 23201 21402 27694 30827 28794 5604 4368 24767 25548 9029 28205 2030
18420 10738 32752 9088 15332 20076 5355 21398 31696 18016 3366 13539 15146 6859 9143 21497 23249 21857 30355 26054 20358 7472 16548 26974 19615 1665 31260 5883 1791 6655 21256 16449 9285 22299 15400 1479 10820 13742 29182 1492 692 27360 15909 26726 26406 30026 25316 27769 18750 13399 25859 23173 2844 3824 10205 73 7195 27992 4023 6599 19902 2644 7760 19344 29927 24464 15801 4673 11082 12606
11623 19278 17698 32000 17799 15102 20258 20488 1169 13239 10415 18557 6944 17020 3660 17953 27137 1204 10326 3634 9866 2861 29169 26254 6445 28256 3138 27674 10829 30711 20959 10339 12623 1420 16003 10886 14837 2228 32519 10062 13287 18492 15757 25757 16531 18098 32255 29709 4919 29223 7864 214 5948 308 20864 13555 20678 8507 8382 31104 11145 23023 21737 5735 11230 18967 20032 30011 13846 8591
9915 2916 24590 31887 12353 12157 259 1071 8987 24058 29608 30763 4265 12558 15990 1508 28243 4044 5700 4264 19651 22668 28439 20275 3921 2704 3899 25206 14271 13031 22675 18839 6695 8338 15405 22328 3377 9190 3097 3068 27273 23857 8060 31303 29585 24224 31968 5958 28243 9568 32462 7472 3769 11780 9887 25291 0 10279 4495 19505 8810 3410 17427 14548 20787 7968 16237 4800 17607 4255
5501 25376 25906 24314 28378 4100 8408 7509 14113 10081 7014 14329 25485 23385 18696 29361 1992 5053 18909 9843 11521 14545 6568 579 7999 6991 26568 21333 9461 7598 11114 6258 21718 675 18429 25756 32234 1257 21990 21749 21986 7230 25461 7645 25001 5038 16920 29531 19515 21779 13263 20670 8122 3549 3296 25476 5311 4367 7628 7546 27630 6794 31105 12837 1485 22414 27601 865 11478 22654
13347 16712 17866 20451 22633 16725 23113 17076 9298 20681 12704 3541 10432 1614 27618 25821 20348 22235 21306 11804 22313 29143 22399 24541 19318 10369 26633 17128 19864 25743 8131 15947 16632 29205 30594 4186 12328 8361 29333 6389 32284 32709 31134 6409 14231 14957 22432 2905 6371 22033 3416 31359 7109 22708 28369 30765 8624 6734 16179 6585 3641 17775 16091 7641 26059 19238 24497 8107 17564 20001
5046 31480 16863 18709 27101 17849 4924 29793 27932 730 1149 12014 31170 29247 6026 28249 32011 8709 24727 31316 21234 9482 29340 30537 13894 4783 28677 1089 30464 13276 5035 28677 27348 325 17924 18818 19462 22252 4758 20338 31359 231 4530 825 21280 1380 6750 25357 4438 20458 20627 3930 28399 8674 25513 24421 30252 27733 4367 10543 14871 30455 16191 16540 26902 30821 17649 29140 28097 939
12431 31466 4593 28425 9194 18620 22553 6135 6187 31514 32474 10342 7692 29738 25297 16713 28232 30474 12980 11860 24143 6584 10653 1795 3391 3631 17317 24799 23824 1747 8373 30461 3086 14863 2457 27335 653 18749 19286 510 10456 3782 23742 1536 22890 6026 577 10311 17249 19330 25606 4147 20783 2467 19003 30217 26515 15110 29609 28475 4296 8519 14987 20458 26620 25643 31648 17833 22787 8837
29567 3972 2125 2650 1579 30529 30485 15427 9447 28645 14300 32275 17995 32122 18198 186 9368 18960 23587 15721 13897 3074 18048 11767 5354 8570 11071 25732 17965 1335 14004 18012 6971 142 5746 28189 6728 16047 20342 31005 9834 9514 17569 17414 22955 5554 364 23235 17757 32032 7383 8096 3245 21435 18594 28076 3451 29366 24768 14946 2921 25338 3849 31369 4402 2342 22319 20057 31806 21204
7923 14559 26227 18719 1688 26275 25165 11362 9624 18311 15665 32065 32663 32754 15358 5870 17813 29998 1510 16037 14183 30991 12668 19577 14696 22742 10253 20819 29292 21332 21300 24120 1525 14931 18601 20682 16042 17201 26714 18706 15620 19150 8381 11388 32331 4265 19812 23075 20417 11589 25554 29775 541 18386 25229 25404 28986 20233 13940 29982 13329 14680 2643 16225 2277 4159 13493 9525 20925 19194
14329 10058 13591 15456 2216 24792 14043 6155 3590 21987 23950 21177 4327 30397 14280 25074 3268 31948 21992 7915 5902 1165 3078 20651 20674 2265 4137 8556 5694 9064 18618 836 24915 13971 24377 18436 4507 25694 27439 28769 3853 30389 18788 30289 31438 7414 29521 5816 25162 8880 27352 24132 10372 939 3635 32149 6570 296 26667 10402 23789 7273 20618 1368 14480 6772 28882 28036 23614 29973
303 2034 9632 23842 20907 31958 4911 12802 29601 18796 22855 4720 6004 30428 19837 27261 29312 14432 7219 8916 16721 13480 31850 21826 14867 32382 21975 10870 842 166 3384 17669 708 24840 27368 23985 6347 7953 20401 29930 7071 29014 11234 15765 10019 9850 27810 9485 5334 3410 21380 7271 12293 10312 27740 1787 31295 12285 5456 29215 5130 10547 19762 31286 7636 4585 15373 234 9516 27079
10749 6325 29234 6589 22596 18854 18764 32488 28827 4962 29979 7349 32454 20585 11438 14920 10347 24218 10741 28447 5924 12538 1144 25330 18643 11953 9288 17630 14902 853 24886 15811 8123 17515 8772 25067 8341 4139 4441 26092 18447 2436 14137 6863 8480 21856 5043 30065 12352 32041 1565 9514 16251 23180 6653 32173 12484 28797 3081 14383 19083 21883 6994 20428 12946 4885 31420 32038 2812 7853
30385 5455 26023 20348 8982 20457 443 30166 9598 14475 1923 30639 28574 20327 13948 5727 32258 7466 14764 16802 28414 15908 5685 7139 1510 10409 26666 5050 28289 12983 24993 14003 21692 6872 16394 8529 9372 6218 11199 12370 1654 13918 13788 22325 27490 32542 26704 16378 15853 14642 7220 6185 2830 15621 2652 12053 14172 9507 18988 18786 5245 24038 12973 19909 27362 22609 20960 12043 19377 25660
28243 14173 16131 30129 18161 6338 8784 22935 1310 26341 19239 7565 5380 24089 16931 12057 22567 7066 10778 30210 26176 11029 10135 28154 20552 3435 23691 896 6611 7347 19519 14341 23711 29054 15245 20814 19053 11614 24912 6169 271 20137 31513 27139 25795 29050 6692 8873 29887 8697 15498 8206 19981 9180 1719 26173 20633 21294 12575 9775 6793 591 32301 11246 19916 31037 19580 30715 21494 31249
6474 2029 5195 28365 1834 4700 20505 9300 15608 14845 6476 14010 12562 31758 5948 4798 13509 24053 3529 12437 21510 7716 23210 27626 23907 27711 23810 7458 9785 27777 31540 22500 24358 2652 15097 29401 3265 24159 8112 15536 30857 11101 17141 614 11804 14028 23412 19140 22698 107 9727 27433 5288 7464 25823 22921 2505 14656 26984 24502 24874 1448 23505 5086 27596 5292 13634 14933 3400 27094
8237 29845 16062 16657 13026 24964 15887 20750 14430 4853 15692 3303 31588 31856 9838 10498 18384 16182 18247 26425 5671 30592 31160 28215 5490 28424 7205 12325 1869 22730 28198 9351 8763 31244 9599 22880 28220 25756 20307 8093 20386 9817 20884 22192 13344 4596 8382 7036 5668 1272 32197 24177 19046 20232 20555 9464 19393 7784 28951 31249 31043 5568 30915 21050 31360 28444 26292 26260 15915 20534
13392 19265 18151 13304 10346 17680 14938 3389 32513 8796 26243 1752 14635 6961 12622 1239 10572 31921 9830 19209 3979 9142 5963 27837 23175 2745 420 27085 24645 28403 12246 7387 9070 20673 18389 24283 30903 21325 15419 977 8352 16235 21399 5340 10593 11713 14855 27508 11553 7211 20745 4592 16490 29278 12686 3403 9434 14795 5200 29735 5147 3270 5222 30482 14101 231 21 15881 7521 4272
11242 16186 18689 18545 31749 29454 8783 14953 6072 2407 26676 32302 31569 1063 28826 16207 23603 23281 19748 7991 4908 3123 10268 28244 258 16228 28077 121 8527 23690 5458 8321 16271 15616 8078 26422 632 22902 7134 31089 16778 6457 19180 29058 22758 9909 12549 30673 28515 27960 11469 20166 25311 9208 26161 21991 20179 2648 10654 18496 24874 14695 880 14856 29012 11945 12206 6529 3478 29723
12788 14112 29348 2417 10672 6382 8561 29346 13969 7470 1862 4006 317 12352 27666 8574 15427 6597 6913 8310 12624 9476 31055 18343 11941 10381 32607 31167 26824 12571 18439 25349 9338 21439 10798 31895 15594 27451 4250 21750 23080 17580 1027 16837 27612 32621 7020 24270 15416 9271 18099 32326 12075 14221 10086 28242 472 19287 27608 14282 7750 21453 24692 14908 22361 17302 11090 18740 8449 13105
26120 11962 6321 6037 2499 14109 29203 19476 24982 10735 7162 29573 30481 21585 12696 29858 11542 2161 3057 5551 31976 13904 1935 31581 2437 457 21111 3821 32054 31183 22109 3992 25956 21750 4884 21295 173 22324 32072 31231 13111 17641 13679 6647 5444 1822 11005 9485 20487 25866 32727 3805 15543 30427 16395 30099 31201 13747 16830 21004 27394 19696 16742 29496 22101 4272 3641 18627 5354 15764
23268 16628 2296 26053 1665 15829 20084 12085 29123 26004 23010 18216 13428 21033 31084 12018 18210 25657 27697 17922 29973 15674 991 13599 10884 9433 1156 7922 29448 23960 13985 14789 15440 11452 24449 13962 12567 6502 5064 6431 16467 9984 6223 26064 9391 3802 17711 18462 60 15637 7964 5822 24675 5313 6901 22757 15903 16194 16280 12483 20073 2808 6651 20301 14067 7455 14201 21824 31512 31475
6761 17763 13587 11800 23797 27660 28528 2106 30250 24549 12993 18929 21835 32752 7058 12519 18283 4809 3231 12604 23354 27436 20804 24105 14112 13750 17460 17892 5512 21488 20078 17604 23423 26761 21101 5030 32125 30947 22431 5519 9858 18386 2585 10387 21861 19872 25225 32245 25705 29012 2668 15759 12050 26419 20609 30836 18999 22664 16765 11989 599 14497 14592 27937 5169 27418 32456 17520 21390 8030
17445 8738 13410 1386 5548 19139 27155 16340 5424 31794 4377 14092 4078 31491 5831 12771 17672 3873 21352 22345 28725 13240 2702 32091 27830 32338 17831 27037 1164 320 15569 26243 16360 11579 16880 21047 18659 30283 25085 2710 14191 16360 12449 23163 22925 21599 29186 19521 19393 27512 5853 1411 30147 1110 16085 4134 16248 5790 13578 13466 4640 24284 6894 18780 31185 18978 13652 7104 31524 17650
4042 21997 28974 29021 27177 1577 1970 2157 9322 11095 9620 27329 7355 27325 23441 9335 13266 21259 11054 26703 27522 20633 14830 17932 21388 14065 17608 8222 14519 909 26584 9343 18979 15842 3669 19675 10458 6301 7875 10739 5544 14380 14186 32323 12589 17024 3846 27618 560 7185 19904 14763 13878 30243 29277 29594 20563 4680 6070 27256 14913 24359 11880 22203 27567 21115 32460 8872 7131 9311
1834 8122 12643 20424 2601 11079 25689 31827 24970 1633 18069 13633 26902 25851 9807 4543 5589 30796 32493 12907 3457 30841 27673 14357 21050 29038 21271 6082 22139 22284 13909 28663 3405 9354 26436 17204 19131 2837 2663 15294 2181 29626 8618 23713 25369 22662 4340 17398 25278 14572 20735 25186 25875 11622 17512 19423 15032 24159 25346 1471 19787 25169 12144 30190 24982 18219 10995 22391 18950 19189
15232 22601 7519 1974 14358 17468 17839 5782 3918 24911 31617 28224 15412 24883 338 138 32085 3086 13129 23384 537 2169 16162 20669 595 25802 6252 27236 29719 17817 31988 11311 21452 23933 7553 27165 12929 4631 16065 13681 32389 29266 26244 9489 14897 25064 26920 32044 5385 7721 27476 31263 6916 32760 11242 17050 28199 7958 10806 17662 15960 15011 31852 1034 29554 2785 27217 5815 15765 24636
8248 24416 32704 13191 3632 15910 18593 2953 18300 17043 19883 23480 30275 8318 7274 16452 14217 27694 30227 15191 29534 25026 2400 22428 1365 15311 32410 21502 18744 23884 2551 15538 24570 21163 30759 5495 16621 28233 26922 31004 27445 1032 11620 21059 19325 2106 30963 4454 10729 5570 24896 1047 13387 8053 22740 12684 30873 20679 7534 24666 25503 24995 19538 10625 6129 24986 4323 15529 12580 15936
8564 14763 18237 2259 32348 17235 18026 16158 10056 12133 28400 7069 15062 30685 4453 12514 13407 20859 23327 21559 15379 2943 18156 7045 15692 7346 1539 29301 14108 421 30011 2772 31528 20541 29307 11324 20154 9327 9842 9969 8721 19017 5768 28169 20988 18738 4884 7376 10151 13426 21967 27498 2740 25845 25737 22202 6541 75 3098 32643 7161 28916 1948 1229 1006 13275 10199 23947 28839 7968
3837 30074 26613 1562 21656 4428 14810 24221 9664 15878 16980 19320 13713 20391 32119 12354 4572 13066 8638 12887 12317 5901 13475 19229 18093 12531 19821 20364 17977 8199 31306 4333 1907 13442 31645 31457 263 7599 18841 21158 6609 17229 6159 31638 27469 20021 19588 25840 2127 9277 6791 1243 7156 23387 14914 1192 29912 26638 27982 600 20617 2809 17868 2910 31548 16849 25521 13478 6079 16250
7265 29653 9135 12141 16512 7635 3051 18525 29700 11911 25928 29210 19599 15841 7559 693 10749 17950 14468 22245 32056 8007 28079 18857 29012 21499 14784 20271 10968 13167 14503 14069 4441 17587 23490 22830 22350 32567 20563 13159 13343 27789 10801 14442 1151 6000 9918 22371 17660 27654 7192 32321 6868 28002 26772 7007 24331 25677 30312 25188 24506 27462 10151 22632 19370 31687 15987 27480 31777 24778
5486 6299 4348 12940 15473 26357 4862 16273 19841 14252 4200 1768 3582 13034 26570 10160 12318 21347 13592 27099 18586 21815 5376 17458 19623 3098 12923 921 11304 25778 21155 30613 23586 5440 21188 18443 25968 16771 19637 22603 19384 5594 21865 23372 24733 7592 2497 32057 22326 22780 23972 17965 11199 21874 24914 6716 13199 20052 28917 31410 26954 6149 634 27807 18776 23200 1438 10387 21142 24540
2636 30630 32587 30771 8486 25019 19037 15171 10850 4358 5317 10100 1751 3788 32576 25819 24407 15722 3143 12126 30272 13209 7746 11289 14158 23792 9721 11777 31155 939 5451 11719 10346 10154 27170 30976 17608 18109 26022 23682 30548 31262 17329 19985 8920 3391 1667 22843 11704 29126 10936 21376 30083 13526 22391 7094 8392 22929 24299 26796 17195 15579 8951 27406 1975 26208 12837 18056 21878 27352
12512 9774 8767 17290 25316 28700 26576 16142 26866 23641 28445 28504 1736 29442 26087 14578 1360 13732 29327 26505 1304 30697 14893 27563 21762 11127 3293 9679 8509 8981 11353 25238 3699 4367 24781 27728 5444 17628 20454 21954 12788 27647 18988 25127 15456 23083 659 11892 31799 7338 25676 32736 19814 23808 31457 23460 26836 22219 8321 19455 9552 25837 26265 30334 17608 27117 27812 26490 8635 6043
6467 14050 20720 23027 27024 27195 2921 26948 19119 14308 29843 18322 12711 3999 4287 11576 25968 3149 32725 10449 12110 13049 20551 30297 25949 8984 32325 20880 876 7183 29488 18335 17934 31734 6480 19454 31727 7068 22473 5269 357 11211 2763 290 6727 30669 19466 4570 7682 12590 8046 12627 10729 10436 22539 21921 19917 6381 18771 15552 26318 25880 6282 18482 7280 29319 17019 15336 13298 32339
10602 25702 11739 5296 16201 26659 25045 3442 8239 18478 3262 12752 12549 21527 1277 28520 5763 5389 2322 15492 6235 29764 23665 4508 17587 8346 9873 7196 26585 30585 18496 3686 11314 29951 6969 12571 30324 28508 20472 6551 21013 8572 24013 10682 516 18663 14640 15598 2454 23269 17492 9829 16835 5349 11775 25763 20114 27679 12952 11837 2258 8313 29570 15328 12299 30375 22696 29588 30900 23959
12377 22850 19110 780 343 26740 17361 7049 17194 15197 21294 24944 28858 8985 32756 3947 10525 5430 12559 23051 21166 4722 2254 11439 29791 27334 10460 11688 14672 676 29297 19866 21152 32126 5833 26149 11139 29063 3030 11205 9108 2237 14642 30455 17261 13095 29015 10398 8053 20059 2834 11684 23802 26180 12085 26084 3456 29474 11917 29256 21592 14546 29715 11822 2676 11088 26470 22545 21625 31866
21369 11621 24342 14103 9609 32194 13717 2839 6227 31045 26287 12060 8067 15924 27557 31546 10095 27104 1420 8443 32005 12496 1256 9383 29186 16923 12157 31682 4454 31254 14434 29909 30756 10287 32343 19570 9757 27673 1112 4978 23375 28202 22643 19073 21834 30465 23766 22237 228 10859 10028 13402 29742 27016 27178 2218 17575 8233 7524 31707 3503 381 22374 31265 15166 30701 3584 17110 27861 19524
12513 26815 1205 18451 21095 10129 14160 22356 21174 12979 12029 27981 16648 24902 6127 12471 26436 23395 10344 13088 13265 11427 31018 14222 30124 24549 16943 19557 7864 2123 20377 15498 86 23430 17132 7113 13878 16724 29819 29300 13165 31814 2336 19533 9671 20423 4144 11942 9054 18266 15790 14791 22123 803 5311 31120 7005 11689 5726 10592 17704 32474 18513 28469 31712 28752 10332 21012 27014 1746
24500 28587 10530 21790 19126 13621 11281 7141 10457 8094 2465 11032 2274 18151 27867 26722 17751 14541 5280 7926 9525 26277 6648 31882 29925 10891 28838 24483 11117 10171 22016 23316 28644 2623 8701 4801 4904 27083 11920 21929 20947 21477 18740 6436 29290 16712 25288 14696 5080 31371 29086 9042 16411 12286 14799 19300 5950 18645 28625 5642 9863 11656 26955 5409 16369 4473 20519 16057 26076 32728
3049 282 7940 12227 21824 22534 18096 25522 10203 18238 11564 22547 1662 24136 7288 1329 17749 10606 5442 14426 20104 13322 22546 18497 5391 1 3781 26785 10696 5774 10812 24867 9927 5697 18517 11138 25837 25159 13850 15597 12220 22251 25145 32429 27497 10077 21429 14855 24883 18610 30938 31588 9716 3629 25206 12463 20214 23229 16198 1791 26887 3014 11183 19318 26064 292 10670 21353 29538 26222
21778 12224 29202 8567 10217 12192 31879 2587 25400 30280 13841 20280 28655 10297 21308 11514 19483 29594 4262 22620 22622 30682 3085 17387 6556 20631 13228 8653 17144 18367 16328 18179 7167 29429 27270 21483 5922 16438 23039 17929 11370 13756 28822 22278 19559 26914 30602 19705 32618 29130 22471 8166 1268 23164 21762 6276 1901 22095 32516 19524 14361 15565 19782 6798 26441 4434 6335 3918 27854 6581
26618 20143 29875 18474 16747 28198 1068 31847 30723 24243 19145 24582 9730 19556 5103 25131 18957 5914 27785 5734 14976 18575 20731 31451 25349 11160 30551 27040 102 26792 2516 14694 20127 19350 25980 20828 23864 5792 12580 13392 32209 1711 24737 18199 255 27869 30777 22064 13654 308 9304 7844 23751 21176 31108 24112 3117 30888 28819 11942 10530 26882 29468 12433 31255 6213 3115 18712 31908 18042
4409 30501 30236 7541 22363 966 29285 1113 18617 4563 9478 19546 28226 20689 24706 6855 16798 22294 6117 13383 23396 26414 7836 3427 20878 9342 6793 17476 23082 31527 23639 26558 1618 16173 4619 12174 10589 18137 2012 2528 16471 1115 27461 8725 28079 25268 17496 17602 23856 27091 6485 17660 9266 28158 28795 18131 29202 20084 9246 4892 9439 1873 15610 22644 5718 6833 18119 32129 13585 5400
21262 26747 15867 12562 7738 24555 10759 24086 2802 26803 9250 11952 26534 17743 7014 29152 12904 31322 17808 31677 20222 31828 9652 24925 25397 27298 27439 11257 19832 31702 15582 18253 27040 32561 17549 12094 6158 5990 3762 8383 15095 4769 4700 20981 7680 968 30054 30105 31755 257 24816 3487 5968 11124 31247 20757 6063 25682 21188 10573 9028 21270 26411 2622 25917 8459 31477 10792 30440 3598
27416 23671 24336 17045 18373 5098 7050 752 19099 20468 26891 10191 32026 31075 15677 5 9050 29247 10001 32651 16125 23797 2390 24520 15970 24244 25483 5391 11291 24856 7409 15722 29346 5894 1509 27798 2119 18647 877 31054 5997 11192 6417 12237 30454 18512 17644 3470 1788 13476 25090 27222 17858 9528 1236 12916 12522 6519 1586 5703 18152 10069 12369 21250 15542 10803 16925 30892 15305 22787
