1
10
496 515
544 570
384 469
652 715
582 661
599 669
232 263
988 997
68 104
481 543
100
2 0 496 -46614035
2 6 254 -45194476
2 5 611 -44805300
3 5 611
2 0 502 -47918235
2 3 703 24372597
2 3 652 5127797
2 2 458 14361121
2 9 536 -11960011
2 1 564 -27748995
2 6 243 22431290
2 2 430 -13169380
3 9 536
2 2 454 -24764152
2 1 548 -25257068
2 8 96 -40838468
2 7 991 -25275472
2 2 393 -3992484
2 3 663 5850140
3 3 663
2 8 70 46882850
3 3 652
2 4 658 -12364955
2 8 103 44035474
2 7 997 -46651575
3 2 430
2 8 80 21297112
2 2 443 -16857188
3 7 991
3 4 658
2 3 692 39092040
2 4 655 25635040
2 9 538 -39687040
2 1 568 -28129004
2 4 590 38459455
2 1 552 -6711464
2 3 715 -40960433
3 4 655
3 4 655
3 7 997
2 4 609 649840
2 6 240 5396598
2 9 542 -16957677
2 9 487 866095
3 4 609
2 7 992 -34268450
2 6 257 -36069128
3 8 103
2 9 510 33196443
2 5 622 -5411280
2 0 513 13641120
3 3 692
3 9 538
2 3 704 47703388
3 3 652
2 9 507 -20566920
2 9 525 -24235350
2 8 71 -17877966
2 0 513 46147232
2 5 655 -12203831
2 8 76 -1439600
2 7 997 -22052970
2 9 493 5284768
2 7 991 7854432
2 1 551 -26805232
2 4 583 37071726
3 3 703
2 5 664 21056048
2 4 598 -39693061
2 5 654 32609494
2 8 74 -44684584
2 9 508 -47104610
3 8 76
2 2 399 16496030
2 3 714 -37530950
3 7 991
2 0 503 -3890070
3 6 240
3 0 502
2 7 993 37871169
2 3 658 -1977158
2 4 594 -15261304
2 0 503 -13275776
3 3 692
3 9 525
3 5 611
2 9 496 20553714
2 2 408 41041794
2 4 618 38408086
2 0 514 8581588
3 0 514
2 4 661 -33083708
2 8 71 -40708683
2 8 87 4093635
2 5 612 -48600951
2 5 655 32625920
2 8 95 -43829768
2 4 606 -19651620
2 8 73 -33953152
2 3 692 383145
