1
10
303 619
824 1672
512 1162
504 1173
719 1438
344 1107
760 837
710 1708
208 904
506 597
1000
2 3 989 -38388055
2 0 456 9048535
2 2 1067 -41198439
2 9 509 11776360
2 9 546 -34597948
2 0 580 -5475754
2 7 1314 -7482012
2 4 1432 -10758600
2 5 460 7014789
2 3 1144 -12185265
2 9 537 -37474656
2 8 355 -47286213
2 8 831 -6173435
2 8 311 -3703522
2 1 934 -22418000
3 2 1067
3 4 1432
2 5 670 -1668148
2 0 421 -2798540
2 1 1387 -39897285
3 4 1432
2 4 1117 32450488
2 3 593 20197864
2 6 827 43068859
2 4 982 -26249144
2 5 926 -24635297
2 7 824 -43334418
2 2 1071 -1708338
3 0 421
3 4 1117
2 0 458 16630480
3 4 1117
2 6 765 -22893182
2 4 1196 2458420
3 2 1067
2 6 813 -37281752
2 8 671 7400480
3 4 1196
2 5 801 -20815880
3 6 813
3 2 1071
2 2 965 -6398756
2 5 547 -6154790
2 7 807 7116711
2 1 1444 651090
2 9 560 -3721425
2 7 1416 -46089676
3 2 1067
3 5 670
2 8 419 -31878403
2 7 775 48295776
2 9 576 -31882180
3 1 1387
3 3 1144
2 3 885 -39645690
2 2 795 -11705526
3 9 546
2 1 1137 45433256
3 3 885
2 0 473 10288672
2 8 779 -25739907
3 4 1432
3 3 1144
2 4 962 31344250
3 8 671
2 2 574 34096569
2 5 615 -11994240
2 5 841 22567796
3 7 775
2 7 1548 -14310850
2 5 1089 -44887474
2 5 868 31097802
2 0 430 -3351110
2 4 1230 5160223
3 4 982
2 5 1090 -8961143
3 4 982
3 4 962
3 8 355
2 2 856 -36806142
3 3 885
2 9 555 19418478
3 8 355
3 6 813
3 3 989
2 5 861 -43986235
3 4 982
2 2 1127 -24344944
3 2 574
2 9 518 -11523964
3 1 1137
2 7 1390 33773934
3 8 419
2 5 819 -17216905
3 2 965
3 2 1127
2 4 730 -2892275
3 0 458
2 5 868 -24320472
2 3 1091 -29737420
2 7 1195 43095458
2 7 948 28398254
2 1 1072 48176704
2 8 414 -2855347
3 6 813
2 8 903 7659076
2 8 854 36066652
2 2 1083 48974324
2 6 808 8800936
2 2 1057 22335560
3 9 537
2 0 581 45702546
3 6 813
3 6 808
3 4 1117
2 2 702 -44836000
3 0 430
3 6 808
2 4 721 -41988568
2 2 597 -15231130
2 8 557 -14683266
3 3 593
2 3 917 -12166863
2 2 853 -20840604
3 7 1548
2 5 941 1668800
2 3 593 23838698
3 0 581
2 2 592 -10341276
2 3 605 10619300
2 0 486 -32423954
2 4 1153 11834080
3 0 486
3 8 414
2 3 862 -49387750
3 9 555
2 0 410 -40773636
2 0 530 28572100
2 0 531 -19030797
2 7 1450 45100324
2 9 506 39385208
2 2 677 -5724550
2 9 520 -35768814
2 1 1363 8994860
2 3 829 13416688
2 4 728 2867635
2 6 777 9968385
3 6 827
2 1 1602 -13060430
3 3 593
2 1 1099 -7710145
2 0 440 -30436926
2 0 577 -46585337
2 8 598 30867229
3 7 775
2 7 1208 9739340
2 3 508 -37731388
2 0 389 -36131792
3 7 948
2 9 519 13588559
2 3 551 -41909470
2 8 498 -15949231
2 4 1293 -22451741
2 5 625 9651290
2 0 482 -4220692
2 3 569 5028780
2 9 538 44671476
2 3 612 -13250944
2 3 1118 23310810
2 0 480 84468
3 5 841
2 3 1170 -44432790
2 2 995 -7023327
3 3 1091
3 2 574
3 5 861
2 8 759 2934224
2 3 1070 12001455
3 4 1196
2 3 903 -49280597
3 7 1314
2 9 524 -41707338
2 3 670 -32489800
2 8 549 -19502370
2 8 351 -38059347
3 3 1091
2 8 781 27602586
3 1 1363
2 5 1022 36451560
3 4 1153
3 0 486
3 0 456
2 2 772 42226783
2 2 724 -36770976
2 6 815 28916356
2 1 1614 -20606940
3 4 1293
2 5 810 -19632791
3 9 518
2 0 593 6977814
3 5 1022
2 0 598 -34289960
2 4 1260 -43359205
3 8 671
2 7 1096 16370692
2 4 1425 31006980
2 1 1432 -40249026
2 7 1681 40082860
2 1 1225 32500056
2 8 447 26637167
3 0 440
2 4 1013 39273040
2 3 882 8925774
2 5 441 -8748576
2 8 535 -35280301
3 8 311
3 4 1153
2 3 1014 -2200708
3 4 1117
3 8 781
2 6 809 47601595
2 5 826 -27875042
2 2 942 -46127010
3 0 421
2 7 803 -14067830
2 1 1249 42403045
2 7 985 1895305
2 1 1282 25907820
3 8 414
3 9 555
3 5 1089
3 7 1548
3 1 1363
3 1 1432
3 8 355
2 3 1074 3122427
2 4 1207 8179560
3 5 1089
2 4 881 -13546224
3 6 809
2 4 1226 -44049223
2 1 1519 47767839
3 0 593
3 9 518
2 3 999 -33629608
2 8 310 -37098640
3 0 473
3 8 414
2 8 737 -2192352
3 3 1091
3 9 520
2 2 1035 29715456
2 2 977 -28189148
2 6 780 -41873072
2 3 1118 -30201152
3 5 670
2 9 578 -43357780
3 3 917
2 4 1242 -1215080
3 7 1416
2 8 850 19380511
2 9 519 8576180
2 8 361 -14624183
2 8 548 -12160756
3 3 670
2 4 1273 -5112100
2 6 833 -5424751
2 4 1053 -27760876
2 8 643 -40228106
3 1 1614
3 3 882
2 0 471 -44705792
2 9 563 27448000
2 2 837 28883840
2 9 573 -22519980
3 2 995
2 1 1220 8044855
3 5 1089
3 9 524
3 1 1099
2 9 537 33575628
2 6 824 -38703108
2 2 699 -24090050
2 5 410 -14748700
2 0 370 -29855883
2 4 1289 43581599
2 5 395 42388990
3 3 508
3 6 809
2 7 1046 35468224
2 6 824 14154260
2 9 593 45809050
2 1 870 -35458071
3 3 1170
2 3 561 -696155
3 3 829
3 3 1118
3 2 856
2 3 911 -6090998
2 0 322 -13056335
2 1 889 2796141
2 5 712 -9259800
3 7 1681
2 9 506 -25516049
2 0 415 6297032
3 8 850
2 2 660 -17851286
2 3 1084 8256335
3 3 612
2 4 1044 -24461698
2 8 251 49779454
2 9 508 -24264720
3 8 854
3 3 999
2 8 602 -6603600
2 6 816 44506033
3 6 827
3 9 537
2 8 372 26208216
2 3 626 -2438342
2 5 736 26381578
3 7 1390
3 7 824
2 0 514 -28620720
2 9 575 31482039
2 3 1085 -37443680
2 2 895 22715828
2 3 674 -14422840
3 0 471
2 6 827 -48995550
2 0 361 4473984
3 4 1044
2 1 1145 12503336
2 1 1053 -49538048
2 9 558 25932116
3 4 1242
2 1 1193 -39409660
2 3 517 14933040
3 9 508
3 7 1416
2 7 1250 -34070052
2 3 620 30216978
2 7 1297 -24517092
2 9 565 40469410
2 3 953 36973898
3 5 460
2 3 553 38686905
2 0 375 -9915748
2 4 906 -18256404
3 7 1314
3 8 759
3 7 1450
3 2 1067
2 1 1542 -16835598
2 2 763 29898055
2 2 998 -48048416
2 0 499 13124345
2 5 1033 -2344258
3 8 779
2 9 521 24491055
2 1 936 -22588695
2 3 1028 8743068
3 2 837
2 9 548 39369570
2 0 497 -33837414
2 1 1522 -42671651
2 6 780 -40273079
3 9 558
3 5 1090
3 9 508
2 7 1636 -39736755
3 8 419
3 0 580
3 5 1033
3 1 1053
2 7 1094 21468565
2 4 1084 -20583744
2 7 968 -38030250
2 3 1094 -9059197
2 3 903 42888790
2 0 316 -49081004
3 2 895
2 1 1005 -3824300
2 2 1148 40717526
2 5 668 45834739
3 9 548
3 3 903
2 4 1203 -27862184
2 1 1382 13998632
2 5 996 24560800
2 1 1039 -9264665
2 9 584 -18117980
2 8 751 23062272
2 1 1007 41800896
2 9 575 8152384
2 5 347 -38694932
2 6 760 -10549532
3 6 824
2 7 1006 -22341569
3 0 593
2 1 1416 12357468
2 3 984 34593682
2 2 767 -23416947
2 8 760 45002115
2 3 1035 47358050
3 4 1084
2 6 791 11711465
2 5 726 12950235
2 5 567 -25081636
2 7 951 -38484640
2 0 332 -6516426
2 3 1081 -18380426
2 2 1109 -935124
2 8 295 -28117986
3 8 251
2 9 587 -40131606
2 5 935 -40178962
2 9 531 17979184
2 6 815 -9394700
2 9 530 -37806208
2 4 849 7950937
3 8 372
2 0 579 -39395672
2 0 618 -42816336
3 8 598
3 8 903
2 7 1230 5671050
3 9 538
2 8 867 -40976656
3 5 547
2 4 1095 -21601300
3 7 1230
2 6 799 40446729
3 6 808
3 5 826
2 7 1411 -14556423
2 6 825 22314880
2 0 532 14963735
2 5 848 44592760
3 3 989
3 0 579
2 3 887 -22644122
3 4 1207
2 0 339 -7373795
2 9 597 -43340062
2 7 912 46375324
2 3 1089 -47887435
3 4 721
2 2 1046 43093012
2 4 1325 39364000
3 5 868
3 7 1297
3 8 854
2 6 790 -35834792
2 5 793 6823110
2 9 523 45174308
3 9 518
2 7 1149 -9465352
2 0 469 21579168
2 8 810 -35187070
2 4 1388 29228042
2 3 997 -34541417
2 4 1343 33191075
2 2 887 -24068750
3 3 1028
2 8 399 -44454375
2 1 929 -11549550
2 0 529 29217322
3 3 1081
2 6 836 19573167
3 2 1148
2 7 1022 -14297446
2 8 620 17187975
3 9 523
3 9 578
2 8 611 -33931963
2 9 549 -1268930
2 2 713 -35561555
2 0 549 952335
2 8 670 -39355512
2 1 1573 -23574046
2 4 1071 41119628
2 2 951 -33926364
2 0 521 -10579088
2 6 799 -12588960
2 2 646 5433473
3 1 1137
3 0 532
3 4 730
3 8 611
2 5 944 -23827870
2 2 1069 32146976
2 8 693 28842279
2 4 1164 -11155376
2 1 986 3264145
3 9 537
2 3 598 -39678637
3 6 808
2 7 1263 -13664632
2 8 780 -39524872
3 4 1226
3 7 968
3 8 737
2 6 790 32159295
2 5 723 -5329420
2 5 619 -15292700
3 5 1090
2 5 769 -4742336
3 2 763
2 4 1438 -47550500
2 1 892 -23033044
2 0 416 -25139850
2 6 828 -28614035
3 5 736
2 4 1342 -15686205
2 4 1379 47030914
3 2 1127
2 8 729 -46619054
3 1 1007
2 0 442 -46205304
3 8 620
2 1 1101 -7521575
2 5 825 -49705766
3 7 1263
3 4 1293
2 1 847 -15257008
2 2 672 -45475543
3 3 999
2 0 307 -36481759
3 4 1203
2 3 836 -47472070
2 2 1027 44872895
3 1 1249
2 2 638 45184408
3 1 889
2 7 1272 36079200
2 3 624 -5921420
2 6 762 19043140
2 3 665 8352292
3 3 1028
2 7 894 30968560
3 8 498
3 0 598
2 4 990 -3824661
3 1 1005
3 5 619
2 8 470 -39297132
2 1 1151 -41448900
3 1 1382
3 1 1220
2 8 897 8427614
2 1 1083 -26944164
3 7 1263
2 8 451 -46110625
2 8 615 -4746720
2 2 597 -8070800
2 0 522 -28310062
3 5 460
2 2 708 -39828420
2 2 548 -29700542
2 5 918 -49892968
3 8 854
2 6 776 -48620400
3 9 584
2 6 777 -47592100
3 0 416
2 0 552 22600320
2 7 1141 -29128295
2 3 554 -48794984
2 1 834 -2580952
2 4 1137 -33633251
3 9 575
2 2 1089 -7809210
2 5 679 -26096240
2 0 393 -26009720
2 7 1126 -36314560
2 2 1015 -253807
3 6 828
2 1 1545 -46488328
2 8 836 39919050
2 3 730 -47595150
2 8 238 -16374080
2 5 808 26884800
2 6 813 7534732
3 6 813
2 5 679 -17496635
2 9 511 -28270702
3 1 1545
2 0 433 -25645212
2 4 960 -43262090
2 0 314 -49351020
2 6 811 -17653255
2 6 767 8033560
3 0 361
2 1 1346 -15641510
3 0 332
3 0 456
3 9 538
2 5 434 41908549
3 2 1015
2 4 968 26162130
3 6 816
3 5 347
2 1 1002 40064314
2 6 813 18070327
2 7 713 -27786831
3 4 982
2 8 723 -12163416
2 8 513 30108880
3 8 557
3 1 870
2 1 1649 -23975520
2 5 529 -2780926
3 8 451
2 2 832 46011048
3 1 1282
2 6 765 38475065
2 9 568 -45970120
2 5 772 10615520
3 5 670
3 1 870
3 9 593
2 0 553 -8635200
2 0 437 -26873480
2 3 543 48074376
2 5 1028 11318304
2 5 736 -15510488
2 4 833 -36331275
3 0 579
2 5 1032 -3125828
2 0 357 19298392
3 6 799
2 7 1136 45545076
2 8 417 -25294642
2 0 556 -18667797
2 4 941 -23983048
2 1 831 -34890450
3 4 1273
3 3 620
2 4 1087 7522520
2 2 958 27680718
2 6 832 -27540836
3 9 578
2 4 985 16350628
3 2 772
2 7 1668 -3949092
3 6 780
2 7 1172 -1497480
2 1 1266 -32618080
2 8 551 1652679
2 2 755 -46880856
3 5 1032
2 3 836 -9917488
2 7 1432 10322612
2 7 1505 -32902660
2 5 355 36252760
3 7 1411
2 4 975 -42127192
3 1 1346
3 5 808
2 4 910 21089130
2 9 521 -6650528
3 8 417
2 8 762 -33167601
2 9 545 -682862
3 6 808
2 0 466 -18215284
3 2 1046
2 1 1556 7732560
2 2 1022 -44383312
3 1 1614
2 7 837 -25884620
3 3 1118
2 4 1190 -48466447
2 9 560 -44214188
2 0 550 24117409
2 3 587 -43542904
2 8 476 35655200
3 8 513
2 5 1003 32129822
2 2 596 -28007040
3 0 332
2 7 1352 -6081236
2 4 1330 33042872
3 5 926
2 9 510 28927269
2 6 787 -34676120
2 0 486 -31107520
2 4 1216 -40299924
2 7 1655 -6449789
2 9 506 6236448
2 3 973 -8710149
3 1 1053
2 5 863 -10003660
3 9 565
2 8 731 9162118
2 3 721 -8711040
3 8 850
3 7 1136
2 5 345 26950320
2 6 783 12589866
3 9 555
2 5 472 -22742520
2 7 970 -9799008
2 0 426 -17195336
2 5 623 -40194886
2 9 574 5999683
2 8 758 41250061
2 1 1307 -4762784
3 6 808
2 8 366 30525712
2 4 1026 -4679192
3 3 1084
3 2 672
2 9 545 -42148048
2 3 1093 37155304
3 6 790
3 1 1005
3 1 1416
3 3 1093
2 2 562 -36839473
2 8 824 -3206008
3 4 910
2 0 551 -8047708
3 7 713
2 2 643 -3198535
3 9 530
3 0 456
3 8 723
2 9 561 -42973148
2 9 565 -25583278
3 6 765
3 6 767
3 6 827
3 4 1207
3 3 721
3 5 935
2 5 691 -34896080
2 1 1550 -33176051
3 9 506
3 1 1556
2 2 726 -7931588
2 9 594 -41816601
2 8 236 38846510
3 7 1416
2 0 380 -26139396
2 5 918 -45519550
3 9 523
3 8 762
2 2 1072 20224345
2 2 1068 27024265
2 2 625 7649329
3 6 762
2 1 1484 32090420
2 4 1051 34147172
3 1 1556
2 4 1313 -46532253
2 3 978 5612620
3 5 1003
3 1 847
3 0 314
2 4 753 21830858
3 3 836
2 3 574 -31495320
3 3 1028
2 7 826 -43645045
2 7 1430 -41406146
2 2 877 40571032
2 5 476 -12649215
2 0 541 3386402
3 3 999
3 0 580
2 8 521 -14800684
3 3 1070
3 3 1144
2 5 720 30380956
3 8 759
2 0 307 37091792
3 6 832
2 8 391 -16217815
2 9 592 -46565516
3 2 1109
2 7 1402 26590303
3 5 619
2 5 497 -5756560
2 9 562 -49756040
2 6 791 -26403200
2 9 563 -45246100
2 4 866 3373278
2 4 1269 49040800
2 7 1111 -38279592
2 7 848 -46517763
3 6 811
2 6 830 6433130
3 7 775
3 3 887
2 7 1155 -12862367
2 2 1075 -18472608
3 6 787
2 5 579 25261796
2 0 569 8955557
2 3 831 -5286016
3 3 730
3 8 729
2 5 459 -8632894
3 9 538
2 5 509 32028000
2 7 1620 -18618221
3 8 693
2 5 884 -42536175
3 1 834
2 9 512 35349075
3 6 809
3 5 460
3 4 968
2 8 560 49784318
3 1 1249
3 2 1127
2 6 804 26008155
3 8 780
3 6 767
2 1 1433 34506024
3 1 1145
3 1 1433
2 1 1180 -36447306
2 2 950 -23095404
2 4 729 -31677315
2 7 1206 1956615
2 4 855 -6923155
2 6 798 38791424
2 6 777 32262544
2 3 1127 42791638
2 9 550 -8179800
3 3 561
2 8 504 7138048
2 8 629 -37007070
2 1 1100 38256671
3 8 731
2 3 1138 -21180000
2 7 763 44312949
3 1 1433
2 3 806 4746312
2 7 812 -49867840
2 0 416 25417797
2 5 389 3869330
2 8 528 -41235860
3 3 973
3 1 1346
3 9 506
2 9 556 23552850
2 3 665 -19974165
2 1 1466 -48987707
2 7 784 -47579891
2 9 558 46684257
2 6 776 -22627928
2 1 970 397624
3 0 375
2 3 1046 -30932700
3 9 592
2 4 1425 -36644682
2 5 417 4738432
2 1 827 39964178
2 7 1478 37902925
2 5 408 -18451020
2 9 584 745000
2 3 1036 9395776
3 7 1206
2 0 337 -49474266
2 8 435 -25410088
2 6 764 -46455500
3 7 1149
3 7 1155
2 4 1329 9255120
2 5 720 -19259320
2 9 522 -20485604
3 0 486
2 3 1023 2206572
3 4 1329
3 0 471
2 0 496 32634320
3 6 827
3 5 615
2 9 592 25998524
2 4 967 -38089952
3 9 530
3 3 1074
2 3 631 -34423670
2 4 818 -13852088
2 9 553 30742228
2 9 541 46744580
2 5 546 43544824
2 9 506 -45903362
2 4 1300 -24163251
2 0 371 -20817592
2 3 783 17904949
3 2 1057
3 2 995
2 2 828 -23248010
2 7 1203 -33477469
2 0 600 -29935470
3 6 764
3 2 1083
3 5 808
2 6 797 -40818629
2 9 551 26110000
2 3 805 -13181663
2 1 947 -37723460
2 1 1021 34062738
2 9 549 7239088
3 2 950
3 8 417
3 1 834
2 5 347 41037770
2 2 958 -16511400
2 6 804 21029525
2 9 540 -4396438
3 4 1164
3 4 1289
3 4 910
3 3 997
2 4 1151 2333302
2 4 925 -32019206
2 9 566 -7563112
2 6 818 11087856
3 0 496
2 9 566 8551648
2 2 1000 18677022
2 9 576 -12156210
2 0 345 -3621302
2 5 809 -36038620
2 5 617 18192750
2 2 1019 33469174
2 8 902 48789104
2 2 653 -6913072
2 4 1098 -27059112
2 8 251 36588240
3 3 829
2 7 1046 3464171
2 9 532 -14151728
3 8 447
2 7 1471 -34769666
2 1 1517 11114475
3 6 808
2 9 582 43289280
3 1 1432
3 7 1450
3 3 605
2 5 577 33682776
2 9 532 24389667
2 1 1100 -40284691
3 3 1138
3 5 841
3 2 995
2 6 825 39571150
2 1 1488 -43834944
2 4 949 -45368193
2 5 822 -46706010
2 9 530 11367798
3 5 567
2 9 571 -8992660
3 3 1070
2 7 1326 -37459902
2 2 726 -22222850
3 9 540
2 1 996 -1164416
3 6 799
3 1 1151
3 3 989
2 6 797 -12342929
2 8 475 -10796758
3 3 953
3 3 989
2 6 824 32152688
2 1 1132 22083749
2 9 580 49998040
3 6 787
3 8 535
3 2 755
2 5 702 -22855995
2 5 779 -43533980
3 1 1433
2 8 389 -31082720
3 0 337
2 9 578 -45963340
3 6 808
2 5 1004 30522615
3 0 458
3 3 1023
2 5 473 -26914952
2 1 992 -32855370
2 4 1281 -23426049
2 6 786 -24924636
2 0 525 13436064
2 9 561 41694600
3 3 587
2 8 607 -47786365
2 6 790 -4261884
3 2 1022
3 5 1090
3 1 1101
