30
2813 4558 6740 355 5711 9904 9532 5336 4144 3629 9723 1828 9309 907 5996 3646 9118 4110 6457 5149 6736 931 7473 7271 4218 73 3940 5728 7596 1835

30
1128 1739 4214 3 337 3200 8094 4253 3057 7801 6042 430 970 8697 7393 3152 9343 1207 2482 7714 4825 2520 9906 1997 6623 9201 1975 6784 6351 2747

30
824 4811 4368 9745 1951 6902 4596 4426 8804 5486 9991 2944 8070 8638 332 1589 5185 5031 2631 1113 9801 6077 1061 6080 7331 7261 4824 3210 4273 1533

30
1909 1644 1272 2696 1307 130 4112 5602 7560 7944 3265 4687 3250 7567 3010 1585 7179 1371 6951 6033 9451 8083 9668 8994 8534 4210 4492 9985 4331 5848

30
7951 8197 7128 1492 671 8855 820 1926 2027 1572 8289 2819 7815 6010 3331 676 7994 3095 3718 9821 284 5127 2675 7276 7928 9327 1853 7054 4831 4856

30
5961 3317 9439 555 9495 6574 4687 7738 2496 9016 3001 779 2237 7990 6437 9391 4956 2408 2028 2376 1123 4553 3877 4171 8589 3260 1577 1559 538 7404

30
5718 5008 9039 3475 2062 5793 4199 5818 5281 957 218 8082 1577 4240 2126 1980 8999 7140 447 7082 8249 3221 1158 338 6121 1295 1952 1187 9959 913

30
4002 8595 3573 9365 7004 1228 6196 1288 4014 2335 6007 3586 8970 7050 9345 2852 3073 4543 456 478 9344 8505 1955 362 6012 3389 9128 2199 4616 9667

30
9898 155 3665 4426 6215 2210 4552 423 4741 3717 5938 6801 2260 2276 1266 6593 6088 6212 26 2831 1563 9742 7726 6660 7012 3183 5387 3372 2133 2093

30
3356 9834 2490 5652 1282 2881 4220 2534 6202 1819 3729 4029 3646 8713 4731 7244 5418 3307 4265 1815 1185 500 2040 2125 734 7429 270 9145 9023 5255
