10
5071 3980 369 3300 878 5891 1866 8317 3166 1176

10
9880 1295 6285 3528 9546 2537 2963 4225 3049 7689

10
9425 253 5513 1869 2169 9133 8823 8674 8332 6143

10
6519 3109 3599 5257 8413 7692 962 7916 3848 1120

10
1945 7073 3298 1116 4960 3703 390 1276 5515 7316

10
8714 3046 4095 4404 6114 1210 683 6962 1526 7129

10
2717 1967 5088 5684 4054 1809 3493 3464 1474 3122

10
5743 244 3501 633 8150 5482 4757 6904 408 823

10
1877 8221 8300 2316 6063 1988 7473 6573 5824 5535

10
225 6924 4139 931 9072 608 1095 7163 1276 8622
