20
779 3878 5107 7918 5723 5246 4254 6317 1838 460 7525 9151 8666 2614 9317 6224 9165 8832 5718 1744

20
9551 3876 8805 755 3370 6507 1295 9039 7713 2786 7050 4797 6677 9710 9652 6370 6822 1821 9479 1551

20
4940 6822 1862 7599 2425 3622 8912 7688 7281 6986 3353 775 8987 1795 4049 7154 2447 7142 5762 8477

20
5918 8372 5889 65 7018 3618 1119 9982 4015 949 9409 4286 830 2228 9524 5528 2400 2526 9433 893

20
9981 7789 3942 3490 7975 4054 1393 3473 7328 2515 5237 157 1237 2748 4644 1340 4571 8703 1890 9897

20
2838 6168 8672 6422 2464 3824 2277 6264 6954 2411 8943 7280 1040 9718 1953 6928 7304 6812 6294 3686

20
9053 2034 7965 9340 6272 7758 5495 3894 9117 9383 235 469 3646 385 3307 7673 2718 6897 2748 6501

20
6594 5082 8089 4626 1469 3847 8536 3057 996 8914 7630 1700 1300 8263 7751 1894 4596 8222 4865 5298

20
9074 3083 7224 7394 6520 6659 9428 5590 8421 2289 757 915 8490 9311 9144 5954 1297 6623 2820 2878

20
119 4744 2648 4131 5299 4313 8283 1670 7468 2476 6559 3397 1383 5385 2192 4787 1046 2228 6456 2424
