3
6
100
3 5 -1
2 0 -14332
1 0
3 5 -1
1 5
3 2 -13058
2 5 10986
2 1 -12404
1 4
1 0
2 4 -8518
1 5
2 1 -11197
2 3 5521
2 0 -13910
3 4 2252
3 5 -1
1 3
2 3 -10637
1 1
3 1 14841
2 2 3932
1 3
1 5
2 0 -14283
2 0 -12030
3 0 -4607
3 3 -14292
2 5 -254
1 4
1 5
1 0
1 3
2 3 -14523
1 5
3 0 -1
2 2 -9532
3 5 7633
3 5 -1
2 4 -6591
2 1 -14334
2 3 12482
1 3
2 2 14923
3 4 -1
2 1 7741
1 0
1 2
2 5 -12891
3 1 4956
1 4
1 5
3 3 5521
1 3
1 5
1 2
1 3
3 1 7741
2 2 -12961
2 2 -14140
3 1 197
3 1 -1467
2 0 4527
2 0 5590
2 3 8073
2 5 -879
1 2
3 1 -143
2 5 -2948
3 0 5590
1 2
1 2
2 0 -3384
2 0 6415
1 5
3 4 -1
3 2 6677
3 2 9431
1 5
1 4
1 2
2 1 220
3 4 -12762
2 5 35
1 1
2 2 -1366
1 1
2 0 11660
1 4
2 0 -7057
1 2
3 4 13097
3 2 -7301
1 4
2 4 -3662
1 1
2 0 -7716
2 5 14405
1 0
2 2 7127
