2
6
100
2 3 346
2 5 -3495
2 4 -10547
2 0 -11843
2 1 -12071
1 2
1 5
2 5 1402
2 5 -12082
2 2 -13387
2 4 -899
2 2 7343
1 3
1 2
2 4 10489
2 4 -3180
2 0 6076
2 4 7401
1 1
1 2
1 3
2 1 4765
1 2
2 1 -137
2 0 4259
2 1 -8198
1 0
2 2 4490
2 0 -4520
2 5 -3703
2 1 2126
1 5
1 5
1 4
2 0 -10110
2 1 -13894
2 0 13274
2 5 13456
1 2
2 4 -3825
1 1
1 5
1 2
1 3
2 4 5527
2 4 2621
1 5
2 0 726
1 2
2 3 -1199
1 3
2 4 7757
2 3 8718
2 4 11033
1 4
1 1
2 5 -4520
2 5 -13346
2 2 9285
2 5 11327
1 3
1 5
2 3 1514
2 5 -9319
2 3 14321
2 2 13225
1 0
1 1
2 2 -13197
1 1
2 4 9584
1 4
1 3
2 0 -14362
2 4 -14614
2 2 12669
1 0
1 1
1 0
2 5 -14924
2 5 -14598
1 4
1 1
1 5
2 5 -14897
1 0
2 0 -2954
2 5 -4219
1 5
2 5 10036
1 4
1 5
1 3
1 4
2 0 -13047
1 5
2 1 7125
1 4
2 4 5761
1 1
