3
6
100
2 1 -13423
1 0
1 5
3 2 -1
3 1 -1
1 0
1 2
2 5 -8419
2 2 -14173
3 3 -1
2 1 11214
2 5 -5364
3 4 -1
1 4
1 2
3 3 -1
3 2 -1
3 1 -1
3 0 -1
2 1 1744
2 4 1024
2 5 6453
1 1
2 0 -1165
1 5
1 4
1 2
1 0
2 1 -561
1 5
1 5
1 1
2 1 -11159
3 1 1744
2 2 9927
3 2 9927
3 3 -1
2 5 8761
3 2 9927
1 3
2 1 13744
3 5 8761
2 0 8084
2 3 6068
2 5 -7171
2 5 -1828
3 5 8761
1 4
1 2
1 4
2 1 -513
2 0 4646
1 0
2 2 -12072
2 2 -12575
3 0 4646
3 0 4646
2 1 -655
3 1 1744
1 5
2 4 -11572
1 3
2 0 10271
1 1
2 2 9466
2 0 -13626
2 1 12280
2 0 4337
3 1 1744
1 1
2 5 4878
2 1 12569
2 5 -13020
2 3 -13546
1 3
1 2
3 3 6068
1 3
3 1 1744
2 4 11843
2 1 -712
2 3 -1503
3 3 6068
1 4
1 5
3 1 1744
1 0
3 0 4337
3 5 4878
1 2
3 3 6068
1 3
2 0 9863
2 2 -11856
3 2 9466
3 1 1744
3 2 9466
3 5 4878
2 2 1488
3 0 9863
