3
6
100
3 2 -1
1 2
2 0 7776
3 5 5182
3 0 7776
2 4 -9070
2 0 -2397
3 1 4602
1 2
3 4 -1
3 4 1306
3 3 -1
3 0 8458
2 0 -13053
2 1 -13360
2 3 8639
2 2 4841
3 0 -1
3 3 2212
2 4 8707
2 5 10397
1 4
1 5
3 0 -1
3 4 1066
3 1 -1
2 0 -11784
1 0
1 0
2 4 -12289
3 0 -1
3 2 54
1 5
2 3 -9944
3 3 8639
1 5
3 5 4992
2 3 11476
1 0
3 4 2404
1 4
3 1 -1
2 2 -12804
1 5
3 0 -1
2 1 -5745
2 0 -14625
2 3 -3600
2 4 -1884
3 1 -1
2 5 -11705
1 5
1 4
3 5 4474
3 1 7757
1 0
2 1 -3078
3 2 4300
3 0 1417
1 2
2 3 -5786
2 2 -3781
3 2 4841
1 1
1 3
2 3 -1309
3 1 -1
1 5
2 4 8114
2 3 4428
2 2 306
3 4 1591
1 2
1 4
3 5 -1
1 4
3 3 1036
3 2 306
1 2
2 2 3616
3 2 3616
2 3 4337
2 5 -12722
3 5 -1
2 1 -311
1 3
1 5
2 3 6043
3 2 3834
3 3 6043
2 4 -3184
3 1 2910
3 3 -1
2 4 8069
3 0 -1
1 2
3 4 3482
3 1 9933
2 5 -10895
3 5 -1
