3
6
100
3 5 -1
3 1 -1
1 2
2 5 -13026
2 0 7229
3 5 -11274
2 3 -1984
3 2 -1
3 1 13751
2 3 2645
3 3 8110
1 1
1 5
3 5 -11198
1 0
2 4 5311
2 0 4787
3 1 -14651
1 4
3 2 -3456
1 3
1 4
3 4 5311
1 5
3 4 12347
3 5 -13069
2 3 -13455
2 1 -181
1 2
2 3 -3951
3 4 -1
1 2
3 1 -1
3 1 1079
1 5
2 3 1763
2 0 -14000
3 3 1763
1 5
1 3
3 5 -12236
2 3 8244
1 5
3 5 -1
3 5 -1
1 5
1 5
3 4 -1
3 1 -1
3 0 -10701
1 4
1 5
3 2 -1
2 1 5004
1 2
3 2 -5811
3 0 13825
2 0 4169
1 3
3 1 5004
1 4
3 5 -13617
2 3 -8663
3 2 -1287
2 3 -2731
2 3 -9125
3 1 -594
2 0 -13237
2 1 -10625
3 2 12422
2 5 -994
1 2
3 2 -1
3 1 13825
1 2
2 2 792
1 5
3 1 -1
3 5 8453
3 0 4169
1 2
2 4 4866
3 5 7207
3 2 -6144
1 2
2 1 1882
1 0
1 5
3 0 -11845
3 5 -4510
3 2 792
1 4
3 4 -14099
3 5 -1
1 0
1 0
2 5 -3663
2 1 -9995
3 4 4866
1 3
