94
40 20 5 72 77 91 45 40 22 56 96 22 0 12 76 24 25 73 83 65 80 56 57 8 64 52 20 6 1 26 58 6 31 87 62 61 42 49 28 98 26 14 78 42 24 13 43 27 77 59 58 29 33 13 72 37 82 23 77 70 95 80 16 29 91 46 60 58 54 57 93 52 77 95 12 15 9 15 76 52 78 18 70 60 49 89 98 26 84 80 21 87 48 18 
91
59 75 23 20 57 56 78 6 34 76 87 93 38 21 72 61 63 64 22 51 50 11 54 34 95 5 80 81 65 17 56 28 62 9 44 89 12 71 30 4 16 21 77 14 2 78 61 27 33 44 18 94 20 50 37 25 41 77 79 9 13 11 98 39 20 12 38 36 10 41 51 70 19 13 95 18 27 74 46 41 45 84 20 10 17 16 86 55 71 68 73 
94
30 85 32 70 56 68 4 20 60 21 97 53 42 53 67 10 62 95 74 47 63 21 46 77 49 40 1 11 73 74 26 51 12 78 1 18 71 65 12 58 5 83 46 52 25 35 94 50 50 68 19 31 64 92 49 84 57 98 70 93 11 59 5 21 84 76 71 19 80 19 36 93 9 15 29 97 25 57 12 89 27 4 67 47 31 28 88 21 3 54 96 75 98 19 
97
67 60 18 20 84 7 46 50 54 72 17 93 0 5 81 24 4 93 33 95 27 96 28 89 32 81 20 76 30 17 82 60 60 59 88 85 33 88 30 64 33 51 77 43 10 41 1 76 58 77 30 31 44 68 94 82 85 83 52 54 85 5 76 88 93 18 54 22 24 40 52 62 9 97 95 67 83 58 12 42 44 98 87 22 9 66 85 69 3 56 95 30 62 36 93 43 86 
93
32 38 22 54 58 30 51 59 88 77 50 86 70 7 73 77 12 74 12 90 0 16 2 44 39 24 29 0 26 40 14 61 54 30 70 34 25 54 54 12 86 32 48 40 35 87 18 21 29 5 10 16 1 99 23 87 89 39 63 65 65 68 10 69 36 79 14 97 34 60 3 24 38 18 56 5 63 38 6 6 42 56 73 33 47 60 30 22 2 37 12 42 32 
0

2
4
1
0
3
