90
92 62 4 53 23 23 95 61 6 73 49 93 99 9 8 92 54 19 73 86 55 2 37 60 30 81 53 46 42 65 12 83 8 88 67 7 20 13 8 63 16 45 49 25 35 50 51 82 97 33 46 56 6 73 52 63 40 98 58 82 88 12 33 58 99 44 21 83 29 43 22 72 19 45 76 84 46 60 1 0 43 34 35 51 48 20 55 51 95 32 
94
34 37 92 61 41 49 68 39 56 47 5 17 74 3 35 68 74 15 52 49 26 44 62 8 64 7 95 79 54 66 63 52 5 44 30 23 37 39 38 84 30 24 47 8 7 57 13 57 92 6 22 95 21 80 29 56 42 53 6 32 47 23 7 37 56 49 98 92 93 19 99 9 2 90 69 92 51 95 80 64 34 99 22 48 89 67 15 96 33 44 45 57 83 1 
95
40 10 40 24 44 1 3 67 58 99 92 54 0 28 7 72 5 82 90 20 56 8 53 39 99 9 83 23 42 57 0 13 52 51 53 19 98 98 69 62 66 41 58 43 73 76 39 65 79 54 59 7 38 40 82 86 94 7 21 41 16 77 56 23 22 60 76 52 10 35 99 4 57 13 31 96 26 43 77 35 15 61 30 60 59 88 66 48 4 22 64 51 15 63 98 
92
90 43 77 76 17 36 68 20 48 22 73 25 48 19 0 29 96 7 83 7 54 36 49 53 6 47 27 57 78 16 92 34 83 38 72 60 23 74 87 72 79 76 91 94 35 10 23 64 67 61 74 32 0 45 7 29 68 65 10 86 58 75 67 2 90 9 97 35 75 32 98 90 82 7 45 54 90 63 60 60 24 14 11 71 17 54 17 75 49 60 29 16 
90
96 88 16 54 79 65 12 62 38 76 42 7 12 7 79 89 71 22 5 90 59 19 11 92 12 17 28 34 40 16 9 31 12 45 18 12 4 6 54 79 64 61 2 37 78 65 91 86 41 53 27 13 78 68 62 61 81 49 97 94 42 84 54 29 66 35 85 87 64 70 82 95 63 25 41 38 26 60 3 38 53 61 21 31 17 80 54 61 67 15 
0

4
3
1
2
0
