92
13 57 9 98 7 61 31 68 20 19 18 28 70 17 30 64 93 27 28 51 88 48 86 46 47 17 70 83 61 50 69 53 72 1 98 98 95 48 95 86 87 5 69 17 40 64 38 66 18 19 96 36 56 56 5 81 48 96 74 14 37 78 8 3 92 96 99 27 68 6 61 82 60 75 51 40 75 52 82 97 0 53 65 95 5 26 81 75 48 99 17 36 
97
36 15 36 33 52 42 89 67 7 37 95 16 29 21 50 40 41 14 3 85 14 16 82 88 29 63 42 58 50 87 1 34 31 30 25 30 23 54 27 88 20 44 18 71 12 65 35 25 52 95 85 64 25 23 94 12 62 48 52 31 82 40 0 36 64 73 34 24 44 27 23 18 8 52 95 12 15 9 91 14 0 71 67 63 26 96 27 78 87 14 91 59 74 64 94 22 98 
98
75 98 92 21 55 70 59 51 58 4 38 71 10 43 61 3 52 87 2 77 48 9 23 55 68 9 51 15 47 27 57 76 83 9 21 60 44 11 62 39 59 50 62 41 92 7 8 35 6 11 80 40 63 87 54 81 78 57 80 9 27 7 93 23 44 53 1 1 46 2 60 70 70 63 10 2 72 26 72 28 71 20 0 24 10 81 56 86 71 17 9 67 70 12 87 7 32 69 
96
98 17 58 97 11 46 95 18 37 55 45 50 88 16 5 78 0 98 53 38 77 77 10 94 71 48 47 46 94 8 33 69 40 20 88 42 10 32 69 66 32 49 64 60 41 61 31 79 6 75 59 32 10 53 3 40 38 72 7 74 66 52 98 48 80 52 24 25 98 60 21 15 70 66 6 92 25 46 37 11 45 25 6 64 93 39 61 94 85 87 14 4 85 27 60 61 
94
50 85 41 57 46 24 32 63 85 56 53 62 62 4 88 53 63 95 28 13 95 31 48 90 9 76 95 1 23 14 65 98 48 51 43 50 94 94 2 27 60 85 88 91 90 52 12 30 83 18 7 40 68 99 7 67 58 30 99 41 10 5 63 76 54 28 13 53 59 50 48 6 41 90 28 96 94 8 22 8 7 90 14 30 23 53 18 62 22 68 68 81 49 13 
0

4
2
3
1
0
