30 121590036 23
7041665 6074131 4487881 4646027 1905157 7764418 3362721 3803045 2964593 8215946 3663772 9560526 6629793 4811041 5791943 9483000 4028581 1377533 913107 195051 1504802 8653297 1005819 1539777 5509909 8041491 9806235 8141377 1424651 7939326
30 154847110 29
9772657 7283941 4088016 4846171 3777681 402869 3541697 5950246 4342161 5582121 6895871 9157338 96963 7729961 1297719 5208695 7349131 1670686 3957241 9509578 3944961 1974229 7830849 9699457 121187 7769129 7378841 1346609 7675865 8602481
30 29551028 5
1667749 446314 9941241 5592628 5516006 8929781 4494484 6762609 6685397 2604524 5132553 6808476 9363871 3441765 7826149 6428041 7303586 3587157 3367751 3140945 831762 5251425 1533945 6376745 8666501 2732872 9797525 498115 2667936 7558301
30 132408149 27
9971067 5273248 6232581 6386929 3358723 2225401 5792513 7360529 547353 1487319 1140561 4390931 6989147 8289147 9448689 9351151 1204617 9529099 4248804 327925 8454457 1590381 244928 8038256 8246887 4900021 2407730 423175 1 4594897
20 64608318 10
9546452 4683537 6295376 3640689 1430161 480587 2727886 328385 7632486 9783121 4315244 2425837 3131821 6830443 2892638 9257225 3738841 33829 3437703 665805
30 10024280 2
5558271 8459490 1795301 1178456 2056309 7685585 2812097 5986193 768607 7491151 9161651 5564897 4556241 9255673 8574316 3914977 9717227 4400765 8719329 8219527 8255505 6300502 1109503 5260929 7818577 7615399 4268453 7383043 3965335 1848241
30 115450150 29
8862681 5838765 8380951 6270331 6158923 3973361 318731 1700836 5087489 3439448 3142875 2811891 3040131 1248599 275707 3327289 2141858 2114208 2804247 4626445 1407 5728521 8914549 4121961 3716867 7307481 1470401 1427596 8061661 2462229
30 133102300 27
9028555 8191345 2110746 7860001 7219681 3760347 2017297 288325 4258313 2306583 2174881 8980191 6979821 1649169 8305291 3219593 6470593 2399457 7312661 5509476 3682803 469827 1603734 3304201 8756132 7890545 7768603 2674089 2610571 4756046
30 109808769 24
6633565 6577169 1853089 3595361 3619811 422349 3934161 9975966 221421 5373485 2455481 3258163 1986371 8549651 5523941 3368507 3421484 812521 4658501 836065 1390547 8738769 5816521 8820789 9120063 5232353 554409 2840935 6858217 7413799
30 44283834 8
9612525 2601231 2940353 204383 2386433 8457529 4030216 4668003 5860323 3172001 672831 1772863 7873939 8696940 9423851 1734243 8221822 6378719 1787571 509484 4847001 3765669 4466941 3625553 8827171 7240001 2022027 7253835 3601926 1649105
30 26872801 5
7176832 3002701 847693 7946193 8890153 256585 2236397 6069425 4361364 7660798 4629345 1495623 4007924 4835297 7618085 2270399 5396596 5981514 2036861 5175853 217945 309125 7098406 815942 6600329 210281 4981437 537713 8009861 2710875
30 116290851 24
421297 186062 5389857 9872437 452334 1630314 2764853 4357369 7500289 5290699 575903 2996331 4722731 3000864 2113029 5356427 7364566 2273620 6912163 7830901 9320001 5997433 7451909 6640969 5916737 2712645 8253629 3868731 8489063 9367126
30 32701661 8
2396041 3525433 836605 6686221 5945836 8462006 5239823 3910132 2139354 8698451 6966501 68380 4976537 6550461 9001961 4723257 3567385 3351969 5873023 8471781 69898 4550735 1329575 8315071 1647033 3895399 2973341 2012285 5639275 8172658
30 33461180 7
6340718 971937 5684486 1030551 7992473 815389 1560067 7534661 5467526 1747009 6080058 6027009 7136595 49893 989443 9511317 1855094 2302801 7483701 8560552 2518481 8605481 188202 4386833 1819191 7481740 1630544 7287683 4741147 1779123
30 10634332 2
6040676 9691813 9830897 3012801 6212745 1361236 8254469 5297099 1085149 8694386 699625 942519 10709 2609272 1789201 3353903 5666305 16071 7966896 7289819 287929 509736 7125121 9937301 918611 3774561 5160883 6232948 8728385 643421
30 130713868 25
3311631 1326939 8094897 7728545 3300858 7854129 1825116 9297565 3020449 7968501 4873502 6638869 3782862 4658564 889121 6035366 8444646 8630716 9253017 8827351 34506 4653187 1385799 3367911 5931951 1232481 9664095 7629537 847486 3860097
30 37097918 8
9607251 2810919 1506017 8935481 6651953 9286084 6594601 9714866 3227272 8837223 8842168 995851 1637837 5358691 2969197 9158216 9261206 5116987 208326 655916 5268301 7518255 3018273 4437313 2711537 1953883 3836113 3715902 7789381 305178
30 10978191 2
4117206 4652531 4765638 4865452 5435396 5542795 717444 7750979 1165183 1154762 2266741 1568426 5094801 339676 615821 7164697 2870231 1799419 3868239 7997921 7845949 2646961 6630211 6640555 820641 9289021 9272617 5183476 2495609 1754251
20 84745022 10
9981916 9331242 6526431 2125951 8680812 677235 3765016 525860 7000825 2627482 8602692 7401161 4312001 572673 5866288 1392481 2747019 9746743 6935613 9363737
30 147264436 30
1304385 2076475 3210389 9664301 1918576 3381152 5333229 9976255 1618864 8101481 3155311 9163725 708729 6914689 7526281 9335401 3773775 6905980 2122421 1004412 4414056 6973139 1753865 900081 4215417 5232486 7745671 4769367 8665305 5399218
