20 84704133 10
0 1821665 5667696 3264386 8318306 5304937 8266028 2912309 9343362 0 2124394 -1828716142 0 31057 351260 9401229 6789695 4636834 -15585904 2154941
20 83174948 10
4419641 8318306 0 2250865 3908357 3184712 4827421 5206285 2929182 7757058 6748364 6789695 7827896 6255765 6621257 8201741 3540773 5490856 7916148 9369829
20 83793528 10
2582081 3540773 8797349 1409524 3750783 6576860 8786705 4522217 7757058 5010719 7398859 1022953 5077657 3908357 9792351 1166161 8187518 2912309 8749755 9036588
30 131147017 23
3613412 8322126 6989056 8825713 7799522 5077657 1005827 3690361 6681071 5918609 3003975 6474321 4522217 7273761 2422326 8797349 1853601 9600510 8817301 9963107 4889794 1528157 6110928 6273072 4828206 5727105 2912309 4935786 2737435 1080284
30 127930069 26
653180 2398241 4828206 9600510 3481161 8825713 3281017 7825605 5701779 1080284 7582256 1528157 4752913 4326643 9262621 6681071 6188751 4711737 1700721 354103 2272001 681273 5409112 5571555 5077657 9216061 7273761 3959152 5119441 9916189
30 8576686 2
4946152 9307233 8378903 9461729 6681071 3959152 8064677 4559573 999333 2169511 3003956 1352393 4711737 9613305 5300082 751081 4704065 5409112 5625492 3298776 2906377 7023105 7582256 3231287 3481161 7825605 3133761 2112841 2592001 6061393
30 32402906 8
5502846 7678045 2592001 8828837 5409112 3959152 4893289 4727796 1607489 6925301 3298776 4559573 1758930 293886 9110273 8378903 3610036 4670589 2602255 7363419 1352393 3814803 8250861 3059235 6150441 1577021 2011141 3231287 751081 5167416
30 126345736 28
8675081 293886 1577021 3557581 160636 4318855 4325996 4559573 7729239 7623971 7715410 1190455 4104041 1620322 1870197 6779665 1553257 5409112 7544301 593549 1352498 3814803 5847787 4727796 7678045 926750 4670589 5167416 9428461 4703022
30 184577 1
211277 2573951 8751321 3302681 6150704 160636 570505 9638233 4104041 5949289 3500581 9124451 7060218 5079341 5502922 3814803 5697121 184577 5409112 2853311 316815 3528876 7623971 2111326 8553601 9428461 8595616 5421686 8106221 4787369
20 81546586 10
5210277 7673331 160636 9824616 2272491 2526098 5787464 3864581 65345 7730448 2565405 7623971 8751321 5079341 9939758 7642655 5409112 6395789 4048751 9716632
