8 256 7
95 92 53 57 69 1 95 51
10 198 5
58 76 8 5 79 22 78 15 8 47
10 92 6
68 5 39 81 41 1 16 57 1 78
5 227 5
45 30 36 46 91
8 193 4
90 28 33 17 54 65 42 86
8 214 4
53 88 1 45 95 8 89 15
5 105 7
73 24 11 68 34
10 277 5
16 58 66 32 13 81 93 63 61 71
6 167 6
56 21 88 52 78 39
9 166 6
32 4 17 58 67 12 35 97 10
6 153 6
33 64 100 58 12 40
7 169 4
43 72 80 10 75 49 9
10 307 7
43 33 84 35 46 97 29 26 10 30
8 129 7
20 38 13 27 55 3 25 78
7 293 6
66 27 12 43 52 43 85
8 238 7
58 57 43 76 87 67 53 35
8 394 6
3 27 87 85 2 65 49 56
6 312 5
88 79 59 7 17 4
9 209 4
98 43 65 42 45 80 13 23 10
9 181 6
98 20 99 47 15 62 58 22 72
