9 63224 6
10456 10703 10138 10878 10195 10716 10507 10063 10538
8 41857 7
10294 10674 10439 10602 10081 10638 10440 10547
7 36166 7
10135 10413 10486 10382 10286 10446 10185
8 42067 6
10509 10475 10799 10403 10298 10719 10131 10800
8 41843 4
10763 10232 10565 10152 10887 10355 10460 10272
6 51450 5
10600 10318 10208 10162 10859 10430
10 52786 5
10272 10887 10612 10417 10449 10849 10067 10976 10550 10494
10 42213 4
10628 10634 10705 10971 10028 10332 10418 10456 10348 10958
10 52696 4
10965 10054 10452 10783 10340 10538 10683 10540 10097 10941
5 63150 6
10381 10129 10663 10361 10924
7 61524 6
10427 10294 10001 10455 10564 10621 10124
5 71876 7
10368 10646 10422 10282 10174
10 52734 7
10480 10202 10441 10614 10877 10924 10261 10633 10074 10962
10 63616 6
10313 10276 10936 10458 10226 10466 10953 10679 10657 10252
5 42020 4
10290 10560 10880 10696 10628
8 42590 4
10831 10450 10105 10078 10908 10478 10310 10700
5 52518 5
10563 10982 10156 10382 10205
5 26386 6
10172 10857 10960 10126 10657
10 52451 5
10629 10653 10945 10089 10470 10210 10409 10453 10054 10991
7 52681 5
10083 10410 10903 10806 10312 10072 10572
