6 418477 4
103902 107057 102773 101148 103249 104745
5 264987 5
101211 101578 108681 109187 109317
8 418774 4
102495 101317 107977 108380 102501 103407 103487 104492
10 629994 6
100580 102355 109743 107601 100779 100312 102020 109850 106105 109738
7 373975 5
106532 104763 108735 108409 109327 109470 100715
9 470057 7
103347 108784 106139 103849 101010 101726 103363 109562 102334
10 732983 7
100524 104386 102220 109611 105830 107309 107824 102978 107452 100506
5 257858 6
101137 104576 103695 101948 104360
8 421927 7
103140 108705 108456 104136 100953 105960 106044 106461
10 516742 6
100163 108386 104958 105474 100519 102423 104924 101184 102302 103151
9 476966 6
109472 108729 106914 102414 106850 106573 109322 103147 100512
10 520423 4
100878 107973 108969 109126 101358 100972 103575 103493 103518 100985
10 530640 7
108638 100917 109994 107724 107476 109717 100084 100864 107488 108378
5 416139 4
106664 102433 105622 105992 102092
6 618982 6
102245 101614 101877 109213 100141 103892
5 264034 4
106874 108062 101522 109240 102371
6 317492 4
108688 108623 103904 108453 104314 101002
9 475464 5
108185 107650 104024 102068 101619 108914 101825 109932 106712
6 309092 6
102843 102441 102334 100198 102774 107595
9 731144 7
101183 105056 102022 102823 103799 101678 105333 107596 104515
7 362939 4
108132 102710 103854 100739 103003 104989 102452
9 513404 5
106803 107495 101630 107874 101132 102432 104862 102469 101370
10 527091 5
103962 100450 103095 107584 109112 109557 102865 103000 106850 103927
8 523171 5
107540 100788 100734 107153 104435 101900 107960 105037
10 626104 6
103694 101619 106550 101733 103904 103834 102297 106402 106904 108822
9 414505 4
100906 106357 103137 104052 104283 103604 101754 109639 105943
7 370592 7
108047 105401 108189 105613 107336 102933 103665
10 522312 4
105982 104364 104012 106307 100330 105278 103594 102299 104524 107934
5 410697 4
104127 103639 100837 102640 102094
6 528048 5
100156 109253 101315 107434 107887 103318
