8 4065565 4
1001954 1028480 1027477 1005750 1020070 1029775 1027740 1003595
8 7122675 7
1027045 1007859 1024978 1022223 1020930 1021594 1010219 1014872
7 5055224 5
1026095 1001827 1015162 1004172 1021444 1015681 1012619
8 7084595 7
1026549 1025856 1027692 1000436 1001898 1003338 1015053 1011465
9 5085108 5
1015554 1018250 1002133 1011772 1008865 1029716 1004360 1026613 1029890
7 5081876 5
1022483 1016878 1007319 1028062 1005046 1024922 1022106
10 5083628 6
1025992 1005131 1030737 1006977 1010773 1008668 1025970 1004834 1030503 1017672
9 6072865 6
1004327 1008535 1002205 1019510 1002973 1002953 1031568 1008074 1020892
5 2541976 4
1024388 1015891 1009271 1002116 1032287
8 6083128 6
1026546 1007686 1013606 1028062 1001565 1001176 1018476 1015249
7 6129127 6
1023065 1003763 1011715 1031982 1008585 1030675 1031057
9 4562636 5
1009734 1012663 1000250 1025437 1005664 1018943 1031772 1009731 1011079
5 2536745 4
1021372 1014923 1015512 1004342 1017341
6 5066232 5
1006709 1007814 1000313 1008092 1028848 1014769
10 5069451 4
1013393 1000070 1005114 1026262 1010312 1020114 1004546 1032119 1021568 1005405
9 5081670 5
1000366 1001872 1025317 1000040 1029002 1030802 1029793 1011117 1010383
5 2538059 4
1029702 1000593 1016584 1009231 1020009
8 6114444 6
1022648 1015716 1024279 1017035 1021816 1025093 1012950 1019371
5 2538329 4
1005908 1018722 1015495 1008151 1028383
6 3039104 5
1025582 1006712 1024278 1017080 1002384 1002173
6 3052026 5
1007886 1025770 1020735 1028597 1020512 1000553
10 7142510 7
1024668 1008224 1031793 1031635 1020888 1026169 1027322 1017083 1017433 1013843
5 2541751 4
1020109 1006119 1028493 1011886 1016895
10 4067376 4
1009538 1007373 1017928 1030837 1032198 1025400 1012579 1029004 1001279 1006032
10 5109060 5
1029245 1008831 1031162 1012025 1017820 1026883 1027019 1001448 1032356 1031331
6 3032001 5
1003775 1032709 1002355 1002970 1019391 1002803
7 3528681 6
1011071 1007170 1003575 1009417 1011761 1011923 1002446
9 4577239 6
1021657 1004778 1032124 1022755 1004677 1026063 1001237 1020677 1020511
9 4054268 4
1006186 1015627 1015068 1006135 1026926 1014176 1021748 1015021 1002388
9 4597993 4
1031646 1025778 1027358 1015375 1026000 1031043 1005943 1021798 1011046
