5760 -5868
-2887 1556
8932 -439
5054 6379
1295 -6109
2990 1313
9719 -3270
-1265 2554
9901 -4931
9922 5207
-2673 5408
-2337 -2555
-3218 -4505
4284 -4428
-9193 -758
9582 6567
3375 -3306
-1878 2306
9976 -3104
2405 1271
4508 -885
-7417 7948
5845 5040
501 9467
-6171 422
4673 4877
-450 -3944
-7678 6332
1552 6606
-4376 2359
-432 -4795
2646 -7058
5621 -5512
5249 5596
1385 1374
-3134 -387
-9511 3171
-2440 -9946
1931 8061
9521 5760
2203 7915
637 -8247
-6030 6680
8085 9243
7006 -2570
5322 -3427
2635 -2033
-484 -1745
6177 -1515
-6149 1282
9859 4438
-9106 -9653
-2392 -1545
-9598 9539
-3485 -6357
9020 8719
-8443 3377
-5808 -751
3777 -7724
-1509 782
-294 -2466
-8925 -3938
9222 591
8038 5398
-7204 -4391
-3321 -7345
-9953 -2426
-3277 1376
6029 846
4636 -3736
8211 3655
-5018 9768
752 -826
2737 -5472
5172 -5051
5310 -1402
2483 6385
8381 1704
697 6419
-2898 7214
-7973 7502
-6411 -7926
-4925 313
3451 -5176
-5121 -1914
1089 -6911
-4539 9792
-3422 6213
-1034 9315
-9260 -2142
-5737 9771
-9824 -9534
9876 8558
5892 572
4976 -3286
1507 7003
-5785 5096
-7202 3012
-871 9970
7836 4009
