-4050 3344
7966 1549
8876 -5752
-7478 -9001
-2316 4078
-4797 6876
-7213 8480
-1510 -6008
-7395 -4758
-586 9644
8779 2429
-468 -3263
532 -5876
3248 -5980
4781 7273
-8839 -5548
4337 -7153
6001 6933
-2904 8523
7932 8501
6322 -3145
9097 9109
-4666 1307
-6899 1660
6549 2515
1304 5328
-1336 -5444
-7936 9196
-1320 5313
-6784 -2818
6306 -1902
1634 4363
4666 1355
1295 -4518
3599 -774
-2297 -80
6081 -3201
-972 -4865
8107 2129
-9484 4655
-1636 5541
3703 7029
-9904 5768
9945 2497
4801 -3119
9679 4827
8700 1312
-811 3366
-3612 -9517
8848 9987
3430 -3449
-94 3231
7071 8934
-7914 5177
4784 -7398
3553 -6853
8143 -2745
-6104 8239
-3257 -2438
736 -4736
4443 414
-6189 3143
-4553 6721
-3492 1835
7204 -924
5542 4354
9348 -4553
1305 6419
-1899 3392
5316 -7116
5994 2589
-247 4137
-6435 7370
2375 4029
-5069 -6890
-6986 9375
7246 -3175
6238 -3587
-6454 -3534
-8032 -5530
5542 7510
8825 8611
-3323 129
5029 4778
-2759 4065
-8617 -6765
375 1136
7372 3940
-1495 -254
-2032 7158
6578 982
6532 7544
-8472 2769
-2323 -4926
-7045 -355
-456 8497
875 2089
7107 7552
-4061 5856
6050 3180
