3462 8651
-3254 -3011
7692 -4941
-8539 6150
6292 2870
-5748 -6042
6091 7299
8315 -102
558 4026
1919 9865
-4889 -4153
2421 -1290
-8731 3790
-7330 6964
-5854 3176
-2643 7608
5547 7825
-1683 3238
-7117 3499
3109 9176
-3631 7361
-6867 -7541
4659 -4831
2357 -4784
9195 -2003
-1198 -1974
3844 -8778
-9544 8834
8734 -6873
9518 -7121
-9977 -3125
-5793 9292
-5301 6245
6250 1303
-257 -642
4199 6112
440 -8947
-7709 -4902
-57 8370
4036 -863
87 -3442
-9116 -2349
1501 -4939
-3516 234
-1812 -278
3113 1933
-9683 -8960
1224 -4984
7285 -2527
-9960 749
-9448 4239
581 992
9013 6594
6090 -1045
8684 3846
-8187 -1230
-9597 -7303
6421 1905
-2242 -7096
-4141 9668
6347 -7307
5321 6665
-6267 265
-4599 -5261
-8542 -4559
5488 -7990
-6599 -211
3002 -7587
-3618 2813
1369 -4935
379 3182
3835 783
9600 255
-3592 1078
6880 2267
745 3227
4960 -214
3612 -7586
-9950 9013
-2847 -8491
-5546 -3639
-6481 1576
6150 -9758
3989 -3747
6776 -4643
1318 -2846
-7741 -1126
7937 -8142
-7151 -1935
2937 9730
-5947 -6319
6677 9013
7189 288
-4853 7239
3021 6021
8748 7475
-7619 -4012
-950 -7748
-49 -3240
2226 -3274
