-8225 -7167
-2523 2534
9030 -3555
-5357 -9004
-4188 1303
3687 -2307
8484 -8459
-6446 5038
5693 -3093
-5513 4900
6680 -1127
-7303 9724
256 8747
371 -8094
-1137 -3487
-5991 4359
-654 1486
-3108 -1625
-8349 5256
3092 -2537
279 500
8878 2483
2041 -7569
1241 1455
3060 5728
-3646 -261
-5399 2772
3183 4857
1518 -2725
-9517 -5899
3788 -5508
8460 -3146
9699 -928
8950 -8651
-1952 2041
2534 8328
-7460 5132
810 8303
7563 -7949
-243 4343
-8501 6111
-5918 -3900
2603 -9015
-5323 -2159
-1740 -4839
1943 -4232
3374 402
2622 3073
-6805 5292
8143 4964
-2667 676
3291 3594
-4193 -2178
1896 -2909
3594 -8348
-8567 5093
-8517 -764
-8807 7807
3943 -409
-4352 -7798
4752 7591
1692 -1874
1713 -1966
-5081 8629
-6674 -6939
3593 659
7459 -3117
-5748 -6735
8426 9870
4077 2019
-4758 5511
-2888 447
-1533 2026
-1747 -7591
-8384 3901
-1667 -9911
1491 -9976
1936 -3075
1779 6855
-4447 5105
-6364 9146
-4237 -8906
-250 3737
-1919 1896
7327 -7843
-6085 -7432
-8612 4748
3015 3577
-3227 -8732
5986 -1611
8890 -1961
2199 4102
1784 -5866
-8974 -6437
-5291 300
8668 -1654
3167 -1848
3161 -3363
-4391 -8759
8533 -7065
