-6077 -8236
6798 3753
8533 2807
-1304 -598
1320 -2872
-9819 -2338
1049 3278
-5142 5357
-3395 -3517
7275 4799
-9586 2433
6667 1082
7180 8720
-9 9047
898 -1503
-5994 4822
3982 -5475
2295 6236
-8948 -9010
-642 6093
1840 3261
-6246 -7112
-3462 2333
-8035 6865
8817 9241
1663 -7049
1673 2051
4033 2573
4491 -2256
1619 -4612
9962 9347
-9791 3943
-2408 2505
3899 -1356
7216 -6743
-5264 -945
6518 2211
5664 -3224
-5457 7630
-6360 -2920
-9410 9025
31 2263
4796 -2216
-1444 -714
5528 -9826
8395 9210
9521 8605
6874 -2888
4830 772
9477 5766
4029 -2067
-1458 4267
-6136 -5795
-8957 -1592
-4445 -1596
9209 -3855
-2572 2961
-7872 -7777
-9256 684
5230 9994
4580 3625
-7077 7821
5950 9797
-1346 779
569 -1870
265 -1682
9785 8807
-3694 -6352
-6988 -2651
5777 2288
5753 4986
8434 -3098
1667 -9439
2846 2411
4967 -1924
6125 3267
-8300 9049
1087 7650
-7435 9741
2149 6855
1592 -3866
-4827 5097
-5059 1479
8745 1674
-7452 4522
-6039 -7979
3228 -7606
2644 -5106
-3323 -4510
-8975 -4636
7287 -9129
8631 8987
-6360 3438
-9644 -3795
3179 6226
-6940 -1509
-7641 1954
-6413 1021
-6568 -3948
-7306 -299
