-4676 -8683
-1299 -4988
8551 3401
9548 1582
-838 -8461
-1144 -7268
-111 -1980
3975 8655
-4781 -8930
-713 -5009
-4222 8039
6630 630
-3138 -9225
-5794 -8
8237 -7890
6255 -2719
-6573 -1324
2293 -8022
-7923 1840
7281 4960
7101 -142
-8588 -3011
7878 9109
-636 -6904
-9822 8651
1809 -323
-9591 -1562
-9694 993
2934 -1767
-9016 4891
344 -9041
-7829 3771
-365 4465
9470 5433
25 -9529
392 -2875
329 5526
7835 -1794
4634 -2801
5023 8533
-430 -3169
-1791 3701
8990 -1485
-5307 1923
-9531 -602
-3187 4534
357 2706
2025 -6288
891 5216
9146 -9085
5687 3258
1762 -264
-1217 -404
-8338 -2863
-9485 6685
-4331 86
-2763 7599
-6214 -3774
-165 2200
-8130 304
-8403 2404
-5163 1954
-4891 6862
5666 9721
2077 8532
-9364 1484
1790 6119
-8781 -5707
-565 -7119
1431 -49
-6713 7100
-6243 4245
4699 1264
-9530 -5467
-6537 -3939
8558 -4940
8466 -6606
-9266 -2705
-6024 -9880
-2984 9775
8653 1373
1258 4163
-2509 6199
8456 -9354
-7200 -114
597 -192
707 4354
-5948 -874
-4383 -5477
7380 -920
4305 5937
7861 6491
-6949 8595
-6214 748
-7564 4523
522 -8912
-384 -4499
5251 -9173
-8301 3706
-8527 -1780
