-1692 -984
-3971 2834
4444 -4597
-6942 -2117
3666 -5447
4333 -7861
-9057 -8880
8851 1659
8846 6863
-7336 5405
-5051 4676
-6519 -7428
-8420 -995
6067 117
-6464 9128
3129 5565
-1857 -7122
-1602 -3693
-1719 1456
7912 -4332
9730 2244
-2193 -9327
3364 -3343
6053 5931
-2759 -7563
5056 5911
7113 -7743
8484 -7586
1262 8271
6252 8520
7398 -620
4084 -738
5979 -3797
9290 -5740
-8621 7201
3649 -8891
-555 -8545
-4497 -3471
1834 -8445
-7541 -7205
-6007 -8764
8706 -5174
-6507 -9091
961 8477
9181 -2787
6996 -9702
-9687 4800
-440 6293
-8998 2571
-5727 -7618
-229 -8358
-2788 -7064
-3182 2715
-534 8652
4270 5646
-4833 -8017
6882 -6127
531 -5904
-1497 -8509
-7428 -2317
-1296 -6712
1703 2739
8088 -8738
-969 9091
7554 7025
-4807 -2675
8667 2405
261 -4516
-1160 9727
-2143 -3170
9094 3024
-1186 9696
-9383 9345
-6209 -879
-9165 -3637
-9476 3261
-349 2227
-4001 1460
7211 8751
4271 4764
9496 9464
-4191 8162
5589 6071
-2634 -5572
9518 5223
1258 -7669
1968 -6208
-7973 6306
-3143 -4182
-4574 -2307
2182 -328
-5326 -4447
-4381 4394
7013 -7171
3144 1283
-8686 2639
4467 -2877
4521 3776
-3086 -8114
8204 -3568
