-8186 -328
7616 -5807
-7948 -1189
9472 -5995
2372 -7376
4129 7466
-8224 7994
99 -9638
7999 -1670
4326 -7227
-2538 -3241
-6085 9434
-762 4834
6878 6481
-8798 -2950
2505 -6984
-9558 3841
-2791 -3785
-3628 -3320
221 8744
3025 -1930
9931 8523
-3937 29
8885 -2218
-7921 3211
556 -458
-6310 8192
-1025 2929
3025 -427
3130 4227
6624 -4366
7243 -9214
-6805 -1828
-2998 -433
8573 -9057
2031 1597
-987 1961
3840 8798
-8010 2725
300 -5931
-344 -5424
3611 7067
-7233 -3693
-5 9513
5880 -6876
3739 6224
2479 4702
7011 9395
-3406 -2267
-1039 -4834
2397 -9008
-9516 -4870
6674 4324
-6073 -7616
769 7949
-3546 -9576
-7476 -6215
7492 -987
3813 1207
-1475 3414
8053 -4015
-363 4252
-5593 368
3647 1002
-8179 -7393
9889 4218
-2680 -9628
9349 -6006
8418 -3004
-3622 2907
-5056 6553
3332 1190
-5941 4544
-9798 -8408
-529 2448
5006 1244
8433 -5357
-4504 -3439
8732 9143
7563 -9447
-4530 -8829
4771 6512
-4735 4119
-9495 -6318
-8885 604
6589 -220
878 3641
-5310 8658
1905 -1387
-9751 -4903
-8939 5256
6341 -6786
9899 -4443
-225 8630
-5301 1058
-7097 3891
2230 7675
402 -8785
5514 4628
-5103 -9651
