3
1 2 3
4 5 6
7 8 9
3
1 1 1
1 1 1
1 1 1
4
1 6 9 5
4 6 5 8
2 3 5 7
9 8 6 7
3
8 19 1 
2 26 39 
39 49 11 
2
1 9 
19 3 
1
48 
3
1 4 2 
50 46 15 
50 23 50 
2
40 40 
25 41 
4
31 41 10 42 
40 4 27 24 
20 23 39 49 
45 3 1 11 
3
31 23 46 
16 44 19 
3 31 38 
1
15 
3
2 10 19 
1 23 25 
17 5 49 
2
14 15 
7 29 
1
37 
3
50 3 5 
9 18 28 
7 15 40 
3
32 25 18 
27 32 20 
11 17 35 
1
21 
3
50 21 16 
43 19 11 
8 11 46 
3
2 2 26 
25 14 21 
27 40 32 
4
41 22 49 15 
16 24 29 21 
35 1 4 50 
22 42 19 33 
3
3 24 22 
17 45 3 
45 3 46 
3
2 24 4 
41 30 46 
7 39 35 
4
7 44 9 32 
34 27 9 48 
35 42 47 49 
32 28 22 18 
3
7 16 33 
35 43 34 
29 43 22 
2
45 31 
23 29 
3
5 42 43 
41 49 44 
12 24 45 
1
49 
1
6 
4
41 22 27 24 
23 23 32 15 
50 25 17 15 
22 40 9 29 
4
48 1 50 23 
8 26 40 25 
23 50 10 37 
26 14 47 41 
4
3 4 7 18 
39 1 37 24 
1 40 12 43 
33 24 12 7 
2
15 18 
49 8 
4
17 40 20 12 
33 34 33 7 
9 43 11 39 
50 42 21 37 
4
18 46 19 47 
21 8 21 19 
37 30 35 33 
37 12 28 32 
4
4 41 10 8 
43 30 30 46 
7 30 14 18 
35 3 28 24 
1
4 
1
33 
1
49 
3
12 18 17 
46 5 36 
2 27 30 
1
3 
3
45 47 25 
28 24 50 
13 38 19 
2
32 3 
32 33 
3
8 13 30 
33 25 50 
10 39 1 
1
23 
3
2 33 34 
26 49 13 
11 38 31 
2
19 22 
25 16 
4
6 7 1 18 
34 43 16 28 
19 45 20 45 
45 30 7 26 
1
21 
2
34 35 
39 40 
2
10 35 
44 29 
1
19 
4
32 21 8 37 
34 45 7 24 
22 32 27 25 
20 23 34 24 
1
21 
3
10 9 38 
18 27 9 
49 39 13 
4
16 12 30 23 
24 9 18 42 
31 50 7 8 
30 39 15 1 
3
36 20 2 
41 10 40 
47 24 41 
2
49 50 
30 46 
2
31 6 
17 45 
1
19 
1
43 
4
16 10 26 35 
37 20 43 43 
43 10 8 6 
13 48 33 49 
3
38 10 15 
31 18 20 
50 15 13 
3
34 32 27 
35 45 45 
38 25 5 
4
9 31 45 32 
23 8 10 26 
19 46 16 41 
16 16 50 33 
4
27 1 11 43 
31 43 46 14 
31 1 21 49 
36 26 5 24 
3
25 2 4 
17 43 47 
50 26 48 
1
14 
1
11 
1
39 
2
28 20 
45 34 
2
27 28 
16 14 
1
26 
4
20 17 34 35 
2 4 12 20 
31 45 24 10 
28 31 4 31 
2
46 6 
17 10 
4
49 10 31 12 
34 40 46 40 
43 50 23 12 
11 29 26 23 
1
19 
3
10 36 43 
41 18 44 
44 20 23 
3
4 21 33 
16 18 40 
27 38 50 
4
42 2 32 3 
46 39 5 48 
34 36 10 47 
32 3 35 5 
4
6 27 21 3 
1 19 5 35 
43 5 26 12 
33 47 34 11 
2
40 11 
6 4 
3
21 13 35 
34 50 40 
46 21 1 
3
31 9 2 
28 40 50 
32 27 7 
3
9 32 6 
1 21 34 
31 9 45 
2
4 47 
22 24 
2
24 47 
47 17 
1
45 
4
35 33 15 8 
22 17 46 46 
35 3 27 18 
34 7 23 3 
3
20 20 34 
26 29 34 
33 32 44 
2
23 1 
28 50 
2
27 19 
23 24 
4
48 50 38 21 
6 32 8 34 
21 11 26 16 
49 37 47 29 
3
37 25 26 
35 37 38 
13 29 12 
3
35 49 40 
28 43 47 
31 47 37 
3
40 40 14 
46 41 2 
19 35 23 
3
49 20 24 
7 43 34 
16 16 4 
4
44 24 19 32 
12 22 36 4 
9 40 43 4 
35 5 5 25 
1
12 
2
23 23 
15 27 
3
8 5 18 
19 7 35 
19 38 22 
2
20 23 
18 15 
2
44 21 
35 6 
3
15 1 13 
2 47 29 
36 43 17 
3
47 7 49 
47 39 3 
9 22 25 
4
7 30 43 5 
16 33 25 12 
49 38 39 27 
46 8 1 46 
3
38 9 16 
46 15 15 
20 38 31 
2
37 49 
46 15 
4
5 26 32 21 
17 6 17 43 
27 6 3 13 
9 28 41 19 
4
18 34 41 19 
20 10 3 33 
42 40 35 11 
43 4 48 9 
1
37 
1
31 
1
12 
1
5 
3
27 21 46 
48 42 16 
6 14 16 
2
30 18 
5 34 
4
37 1 10 4 
21 15 28 41 
49 35 5 29 
1 7 28 31 
3
21 36 20 
11 39 22 
16 41 34 
3
16 15 28 
6 18 39 
36 48 6 
2
12 12 
8 40 
4
4 19 50 46 
45 33 23 9 
17 8 27 25 
20 17 36 23 
1
19 
2
48 16 
35 41 
2
34 27 
37 14 
4
30 27 5 11 
41 38 9 17 
41 3 2 36 
20 42 15 18 
1
1 
3
45 41 32 
23 30 28 
44 34 9 
3
4 34 24 
43 42 33 
44 14 11 
4
21 2 20 4 
10 30 10 19 
38 12 30 47 
14 20 45 23 
3
17 29 1 
49 26 7 
25 26 49 
1
39 
2
7 33 
50 45 
2
4 22 
34 45 
4
30 13 47 1 
21 24 27 5 
19 5 39 1 
37 35 34 34 
2
36 2 
47 22 
3
24 25 25 
23 16 1 
45 30 22 
2
39 20 
11 43 
2
8 44 
48 12 
1
40 
3
45 47 8 
43 43 12 
1 16 15 
2
16 6 
38 15 
3
44 42 33 
31 34 23 
16 14 26 
2
19 24 
14 39 
2
40 35 
19 10 
2
47 29 
6 26 
4
11 40 49 2 
39 43 13 3 
50 6 11 5 
3 1 15 36 
4
49 16 46 31 
14 35 37 13 
23 11 9 48 
48 44 40 28 
3
38 25 37 
43 30 18 
4 7 48 
2
4 36 
32 14 
1
41 
2
7 6 
18 41 
1
34 
4
50 30 25 33 
19 26 37 42 
33 22 45 9 
13 30 3 2 
4
1 45 44 7 
19 4 23 28 
45 26 17 37 
28 35 32 29 
4
4 14 14 47 
5 46 13 43 
38 15 29 39 
35 24 47 34 
1
45 
4
33 36 50 26 
48 42 49 50 
41 21 6 2 
5 38 24 23 
3
19 50 9 
10 45 13 
36 7 41 
2
45 19 
47 33 
3
22 17 19 
24 4 14 
30 26 38 
3
18 34 42 
6 21 6 
32 26 26 
1
44 
1
48 
3
5 26 41 
50 31 47 
35 6 21 
2
40 14 
36 39 
3
24 31 37 
29 22 25 
5 45 8 
3
43 22 38 
9 7 31 
36 36 47 
2
45 23 
44 36 
3
38 42 35 
10 41 26 
10 20 2 
3
24 16 36 
48 15 19 
32 1 49 
2
32 43 
13 49 
2
39 29 
24 44 
3
15 48 47 
6 39 1 
33 2 15 
4
2 34 19 9 
28 49 22 30 
49 47 46 34 
47 20 24 34 
3
39 20 2 
15 3 16 
9 46 27 
4
31 16 42 46 
18 4 36 25 
31 7 13 22 
15 5 42 47 
4
24 19 8 9 
41 30 26 8 
28 27 7 31 
48 14 42 4 
2
22 44 
16 15 
2
26 44 
50 38 
4
47 9 50 13 
9 18 15 2 
18 10 2 40 
14 11 22 40 
4
6 22 15 28 
16 45 43 4 
12 33 45 38 
37 11 25 44 
1
46 
1
38 
3
23 37 8 
36 30 18 
18 26 23 
1
30 
4
26 26 7 4 
3 6 35 44 
2 3 25 48 
28 29 30 15 
1
31 
4
15 48 24 7 
13 2 11 24 
27 38 42 29 
48 11 16 45 
2
49 40 
43 44 
2
10 27 
2 22 
3
37 33 38 
46 32 45 
17 17 8 
3
12 30 26 
33 44 49 
5 18 33 
3
10 39 5 
32 49 33 
33 31 34 
1
6 
4
35 49 36 21 
20 49 19 16 
38 40 43 13 
43 31 47 36 
3
15 41 31 
38 22 2 
44 4 50 
4
12 37 35 44 
8 7 2 50 
26 9 13 11 
33 5 38 20 
4
17 18 10 11 
50 10 8 30 
48 25 47 2 
4 7 33 44 
4
15 27 42 35 
39 7 8 49 
30 31 6 33 
46 24 24 49 
4
19 7 2 21 
45 32 20 6 
20 44 33 50 
20 28 42 29 
3
47 34 40 
41 41 21 
10 18 37 
2
37 46 
7 43 
1
33 
1
26 
2
41 3 
38 13 
2
48 6 
27 28 
4
18 27 45 35 
2 5 25 48 
9 34 37 3 
44 3 48 43 
4
34 37 4 26 
25 23 5 14 
8 33 42 32 
41 44 31 32 
2
31 10 
50 22 
4
40 26 4 11 
29 38 24 34 
32 26 32 21 
12 8 8 42 
4
14 13 18 15 
11 17 21 46 
22 29 48 37 
42 12 9 31 
3
40 21 34 
43 49 50 
47 16 50 
4
7 40 22 24 
50 14 34 23 
32 2 27 12 
15 32 18 23 
3
4 36 43 
22 28 15 
21 12 13 
4
27 10 2 12 
14 32 24 36 
34 21 26 27 
43 2 13 3 
1
19 
2
9 23 
17 46 
2
13 13 
18 41 
4
8 33 7 27 
34 15 2 11 
20 10 24 46 
5 27 6 21 
3
22 43 40 
23 49 22 
41 42 9 
4
44 17 13 11 
6 39 19 35 
50 46 3 38 
40 20 33 44 
4
18 27 35 36 
39 19 46 10 
45 47 23 43 
12 1 40 22 
3
24 29 20 
19 35 14 
36 1 29 
4
49 39 23 9 
39 21 31 31 
25 17 28 19 
25 12 22 2 
4
17 45 9 22 
8 5 45 12 
40 15 4 14 
45 3 36 22 
1
29 
3
4 39 47 
49 20 40 
21 21 16 
3
34 5 26 
8 48 9 
24 6 31 
4
23 9 37 42 
40 40 2 18 
35 14 48 22 
3 21 16 15 
4
27 36 27 28 
24 25 25 10 
48 12 50 3 
41 9 2 16 
3
14 48 43 
44 3 49 
37 45 22 
3
46 11 8 
5 49 5 
9 20 26 
3
5 45 46 
43 41 15 
5 13 40 
3
12 4 8 
29 27 3 
13 14 34 
3
17 40 2 
19 44 48 
14 48 11 
1
49 
1
16 
4
1 46 5 19 
1 18 11 16 
26 15 28 15 
17 47 39 33 
1
32 
1
40 
1
28 
2
30 1 
26 26 
1
29 
1
28 
2
22 4 
4 4 
4
46 26 13 10 
1 3 16 30 
15 5 30 46 
30 18 25 20 
3
37 19 43 
20 21 39 
1 37 33 
4
39 7 23 24 
12 18 18 24 
7 41 21 1 
25 10 14 14 
4
50 25 11 35 
19 49 40 13 
5 29 47 45 
36 34 28 9 
4
9 10 20 29 
21 26 49 39 
8 22 17 9 
6 33 6 6 
2
5 22 
10 41 
3
39 49 15 
27 47 39 
35 24 14 
3
46 40 10 
24 1 45 
16 49 2 
1
45 
4
49 35 5 42 
20 11 46 26 
13 50 7 21 
42 11 32 41 
2
13 11 
33 13 
4
41 3 37 28 
17 46 43 37 
22 46 11 39 
12 16 19 25 
2
9 47 
34 14 
4
42 50 35 50 
45 49 44 33 
6 6 11 50 
30 29 31 25 
2
4 4 
49 10 
1
32 
3
20 26 18 
11 3 7 
26 20 42 
3
11 18 40 
40 16 43 
37 1 7 
4
7 48 33 17 
31 50 32 40 
46 49 32 48 
7 30 40 18 
3
6 36 19 
35 8 11 
28 3 44 
2
38 34 
47 8 
2
45 28 
46 36 
3
46 43 18 
19 42 34 
25 35 41 
1
4 
1
43 
1
50 
1
31 
1
37 
2
26 29 
9 5 
2
35 47 
6 29 
4
25 40 13 12 
35 25 46 33 
49 50 14 23 
39 49 26 50 
4
29 36 5 16 
34 3 12 36 
43 18 47 7 
34 46 7 3 
1
45 
2
16 29 
28 18 
1
39 
1
21 
3
28 38 8 
44 11 24 
50 13 43 
1
37 
3
22 47 46 
49 2 31 
49 50 26 
4
48 13 25 44 
32 19 32 5 
4 27 14 47 
22 35 5 18 
4
39 26 40 27 
8 31 12 5 
36 2 18 5 
24 17 32 3 
1
24 
2
44 28 
12 17 
3
12 47 25 
35 31 50 
25 38 15 
3
16 44 42 
11 38 42 
16 21 30 
3
48 9 3 
25 37 5 
13 13 24 
3
16 47 33 
17 11 16 
34 48 4 
1
39 
1
50 
2
31 30 
36 45 
2
36 11 
3 3 
2
19 43 
45 26 
1
38 
4
29 36 20 18 
28 32 11 7 
20 40 6 7 
3 43 6 15 
2
4 27 
24 14 
1
29 
1
23 
4
9 2 45 35 
9 47 24 6 
37 25 34 23 
49 7 20 48 
4
42 43 13 13 
48 3 46 11 
50 8 13 10 
39 36 20 2 
3
3 17 39 
27 18 1 
4 7 3 
4
25 20 1 31 
43 9 34 32 
42 9 45 13 
23 29 6 17 
4
10 44 13 4 
38 5 9 2 
21 3 37 4 
41 40 5 2 
1
43 
2
16 23 
30 8 
2
8 49 
33 31 
1
25 
1
20 
4
19 49 41 42 
41 40 8 48 
37 32 9 21 
43 42 1 3 
4
5 37 4 21 
3 7 13 50 
14 30 22 47 
8 12 10 21 
1
9 
1
48 
2
44 10 
45 5 
2
50 45 
31 37 
2
30 4 
12 24 
4
46 31 38 48 
5 17 40 40 
29 29 29 23 
2 17 48 28 
1
37 
3
33 48 10 
41 29 19 
29 35 37 
1
46 
1
29 
2
5 44 
20 37 
4
8 32 4 22 
23 10 34 27 
10 33 34 19 
16 37 5 37 
2
7 24 
5 31 
2
37 8 
3 50 
1
25 
4
14 18 16 23 
23 31 28 17 
8 9 7 9 
47 9 48 50 
1
3 
2
26 45 
28 16 
2
24 13 
5 8 
3
19 42 23 
40 1 45 
46 41 34 
2
12 16 
8 7 
4
4 34 25 4 
29 45 35 22 
19 7 3 43 
45 13 4 22 
4
37 19 23 10 
31 3 29 32 
33 29 20 22 
17 40 32 20 
4
38 33 37 18 
13 2 9 32 
33 33 4 47 
7 1 18 25 
3
38 34 35 
10 22 38 
40 6 18 
3
42 18 39 
25 3 48 
7 5 8 
4
23 24 34 13 
6 25 17 44 
3 3 49 43 
35 21 49 43 
2
19 1 
11 22 
1
40 
3
19 50 46 
9 6 49 
9 47 16 
2
11 4 
28 48 
4
36 23 46 28 
31 25 43 6 
34 14 36 35 
19 17 21 41 
3
26 5 41 
19 7 20 
1 3 43 
2
15 15 
44 33 
3
11 6 27 
38 26 31 
23 30 28 
2
25 7 
49 42 
2
9 49 
42 4 
4
9 13 28 48 
5 11 2 48 
37 11 34 41 
18 7 23 50 
4
37 36 29 5 
9 30 42 38 
37 14 27 23 
11 39 32 40 
2
7 37 
6 18 
1
20 
1
48 
1
25 
2
40 44 
32 15 
3
34 48 20 
14 37 50 
3 31 18 
1
28 
3
20 3 28 
43 49 6 
47 47 15 
4
3 31 17 18 
24 35 14 12 
40 13 39 37 
24 15 18 9 
1
36 
4
38 18 42 21 
40 11 15 34 
45 47 19 49 
23 40 37 22 
3
27 13 25 
11 38 7 
17 12 16 
3
9 18 35 
7 15 32 
36 48 34 
1
38 
4
4 18 14 36 
31 1 27 33 
23 29 25 9 
34 17 17 37 
2
44 45 
21 46 
4
50 43 11 47 
17 49 30 36 
49 21 3 36 
45 45 46 46 
1
1 
3
7 21 36 
13 22 25 
28 2 27 
2
3 48 
44 5 
4
18 16 16 41 
30 10 35 21 
6 37 29 38 
46 29 47 16 
4
31 27 48 15 
3 39 49 25 
35 38 2 13 
8 50 33 40 
1
2 
2
8 1 
3 6 
4
39 29 34 48 
46 16 46 12 
13 29 15 29 
44 22 31 22 
3
31 26 7 
14 8 27 
5 48 28 
3
49 25 10 
19 45 33 
32 48 48 
1
3 
2
4 35 
2 17 
1
25 
2
34 5 
41 8 
4
28 44 14 16 
13 10 43 37 
3 2 7 18 
10 28 49 22 
4
11 38 44 49 
2 31 26 15 
37 42 11 6 
40 21 11 24 
2
21 41 
38 9 
1
47 
4
19 4 22 17 
24 15 11 20 
46 20 43 27 
33 39 48 5 
3
44 12 1 
42 24 29 
7 29 44 
1
31 
3
23 45 40 
37 30 8 
18 19 22 
4
34 49 41 2 
31 24 9 31 
11 31 30 48 
36 21 29 39 
1
30 
3
14 14 29 
20 1 6 
34 25 4 
1
16 
1
35 
1
46 
1
49 
3
19 27 29 
12 5 20 
38 1 6 
4
39 28 8 45 
1 17 24 11 
30 48 24 18 
9 27 37 47 
3
36 49 41 
41 41 50 
7 34 23 
3
34 34 24 
31 30 40 
4 12 34 
2
26 4 
17 7 
3
10 15 5 
50 10 35 
35 27 5 
2
43 47 
50 4 
1
40 
3
25 31 46 
32 22 49 
40 40 49 
2
7 29 
25 20 
3
48 41 35 
35 47 21 
37 29 50 
4
50 11 10 26 
13 42 9 15 
35 39 46 5 
33 10 30 24 
2
6 33 
18 20 
1
8 
3
18 46 11 
35 17 46 
37 25 36 
3
5 42 19 
23 9 35 
13 40 50 
3
18 38 20 
12 26 21 
30 50 14 
3
39 32 21 
46 5 29 
28 4 26 
2
35 25 
8 27 
3
9 1 20 
26 24 22 
47 46 12 
3
14 25 30 
10 32 26 
1 3 5 
2
15 19 
29 47 
1
41 
3
10 49 22 
30 29 26 
1 16 18 
3
28 26 1 
2 6 17 
37 13 13 
4
7 42 16 42 
15 13 27 2 
15 37 49 19 
18 34 12 42 
2
14 11 
45 22 
3
18 35 45 
46 31 34 
19 13 17 
3
50 47 33 
6 43 17 
41 8 33 
4
30 39 45 44 
31 25 39 13 
36 45 19 21 
48 3 38 46 
4
1 18 4 2 
49 11 10 11 
36 49 2 6 
24 47 7 8 
2
38 16 
4 34 
3
46 33 34 
33 16 7 
15 13 19 
2
27 14 
48 18 
3
27 50 42 
11 38 12 
43 27 1 
4
21 33 6 17 
7 47 50 1 
34 37 35 16 
24 12 3 15 
3
14 44 15 
2 44 41 
5 8 32 
2
18 20 
10 30 
2
10 7 
19 28 
2
15 12 
29 49 
4
22 36 29 14 
15 34 49 22 
11 31 41 30 
45 45 23 44 
2
26 29 
12 15 
4
8 47 40 10 
43 18 45 3 
49 50 20 4 
22 8 19 40 
2
12 25 
17 49 
4
7 22 41 46 
41 26 14 42 
32 48 11 13 
48 47 27 3 
3
39 4 27 
15 50 41 
27 29 15 
3
43 29 42 
2 24 26 
2 33 13 
3
20 39 19 
34 16 41 
6 11 32 
1
45 
4
21 38 5 26 
20 25 42 8 
1 35 11 38 
44 17 31 25 
3
8 28 28 
12 33 37 
38 6 2 
4
48 24 9 8 
20 48 43 7 
44 8 35 34 
25 30 50 20 
2
42 12 
13 9 
1
46 
3
21 4 37 
25 20 48 
1 17 50 
1
29 
1
3 
1
18 
4
26 6 15 36 
31 44 32 31 
10 4 11 43 
6 10 27 31 
1
46 
1
25 
3
19 19 22 
41 44 35 
12 9 28 
4
36 36 22 33 
27 32 3 25 
45 30 28 4 
4 46 12 21 
1
15 
2
47 34 
33 43 
2
18 19 
21 48 
4
1 42 13 19 
39 17 41 25 
23 50 48 8 
30 14 18 40 
1
40 
1
18 
3
11 24 24 
9 44 4 
39 15 6 
1
45 
4
21 41 44 4 
43 10 37 1 
39 19 31 2 
10 38 44 28 
4
48 1 47 31 
20 7 18 13 
11 49 18 40 
31 42 37 43 
2
7 1 
7 2 
1
44 
4
28 9 47 12 
46 22 13 18 
2 41 7 43 
19 33 12 40 
4
33 29 9 3 
36 32 18 41 
27 7 32 41 
8 43 43 50 
1
49 
2
30 21 
24 20 
1
39 
3
28 42 15 
2 31 5 
35 10 18 
4
10 7 20 41 
35 32 18 46 
2 16 16 30 
22 34 21 48 
3
46 38 43 
19 47 12 
33 1 13 
2
2 36 
19 19 
1
35 
1
23 
2
48 11 
21 14 
4
25 19 2 8 
7 31 9 15 
23 28 33 42 
15 5 1 17 
1
26 
4
46 8 31 23 
43 49 37 34 
27 5 6 5 
15 45 20 50 
1
35 
3
44 38 12 
46 17 30 
23 34 46 
3
14 3 42 
29 41 36 
5 5 28 
2
7 37 
40 40 
1
13 
4
38 29 2 28 
28 39 1 12 
31 5 48 13 
6 34 20 28 
1
48 
3
10 36 1 
47 10 43 
40 19 20 
3
45 3 40 
7 15 23 
43 46 10 
3
39 37 10 
30 2 29 
36 27 20 
1
10 
2
19 27 
27 40 
3
28 31 5 
10 22 21 
3 37 7 
2
33 13 
37 33 
1
14
