1
-2281 -1462 1000
100
-4016 8399
-3357 -9270
2544 -5849
631 -4626
-2673 3249
8882 -4337
8793 -651
6147 988
-288 9788
-515 7406
1250 -2167
-7903 904
6385 -2052
-9413 5052
900 73
-151 -6769
-187 -8796
-3454 -3253
-579 -2690
5413 8321
2884 -2057
-947 -2191
-8005 8728
-3276 9839
8846 -5488
-6513 8854
1672 9696
3752 -9267
2740 -9428
9467 -5761
-6622 3299
2769 -3033
5973 -5992
-5852 -6363
6066 7652
-1885 2330
-7080 -3929
3239 8407
1869 -5127
48 6791
2604 -36
-6039 6796
8826 -2040
3970 933
4780 -6226
9780 6412
2379 -3642
-9771 7120
2855 6854
-397 4968
1986 2001
2541 -1373
-5767 6839
-6585 9556
-2391 -6170
-13 7496
-7171 559
-283 6942
-2993 732
-1156 4636
2670 -8043
-1648 6894
-4629 7790
9262 1954
-7983 -7847
3377 -2240
6664 -4186
9030 -5549
-3407 -7782
6668 -3645
4970 166
3322 -6519
9852 2714
6944 3450
-505 -8359
-1578 -7962
7152 7617
7124 -3403
2986 -9751
3411 -4389
-9820 -3709
-1362 -5748
-7194 6664
4551 3935
1815 3114
5546 -1523
-5241 6693
-9529 9523
2126 5725
5698 -7950
6105 -2695
8115 6742
5467 6847
2528 3802
1338 -2218
-3221 9192
5673 1793
3497 -2869
7631 9837
-6546 -4250
