9
9038 -6310 244
-9802 -1530 174
1026 9955 300
-9515 -8820 219
-876 -2554 299
7942 -4003 3
9771 9480 325
9074 1947 262
-2124 3158 145
1791
-8436 6322
4175 -5473
-9502 9890
4550 4059
6504 8888
8908 1670
-979 -2872
3659 5497
-7207 9390
390 1755
3066 -1952
-7265 -7640
2202 6738
-6997 -8432
-2221 -3930
9905 5654
-4767 9472
-5141 8043
2410 -5249
9039 312
-1146 -9171
3141 9250
-5700 664
2436 -2875
-1927 5400
-5530 -1709
-9595 8475
3724 3093
8795 8821
6699 -5210
4573 -367
-6174 9139
-4481 -3816
5850 2131
4539 7232
-2826 -4653
7073 -7836
9448 5340
2606 5799
5819 2869
2289 -7697
-144 -4066
-5985 -7997
-9814 5549
6792 5616
7692 8460
7079 -8599
3548 5624
5003 1515
8274 -5062
3366 -2474
-1357 -6956
4071 6633
8779 803
-7635 -5572
-2996 1242
9611 -618
8757 3018
5364 8035
1676 -2951
-8921 -6480
6334 5263
8528 -4340
-1042 -9859
7555 -639
-83 -4106
9976 -1721
7595 921
2162 2347
-1719 5753
7657 9044
8518 -2000
-3562 -7956
-9107 1724
-2735 8030
7992 8486
-1718 6112
7270 6278
2364 -5571
-9495 6195
5029 2740
-2578 5173
6393 -1396
-1388 5405
-7510 -5666
-5825 -7860
-696 -338
-1655 -217
-6327 -2487
4470 -4162
2387 -9425
-7478 5935
-3798 912
1653 9318
-6738 -6521
1844 8846
-3911 -518
6249 -4509
-4236 -7874
-3361 -428
2286 1481
2330 -1953
3981 -6793
-2542 6967
9054 2536
-7798 4880
6955 -3068
7902 -5630
-9621 -5380
2726 9979
-850 -8764
-8707 -9059
-4885 -5994
-8045 1608
-5754 9659
391 -64
-6306 8734
8814 -4733
758 -8445
-8582 -1377
1858 3899
-7897 -9241
3638 3062
4484 -2379
-3290 -7518
23 7018
1526 8475
8281 760
-113 6245
-3167 9096
-5013 -2442
4444 2630
-8963 2498
-312 8677
2119 -8947
1437 5714
4738 9421
591 3091
1509 9824
-5248 -6935
-138 3724
-3318 3429
9303 -1057
-7703 -5736
9023 911
4570 4436
-5323 -3101
4917 6468
-5326 7107
-6571 509
-8752 8695
1851 -8097
-8837 -3928
-5097 -7912
9541 8743
3746 5228
-3479 -8670
75 5303
51 2188
8313 -8200
-6860 -6639
-7949 5418
-4098 -469
4408 -5009
-4732 -9835
-7538 -879
1654 -9353
-3959 -8921
-9777 -8428
4542 5223
7278 1402
-817 1802
5710 1856
1351 7062
-1629 8649
-7132 1357
-7376 6829
5743 5284
-283 8607
5248 -7693
-9817 3982
-7264 -9154
-3783 473
-2626 -6517
-257 -5868
8445 -6896
-1279 -6679
-4826 7180
985 -9879
-6289 8300
-1596 9222
6130 8829
-4410 -4456
-8682 -8020
8082 -5265
882 3841
-8308 9072
-2698 -7312
3485 -1433
-150 -4943
-7118 1436
-1883 -2874
9603 5213
8542 -8586
-5768 7001
6491 5195
-6183 -5542
450 6171
1813 -9782
997 -7316
-5118 -4812
584 -1806
-1678 -9123
-6228 -9974
7154 6017
92 695
6092 6637
7800 9911
376 -7812
2537 -59
8872 -4671
-3882 -7944
-2522 8545
-1463 7989
9521 -8067
-7751 7313
2396 5489
4690 5191
-6781 3160
-1381 7663
-209 4720
-8793 -1660
-4218 -3353
9625 -9892
5282 6619
-8435 6949
1928 4313
2672 2969
3582 -5552
6924 -7001
-7591 6896
-7148 5747
8861 5568
1093 6116
-5899 772
-8957 9711
-5978 3544
6016 -3076
3470 7731
-4160 -7122
8665 -652
5604 -1660
8033 -987
6172 3786
5120 1139
309 8031
-1922 -3803
-9229 -5817
3609 7090
-8416 2187
1631 848
-1200 4166
2193 -570
-6822 8373
7649 -359
-3842 -6275
-8496 -6484
-8444 7697
3597 -542
3117 -3372
-3079 -8738
-2986 4490
7325 -865
-8585 -7511
9037 -3434
-9701 446
1131 -9500
7146 1070
1479 7292
670 -3538
8816 2325
-3452 2166
9730 9821
-6592 2303
-5686 8491
-2197 -6183
1462 1139
-5461 7797
999 4198
5234 -9653
-774 4556
1482 -8091
-1205 -8665
8155 2114
-1912 -2467
2942 -4720
-2975 3432
5587 -2175
-2459 9455
1573 -6932
3798 -9222
9569 7420
5048 3424
5711 5482
-2212 2072
6691 2760
-5778 3638
8389 160
-7090 5614
5125 -8726
-9415 -8146
-9211 3009
4682 8994
7438 -9133
3104 2052
-7693 9267
3447 8673
1531 -624
7438 2343
7140 -4162
-7756 9232
5995 606
5312 -9393
9353 -9989
7962 7050
1874 1368
4715 7840
310 -336
-9773 -1328
6467 -3143
5147 129
1934 -4525
-8973 -1710
8024 162
8224 472
-1748 7946
-8704 -5587
-7084 -9422
9611 -7216
-1163 -1448
9263 9069
-5148 8429
-6216 734
4668 7659
-6956 4588
5715 908
3254 7755
8998 6392
-351 4945
7941 -3717
3925 7335
-6570 -6002
-4652 -2025
-9026 -2198
7130 -9191
-3937 5897
956 -776
-6838 3254
-2723 9975
397 -8550
8032 8771
2593 -596
-7115 -6839
5770 -8209
-8640 2756
2742 2928
-2854 -3768
2454 -8093
486 -2970
6871 6743
-7849 -9419
-8211 9861
7134 -5149
4144 7266
-5120 -8814
-9556 1224
1402 -5293
-5534 -3567
3677 -7839
-1087 -9279
-1363 6725
6322 1352
6234 4316
-4648 1882
-480 -5163
-7564 3282
4672 1958
-2270 2163
-1730 -8973
9690 8182
5636 -570
-4851 3813
1599 9172
-396 -9574
-8692 5683
3050 -7578
-9962 6837
-4077 -9746
-7226 -1706
2940 7989
7484 -8627
305 -5397
-4894 -7934
-1173 5795
9651 7968
-9719 -3513
4820 9000
-7128 5022
7143 3116
4575 377
-6938 -3367
-9409 -3956
-3195 7431
3694 1341
-5095 -7698
1302 -9489
8655 8111
6660 -4495
8853 -1853
1831 -6207
-6483 -9185
-8062 -4379
8510 1317
595 -5439
-7813 4329
-5673 -3050
-4289 327
3218 -5518
-3316 -5157
9690 -5152
-2162 -5573
1790 -4298
6880 -5574
7847 -6844
-7111 7153
8206 -9390
9201 8667
3551 -422
-8047 206
5052 -3091
-3964 -1009
1842 8984
-4180 -1126
-745 -3060
3475 -7625
877 8916
-6507 8704
9436 2119
4238 -3249
-72 9379
7986 -6236
-2663 2980
674 -6805
9353 4567
-3710 9443
-8679 719
9013 -9227
-8618 7098
-403 -2521
-2175 -3287
1151 9660
-3167 7604
2098 2686
9909 5289
3478 -266
4067 -6025
2012 9089
932 8085
6025 -7521
-6148 3612
-261 -458
-8511 -4402
-8987 -2976
-161 7349
9806 -8043
-9456 -9655
5120 1310
3371 -8097
-2037 -2596
9768 -5683
-595 7274
-8647 6975
-1612 -2550
-588 3643
9936 -6602
62 9611
-7091 -1589
-2498 -6452
8769 7356
-459 -8824
2234 2586
2828 -7952
6417 7824
-2758 -7023
-5854 -235
6484 -381
-1731 7945
-5388 -2593
-7726 -6361
5821 -678
6959 158
5208 -6375
-8524 6473
2423 -7965
5051 -6476
5432 -683
-9149 -3438
-4123 -3160
6000 -1458
8161 -1840
-6009 9592
-7561 -919
-987 8274
4538 -4095
2124 7055
7603 -967
9413 -3354
-3815 8593
-5012 -6266
6121 -1615
-4874 7952
7161 -4638
-3183 -2393
4774 -6332
4005 7127
4202 -7605
3359 5478
-2351 1637
1322 8448
8177 -5064
8330 -886
-7657 -751
-5270 -9666
1653 4334
5404 -9655
887 7339
-7397 8733
349 -3671
-7960 -5657
-5673 2210
9583 -5886
8539 -5007
-7574 -1658
6875 -2898
2772 -6938
1254 -542
-4378 6170
697 5211
6721 8270
5848 9517
2885 -4048
-1685 1755
-9047 5301
5262 -7017
5283 -2861
9712 -647
4416 1295
8897 135
1149 6227
6088 1501
-683 5406
-9195 9155
-2016 -9164
-3174 4048
-398 -6954
-9333 9790
-7994 5648
7558 -5165
-7285 9589
1196 -4518
1520 -6018
4233 3612
91 4388
-2327 2449
5552 -1090
2263 -3257
9640 -6750
9500 -7682
6184 -6330
4527 -9542
-3031 7264
-2445 567
2600 -2008
3478 3480
-644 1737
2718 4532
5626 5175
-4775 -6945
-753 6747
8842 -1525
-7896 1552
-7070 5629
2160 4287
3171 -5177
-4049 -1642
8394 1589
3352 -7759
7992 -4620
-7628 4003
8077 -5036
791 -1293
-4168 -7726
-7930 5098
8958 -5161
8253 7808
7668 -1983
-504 -1135
3767 -9398
-379 9859
6364 5495
-4968 -6094
-1949 3778
92 -1387
-9895 6170
-2229 7421
58 -6163
-4995 -7413
3967 -4148
-2082 864
-14 -3287
8991 -459
8542 -7790
3957 8252
-3804 -4460
1407 -9832
2270 4939
6255 8259
7329 -2351
780 9543
8501 -9414
861 -5564
-9361 -8464
1912 2001
2173 6097
9727 -5059
2135 -4542
-7230 818
-1556 5870
8912 4115
3813 -9473
-3001 6991
-9836 7648
7442 2927
4137 9616
7635 7111
-7109 1978
9743 -9397
8038 -7795
-4110 -7830
1427 -5807
7096 -4
5406 -7004
7138 4864
-8584 -2813
3612 -6624
-4047 -384
5848 -5636
-1629 293
-1681 -9591
-6571 -6168
-1611 -7323
8374 4689
7127 -553
-356 4366
4583 -7907
9394 -8387
7461 -1813
8687 -7772
424 8080
-6248 -1096
4116 2022
6512 5604
-2046 3749
-9942 3004
-482 -9273
-2284 2633
7940 3674
-879 6018
8557 -8274
8994 -7404
7857 3538
-6815 -3949
-9511 9971
-7172 -4089
-1130 -9777
-9461 -3324
5097 -6726
-3221 1313
6826 -987
1727 -3318
2295 -1279
7045 -3889
2174 2080
-668 -2950
-7385 8557
5661 -8282
-2149 -1463
7951 2319
1704 8788
7219 8622
7377 7270
3230 -6562
3375 1779
9505 -9068
7563 -1001
2171 5341
-3158 -289
9892 2607
5742 -1259
-5871 -4291
-219 -2289
1900 9910
-2674 5080
-1112 -118
4940 -8404
1719 -8158
-2706 6171
3047 4154
1134 -1870
7349 8275
-6771 937
901 -5226
1630 -7240
8864 -5049
9407 -6871
3226 7916
3848 6899
-1586 5266
6511 8825
-6395 -7641
2215 -5383
8281 9795
-3844 -4469
-8229 9219
-6548 8260
4596 -548
-7354 -2271
-9657 9019
-3189 -7785
-3565 1441
-6695 -3241
-3953 -5133
-4781 9167
-7330 9573
-462 8637
-4828 -9522
-5934 -496
-3491 -3204
-7916 -3896
3662 -6773
7080 -5167
-9199 9593
-2838 7620
9149 363
-9601 -4073
9076 -9260
-8501 6049
-1984 2313
-6953 7683
3347 3886
4856 5514
6873 -493
-7253 -5642
-9971 -3573
-6845 -1228
-6567 -7905
-8918 -2157
-5809 2528
6709 -8996
-8337 2896
-4581 -2856
8581 1292
-247 2878
746 -645
7616 -3631
6909 2064
-2467 9837
4342 3874
-489 598
-9535 -8538
2695 -7730
-356 8587
-3334 875
-6216 907
-3694 -6352
5824 -5460
-3552 1711
9101 9703
-5783 -8854
-9257 8709
1048 -9676
6615 -1200
-1085 6793
8972 6859
7257 -6397
-4107 -2788
4087 -6195
382 -4620
2669 746
4714 3220
2869 -7840
-1517 174
1120 1014
5010 6427
1495 1384
-4516 8963
-9440 7211
9522 5226
4469 9915
-9021 527
-2533 -3118
-6958 4913
-1298 4731
-9681 5214
9653 -4330
-6568 5189
1277 -9365
-8874 6113
7091 2575
4689 6994
757 -9072
-4025 958
-6111 -9160
1619 -9129
-5474 8177
-3514 -1814
-5149 6453
6502 -5918
-4901 -8563
-9756 7635
-2731 -9553
850 -4934
5718 7558
4974 -7657
-1803 6545
7790 -6283
4913 571
-2390 -600
9109 9585
380 9472
6819 7297
9352 -3309
9500 -4216
-1718 -5193
-718 1216
-4294 4399
-6651 4115
-5587 9039
-4975 5461
640 37
-9610 9729
-8201 656
-6040 -8860
8202 -5156
-5204 -5528
-4894 -5494
-4791 2498
-3106 -206
-7248 -2170
7693 -5323
-6141 -2248
-7188 -2077
7004 -7566
-2101 8201
7149 6308
-1226 3084
3573 -1623
5572 -5189
-5943 1224
6851 2113
387 7526
7330 4010
1424 4047
-7611 -3261
-7646 -9621
3714 -1777
-872 5715
3155 9051
-4784 -380
6717 6935
-3054 -512
6297 -5894
-2691 -8440
-6094 -6591
135 182
-7934 -4686
5101 -4494
-3430 -5092
-9894 2273
7839 9242
7895 -6644
6060 6922
4734 7481
7385 8485
-7487 2722
-1091 -3820
9862 -8515
447 2802
-8812 5901
1938 3065
6171 7430
7407 114
8786 -9232
2176 -7198
4972 6957
8527 6203
5581 -1981
-3472 -499
-9511 5547
-566 -3171
-1042 -2493
-5090 -8591
-3389 6953
-4850 9886
3816 1784
530 -2422
-5575 3389
-2329 -2005
-8813 8152
2926 2861
8998 -980
-664 2736
3754 2901
-3260 7570
-901 2137
-3799 8650
9177 -2842
-9597 -9513
-7664 -491
3163 651
-2052 2551
-3172 -3930
4132 -307
7548 2663
8107 -2979
-2820 2009
-5622 5949
-1719 1732
8170 -4499
7174 7460
-4909 1496
-2443 559
-7426 9753
-6484 -1500
-9497 -5626
-9836 2114
-483 6806
4810 -2303
-6693 9162
3170 4321
8824 -1843
1488 -3853
-9184 7929
-3757 779
4501 3050
3362 913
1268 -8077
2879 7357
1674 -2010
-4406 7815
1091 -1390
3308 5593
4408 -7457
-1693 -4582
-237 3629
-676 -7544
5657 8640
-9761 9829
3350 8574
7241 8054
-1525 -3848
-5629 9153
-7797 9412
2228 3404
-2460 -9692
-3807 -7041
6803 1859
-5878 9687
5759 -8795
-3381 -2581
8954 -491
-273 3226
-9354 6261
-8587 -6369
-3011 4843
3592 3297
1902 -2587
-4245 2205
-8031 2232
-9778 610
5008 5177
2895 3844
1749 -4028
-2397 -9807
-3452 2735
4366 1253
8837 2875
-8521 -7566
7854 -7500
-325 42
-7544 -2424
4968 3974
5841 -8547
2300 7755
2788 828
-5238 -6192
-65 -4088
-4291 4809
-6407 9406
1740 4697
4524 -7074
2951 -6391
2004 8492
-8830 5233
-5935 7030
-6717 -2007
-3027 -2372
-8086 3952
59 3623
-9006 3117
-8205 7848
-2324 -7071
-9770 1404
380 -1508
7626 9030
-3421 -8993
1251 2970
-8954 9991
-6976 3975
-2070 6872
-450 4380
9735 9041
-127 5675
3572 -5609
5954 -4326
-6143 -9455
-271 3306
6347 4697
-7205 -6881
-208 9906
1690 2269
-6192 -1589
8015 -4640
5525 3655
8201 6200
-5627 -3676
4364 2320
-6910 2926
-2800 4496
-8722 -9896
-4825 4695
9922 -2277
-4037 -1467
-1285 -5828
6114 -571
2042 -3387
-2191 2544
-9265 71
3142 4050
1185 -6517
3452 4315
-7723 -3384
-3815 -9948
7355 -1677
-4971 2644
-687 1245
-3733 3268
-3793 -5986
-1720 -4851
8237 3989
5212 -1168
7450 1115
-3299 477
2014 -1756
-7880 9223
2491 -8781
7703 -347
-3846 9414
-4934 -9214
1037 -7218
4015 -8561
6516 -1188
-482 -8339
4486 -1259
-5530 948
5408 5388
-7373 -1728
-4696 5251
1239 -1893
5556 -1221
-963 -2429
-2167 3207
5191 2067
1679 -9004
9743 -9734
5328 6049
-1629 146
-9926 -8888
6671 -2395
1639 -85
3468 -3626
-4906 157
6529 4495
155 5907
-9811 -9692
5457 -7461
-175 -8765
7434 -6054
2926 5119
-4191 -3143
7960 1810
8987 -3951
-2894 9789
-4171 -4508
-2674 7648
3370 -7858
465 -1632
7714 -4597
9290 3198
7789 8386
3871 -8070
-5794 -6625
-8723 8244
7897 6388
9626 -5053
-8022 -884
672 6580
3490 3444
-3080 -5329
-6363 -1157
-5784 2466
-7978 4422
9977 4413
5561 -799
-74 -2176
6185 5411
2408 7528
9287 4492
-9858 9189
9074 3542
215 3617
-286 2887
-5331 7080
2475 -9558
2631 6493
-9137 6018
8076 -7850
6976 7634
146 -336
-412 4958
-4422 6224
9049 6207
5660 -2308
-2238 -6306
-3833 -7165
1547 -7109
2888 5290
9696 -1176
5056 2127
8022 9445
23 7008
-3973 -2691
4853 8244
-8429 7549
-9872 -8104
268 7692
1406 7054
2383 -2199
-8131 9788
5922 -9402
-6702 -9912
-9002 -2035
-9470 200
5910 4847
-7453 838
-162 -6038
-7942 -4656
5926 -4601
-8251 9907
-7744 -8939
-1681 -9715
33 -6339
-9022 -4409
7949 -3342
-5533 -4481
-8442 -7302
7268 -6239
-1594 -6869
-9076 -4499
3175 2887
-8512 -4487
63 -3922
1403 4131
-3554 -8277
-6662 2966
-2529 2951
-8447 615
4111 -4471
7103 -9277
9431 -7882
-3441 7463
2511 8713
-3557 183
-5099 9332
1998 3881
-1518 6469
1968 -6250
-3123 6995
2226 -544
-120 -1010
9642 -3056
932 -3908
-96 7276
-5989 7676
-4089 1823
-2751 -6748
-5918 -3047
-63 -3728
-9271 -9029
3974 6461
-437 -1417
-7332 9144
7549 -4244
8775 -44
-9550 354
4174 3528
-1343 5337
-8047 5219
5648 -206
6884 2432
1802 -5859
1336 8247
4076 1632
-1822 -7506
-5280 -7045
8147 -2852
4168 -5815
2484 -8827
7295 4402
7944 8349
-6371 2273
7137 7597
7697 6840
4138 -3259
9975 -6210
2025 4343
-7650 1427
-237 -8850
-1496 -7748
4851 -574
4315 -4846
-2050 -9729
-4399 6877
4094 -4663
-897 4436
9647 -6874
8643 4051
6992 -4847
7889 5568
-7468 7921
-4421 1507
2903 1856
-5075 8979
-2439 2667
1703 4864
8021 -5851
7797 -414
3755 -4377
9707 3043
-885 376
6389 7359
-1450 -5299
-3769 -2377
605 7105
1501 -4056
-5695 -3353
-7037 -9250
-8791 3395
3327 9696
-7726 6720
6093 -6687
5481 8797
6425 -1760
-1608 -3229
-2886 -2074
7523 5978
-4664 -2130
8832 -5753
-9597 -8339
-5011 3711
7096 5579
9631 1581
-7214 -1151
-215 -5551
9921 -1052
-8321 2464
-8917 -5965
-2235 7277
-1545 1484
3190 4985
-2756 -2282
9668 5748
3425 -7089
-4233 -3929
-6216 -8102
6938 -1706
4998 -1265
4771 5822
-867 4371
7729 -3448
5101 4289
-9988 -6134
6624 7849
7465 9691
56 -8486
70 -3948
6414 -1127
4665 -1036
9230 1438
8704 3754
527 7112
1219 9059
6312 -3275
-6130 -438
-1470 6355
5617 5992
4907 6847
5972 8905
-9461 -6897
-8418 2909
311 -5149
-8275 -4449
5946 4347
296 3439
-3791 -7944
4265 539
7439 4172
2696 -6428
-5822 2283
-6329 2174
-6104 -4123
-9919 1311
-4974 -8547
-4143 168
-5130 9134
-9204 -4869
7671 529
-3169 297
4987 8227
-3645 5772
692 -2999
-2786 4988
-6113 3614
4111 -3167
3049 4190
8977 8965
-2333 -7638
-1043 -2581
9791 728
-9968 147
-7484 -4578
9292 -6219
-8693 -8863
-4422 4494
-9368 -8482
8484 -8884
4074 2679
3410 5792
6739 9358
-4954 -3173
-481 4958
-3698 5816
-2753 -569
-9232 -9821
6519 1191
-6050 -5076
6444 -1997
586 -1692
-7973 9931
-1770 -8432
-4272 -8553
6158 -40
8279 -8455
6128 -9432
9075 -2640
3326 -7559
-914 96
-3973 8908
5658 -7062
-3938 9683
2313 -1989
-2074 -8419
-540 2873
4254 -2782
1465 1473
4800 -7343
3802 -4484
-4911 -728
3297 -3019
-8521 5296
-903 9077
-7069 6908
-698 -2518
5902 371
-8659 2595
3390 2996
1458 -230
6820 -3442
-819 -6597
6601 -8010
-5087 -8357
8280 -9303
8694 -4468
-4012 -7079
1823 5587
3851 -2659
-140 952
615 7311
3043 8847
4200 1916
-7890 -9961
-6845 8364
6128 585
-3431 -9899
3374 1099
8316 6151
5157 4063
-772 7055
-3576 9953
3201 -6712
6991 7644
8426 4302
-7952 4164
-4445 447
-4403 7985
7694 990
-9880 -8907
4006 -1446
-903 6108
3904 -5851
-5909 -5023
-8842 8412
-7692 8474
3525 -699
4653 -5459
-2799 -3401
7847 1072
-3255 -7895
-9689 8031
3073 6790
3247 -9702
9924 7821
254 -6609
340 -41
9310 -8794
7070 -2952
7230 -3862
5431 8433
6102 -8937
-5446 -7185
-5201 -3299
-4612 -4319
-1854 9665
761 3336
1753 -3647
591 3279
1197 2180
6526 -8126
-1694 -1096
-6635 9300
-5642 7140
-6289 9230
-6236 -9214
8533 9570
496 9163
9632 -4582
-9100 1302
-4339 -641
1128 8650
-1524 6265
5911 1222
-9808 -9651
761 -7558
-7822 4560
8261 2514
-27 4026
9116 -9556
-9536 -3603
4990 7473
3952 -9387
-9084 6361
-3985 6715
8219 7224
7412 -4977
1694 7417
6712 -4118
4223 5351
4022 -1932
9354 -4864
8802 -2167
6338 6252
-1948 3461
4091 -4182
5315 3012
-133 -7519
27 -7336
-6058 -4963
327 -3470
-2434 6223
619 3938
1538 3767
-7591 -935
259 -8299
7830 -9566
-9693 -3139
8931 8334
-8077 3463
-4959 -8058
-3949 -7979
900 7973
-2216 -64
4824 6599
-8636 -3703
2009 -4762
-2512 -9927
-8252 5969
7806 1954
-5957 3040
4330 5959
-1759 1939
6870 8780
9074 -3879
-5869 -1914
-4928 1043
809 6044
6664 -1213
1346 -2679
-1434 6827
3087 -7518
-1614 4183
-1212 2672
2627 4351
-3516 1130
7318 5009
6089 6735
4991 9552
-4816 6033
3085 -9770
-6567 9506
-7946 965
8665 -3664
7307 -6450
2959 -8824
-34 -2401
2166 -3557
8334 600
5601 -9990
5068 -3723
-7492 -2186
-5028 -3078
8350 130
7033 3444
-874 8761
-1081 -56
2916 6867
9991 4940
-4695 7913
4396 64
-8826 265
-7167 5751
-6151 457
4996 9844
-2687 -836
-6271 4931
1183 5335
-677 -1540
3167 -5967
48 -3133
-2098 1712
-9745 5191
9990 -3520
-4010 -3107
-7376 -755
4090 9193
-3088 1017
6701 -6187
8220 2508
-9518 4488
3443 -2276
2706 6499
-9722 1280
5481 1934
-1806 4403
4335 -5621
9444 6489
-3115 6703
-8154 7262
-1800 -9813
-4758 9589
7940 -7400
-5017 -8888
-3964 8611
7613 6498
-5193 1792
9700 695
-5159 9565
-6030 7611
-6071 -4509
7422 -3569
7704 -7199
-8566 6313
-3092 -6966
2078 3351
-8218 9971
9468 -9439
4209 -1362
-2746 1299
517 7895
4726 -8611
-19 2275
-187 9313
6843 1463
-6563 -7165
4678 9727
-5435 4588
-4030 -2010
-4548 -6738
-8117 -2370
5188 -6443
4243 -9867
9321 659
6825 -8289
-4808 2721
2075 2362
1815 -4768
9714 -7873
-7384 -9929
3902 -2626
9944 669
1469 810
-5001 -2556
6011 3823
-1411 5937
5179 -2932
-1993 3668
1058 -3687
5623 9205
9135 -257
9516 1155
-4500 2294
-2747 2627
-9912 9385
-1816 -8979
3810 8826
1986 -261
254 -2114
-3370 1747
8758 -9899
2130 909
9063 -6761
3933 -2406
-5319 -9714
5767 7656
1918 -5238
-7166 2551
-4180 7136
2281 -2948
-920 5357
7442 -8978
-8603 -7532
1663 -7209
6698 -7999
6379 -8687
-5329 -692
-9677 9150
1255 43
4634 -9244
-3063 -5957
-1135 -1882
-2174 6939
9032 6561
-1165 -4746
-1471 -3328
6410 7275
5528 3542
2399 7205
219 7036
5332 -6736
2683 -8332
-433 8449
1428 6547
4901 -5014
-691 -7138
-6300 -3044
-7296 -5853
3792 1972
-7122 2320
3699 -3634
-7969 -4337
1124 3889
8555 -5159
1539 -2428
-7060 -5628
1429 5699
4495 8913
3177 -4304
8192 1990
-5741 -8863
9686 4128
7684 3112
-9948 -1198
8583 7945
9365 -4319
781 -8584
-3629 -2770
2729 -146
8962 4153
1692 1675
8762 9960
2525 9793
-8111 -4676
9185 -1067
-1147 2767
-9354 -6300
-4144 1047
-7690 1251
2741 8125
4084 -6713
3955 -6206
2980 2740
-2887 -2637
8425 3476
-1208 -1187
1587 -7531
3682 8818
8795 4100
-3240 -2963
-543 -9231
-2771 6332
9547 1051
1262 -1335
2840 1109
1722 5980
3612 4463
1100 -5677
5169 -4434
6358 3230
-9890 1128
3390 -9653
181 -8436
-2659 -563
698 1652
4614 4200
7326 139
-7991 2814
-2663 3127
-872 -5598
-2440 4704
9298 -1686
-8446 860
4996 -6480
-2243 -2600
-2751 8767
8325 -6446
-4513 7589
3609 1015
539 -2146
3902 4205
-2338 -36
3267 8955
-8695 8505
-7173 -778
-9796 622
-362 -8650
8078 6442
-9092 -8266
-4701 -4681
-942 -7922
-2359 1742
-483 5872
3493 -6426
-5308 -9859
-7334 -6089
-8323 -1266
-803 -758
-9659 -5915
223 8960
9665 3812
-4374 4303
3286 -1642
5905 9967
