1
10
50 19 -13 -16 24 24 -1 27 26 21 -8 -1 8 18 13 7 -16 27 -3 23 24 18 -4 10 -16 24 14 13 -20 27 -20 -1 2 19 -5 9 -8 4 -15 7 20 12 4 3 -14 -12 -7 24 4 -18 12
93 -3 -19 1 25 3 23 26 1 -12 -17 19 -1 16 5 26 -18 -2 11 -6 -20 4 13 -12 24 -20 -3 -19 20 -5 -16 8 -11 -19 -5 -15 -17 24 9 -12 -15 1 -10 28 4 -7 11 17 24 -19 0 -11 -20 22 -19 10 -12 -15 0 -12 -5 19 22 10 -16 -16 25 -20 10 -17 29 -12 9 -1 -17 13 -20 3 13 10 -11 -16 13 2 14 6 -17 -2 21 -18 -7 23 -9 7
66 16 23 -14 26 14 19 4 18 27 13 16 -16 -2 1 20 -4 -19 0 6 -17 -10 -18 4 25 25 -19 8 27 2 22 27 4 9 -2 -15 -7 8 21 16 -15 -2 23 21 6 -17 -3 8 16 15 -9 13 1 3 5 5 -13 24 -10 -15 29 -9 26 16 -4 28 8
53 -2 -5 8 -19 -2 25 -6 -10 23 -6 24 -20 -10 25 13 25 -2 -8 -19 -2 -10 -8 -11 2 -1 -19 -14 1 -12 25 20 16 14 1 5 -1 17 27 14 13 -6 3 26 19 22 20 2 -17 -1 -20 28 27 -20
20 -20 -9 10 25 -17 7 7 14 4 -3 -6 3 3 25 6 -17 21 5 -9 11
13 -2 26 18 23 -5 29 -13 26 6 -8 17 0 -20
31 20 17 16 -13 -10 23 17 13 14 7 -4 3 -19 16 15 23 -19 28 23 5 -15 -8 -9 29 12 7 0 -15 24 4 22
93 -8 1 10 -17 -14 9 7 -15 -2 6 -10 23 25 21 13 7 -16 6 19 4 29 -11 4 -9 -20 -16 29 -8 12 -10 5 24 14 -3 29 28 -15 26 -13 18 12 -10 -13 2 -4 2 -13 1 24 -4 20 -11 4 26 20 16 13 0 -17 6 -1 28 17 3 -2 1 -7 -7 -2 2 9 -10 7 8 18 1 17 -9 -4 4 -20 2 -10 4 -6 1 -8 12 25 -15 -15 22 17
38 4 -14 6 -11 14 23 27 1 -4 5 13 -2 19 22 11 -13 20 -14 24 -10 16 -2 6 -9 -2 -1 13 -18 17 -1 8 2 11 -10 12 -11 20 5
93 16 -8 10 6 10 28 -9 6 6 -11 -3 28 14 4 -5 15 5 16 -6 15 -17 9 13 8 17 7 8 13 10 -6 0 28 5 -5 21 -13 27 -12 -8 15 10 23 20 -10 4 -20 8 2 19 9 16 -5 28 -4 19 -16 7 10 6 21 6 5 25 0 -7 20 -19 5 -16 -7 29 21 12 -9 3 -1 11 -10 24 11 24 -3 17 17 -9 -1 27 -5 18 10 23 8 4
100
2 1 8
2 0 0
2 8 5
2 0 0
1 2
2 9 0
2 4 7
2 0 4
1 9
1 1
2 7 0
1 5
2 6 2
1 5
2 4 8
2 8 0
1 1
2 7 9
1 3
1 1
1 5
2 7 3
1 9
1 6
2 2 8
1 1
2 2 3
2 7 5
2 9 8
2 4 3
1 3
2 8 4
1 3
2 4 7
2 8 4
1 2
2 6 7
2 0 3
2 6 0
1 5
2 8 0
1 0
2 6 5
2 1 7
2 3 2
2 0 8
2 6 7
2 8 9
2 3 6
1 8
1 5
2 0 6
2 1 1
2 1 4
2 8 4
1 6
2 5 6
1 5
2 2 5
1 3
2 9 9
2 7 3
2 3 4
1 8
1 1
2 3 9
2 2 4
1 6
2 0 2
2 2 8
1 6
2 4 2
2 2 5
1 2
2 4 6
2 0 8
2 4 8
1 3
2 9 0
1 8
1 4
2 3 6
2 4 7
2 2 7
1 9
2 4 4
2 0 6
1 8
1 5
1 9
1 4
2 4 6
1 3
1 8
1 6
1 4
1 1
2 3 6
2 5 2
1 2
