1
20
62 -2 -1 -2 -2 -2 -2 -2 0 0 1 1 2 -2 -1 1 2 -1 0 -2 -2 -2 2 -1 2 -2 1 0 -2 -1 -1 1 2 1 1 2 2 0 2 -2 0 -2 0 2 2 2 1 2 1 1 -2 0 -1 1 -2 0 1 -1 1 -1 -2 2 0
95 0 1 -1 1 -1 -1 0 -2 2 -1 1 2 0 1 0 -2 -2 1 1 1 -1 -1 -1 1 1 -2 -1 1 1 1 -1 0 -2 2 1 1 0 -1 -1 -1 -2 -2 -1 2 1 -2 0 0 0 1 2 -2 2 0 -2 -2 1 2 -1 2 1 2 -2 1 -2 0 1 2 -2 -2 1 -2 0 0 0 -2 2 0 2 1 2 0 -2 0 -1 0 -1 1 2 -1 1 2 0 -1 -1
78 1 2 0 0 1 -1 -2 0 2 -1 2 2 -2 -1 1 0 -2 2 -2 2 -1 1 2 1 -2 2 2 2 -2 -1 -2 1 2 0 1 2 -2 0 2 0 -1 0 -1 0 2 2 -2 2 1 -1 2 1 -1 1 2 2 -1 1 0 0 1 0 0 -1 -1 1 -1 -1 -2 -2 -1 2 0 -1 2 1 -2 -1
12 0 -2 -2 1 1 -2 -2 1 -1 -1 1 0
76 -1 -2 1 -2 2 2 -1 0 -2 1 0 0 1 2 -2 1 1 1 0 -2 1 0 -2 -2 0 -1 1 1 1 2 -2 1 2 -2 1 -1 -1 -2 0 1 0 -2 1 -1 -1 2 -2 0 2 0 -1 -1 -1 -2 2 1 0 -1 1 0 0 1 0 -2 -1 -1 1 -2 0 2 -1 -1 1 0 0 -1
1 -1
12 1 1 -2 -2 -1 -2 -2 1 -2 0 1 1
60 2 2 2 0 1 -1 -1 1 2 2 2 2 -1 1 1 -1 0 0 -2 0 1 -1 1 0 -2 1 1 2 -2 -1 2 -2 2 -1 -1 1 0 0 2 2 0 1 -2 1 -1 -1 2 0 -1 1 -2 0 -1 -2 2 2 -2 -1 0 2
33 -2 0 1 -1 0 1 0 0 1 -1 1 -1 2 -1 0 0 -2 1 -2 0 0 -1 -1 0 0 0 2 1 1 1 -1 -2 0
92 -2 2 -2 1 -2 -2 1 -1 -2 -2 -2 -2 -1 1 1 1 -1 0 -2 2 -1 0 2 1 1 -1 0 -2 1 1 1 1 1 2 2 0 2 -1 1 2 -1 0 -2 -1 -1 -2 1 1 1 2 -1 -1 0 -1 1 2 1 0 -1 1 -2 2 0 1 2 0 -2 -2 1 -2 -2 0 -1 1 -1 0 1 -1 2 -2 -1 -1 -2 0 -1 2 2 -1 1 1 1 0
64 2 2 1 -1 -2 -1 2 -1 -2 2 2 -2 2 2 2 2 0 -1 -2 -2 -2 0 -1 1 -1 -2 -2 0 -1 -1 2 0 -2 0 -1 2 2 2 1 -2 2 1 -2 1 -1 -1 1 -1 0 -1 2 1 -2 1 0 1 0 -1 1 -1 -2 2 -2 -2
3 -2 -2 1
53 0 -2 0 0 0 1 2 -1 1 2 -2 2 -2 -2 -2 -2 -2 -1 1 1 1 0 1 -1 0 2 -1 1 2 -2 1 1 2 -2 0 0 0 1 2 2 2 0 -1 -1 -1 -1 0 -1 -2 2 -1 2 -2
28 0 -1 -1 1 1 0 1 2 2 0 2 0 1 1 2 0 1 -1 1 1 -1 -2 0 0 2 0 0 -1
88 -1 0 2 -2 -2 0 0 0 -2 1 -1 2 1 0 2 -2 2 2 -2 1 -2 -2 1 1 1 0 -2 -2 -1 -2 -2 0 1 0 2 2 1 2 2 -2 0 -1 -1 0 -1 -2 0 -2 -1 1 -2 -1 2 -2 -1 2 -2 -1 0 2 -2 2 1 1 1 0 1 2 -1 1 1 -2 0 0 -1 0 0 -2 -1 -1 2 2 1 2 0 1 1 -1
46 -2 0 1 0 -2 2 1 -2 2 1 1 1 0 -2 -1 -1 2 0 -1 -2 1 -2 0 1 0 -1 -2 1 -1 2 1 1 0 2 -1 -1 2 -2 1 0 -1 0 -2 -1 -2 2
40 -2 2 -2 0 1 2 -2 -1 -1 1 0 1 1 2 1 2 2 -2 -2 1 2 -2 0 -2 -1 0 2 -1 1 -2 0 1 -2 -1 -2 1 2 2 1 0
58 1 0 -1 -2 0 -1 2 1 -2 2 0 2 -2 0 -2 -2 -1 2 0 1 0 -2 -1 -1 2 -1 -1 0 2 -2 -1 1 0 0 2 1 -1 1 0 1 2 -2 2 0 1 2 2 0 1 1 0 -1 -2 -2 2 1 -2 0
77 0 1 0 0 -2 1 1 0 -2 2 -1 2 2 1 0 1 1 0 2 -2 1 -1 2 2 1 -1 2 -1 -2 -2 -1 -2 0 1 -2 2 0 1 -2 -2 2 -1 -2 0 -2 1 -2 -1 -2 0 0 2 2 2 -2 1 -1 0 -2 0 1 0 -2 -2 -1 -1 0 2 -2 -2 1 0 0 2 2 -1 2
46 -1 2 -1 -1 -1 -2 1 2 2 0 -1 2 2 0 1 1 -1 2 2 -2 -1 -2 -2 0 -2 -2 2 -2 1 1 1 0 -1 -1 -2 -2 1 1 2 2 -2 -1 0 2 0 0
20
2 11 14
1 2
1 5
2 17 4
1 10
2 17 13
1 10
2 4 15
2 19 14
2 4 14
1 5
1 14
2 7 1
2 3 17
2 17 17
2 10 9
1 10
1 14
1 16
1 15
