1
2
3 -13 6 -18
6 -9 -2 1 17 -4 4
100
2 1 0
1 1
1 0
2 1 0
2 1 0
2 1 0
1 1
2 1 0
2 1 1
2 0 0
2 0 0
2 1 1
1 0
2 1 1
1 0
2 1 0
1 1
1 0
1 0
2 0 1
2 0 1
2 1 0
1 0
1 1
2 1 1
2 1 0
2 1 1
2 1 1
2 1 0
1 1
1 1
1 1
2 1 1
1 0
2 1 1
2 0 0
2 0 1
1 1
2 0 0
1 0
2 0 1
2 1 1
2 0 1
1 1
1 0
2 1 0
2 0 1
1 1
1 0
2 0 1
2 0 0
1 1
1 1
2 0 0
2 1 1
2 1 1
2 1 0
1 0
2 1 1
1 0
1 0
2 1 1
1 0
2 1 1
1 0
1 0
1 1
1 1
2 0 1
1 1
2 1 1
1 1
1 1
1 0
2 1 0
1 1
1 0
2 0 0
2 0 1
1 1
2 1 1
1 0
2 1 1
2 1 1
1 1
2 0 1
1 1
2 0 1
2 1 1
1 1
1 1
2 1 1
2 1 1
1 1
1 1
2 1 1
1 0
2 1 0
2 0 0
1 1
