8 10
1110110110
0100110110
0100110110
0000110010
0110111110
0000110010
1110110110
0010110110

8 10
1011111101
1011111101
1011110101
1001000110
0011111101
0101000001
1101110011
1010110101

8 10
1101011110
1101011110
0101011110
1101011110
1111101101
1000101110
1000001110
1001101110

8 10
1101011001
1101011001
1010000011
0011000001
1101110001
1011101010
1011101010
0011111110

8 10
0101100011
0001110011
0001110011
1000011011
0001000011
0101100011
0100011011
0001000011

8 10
1010011100
1010011100
1011100011
1001100111
0001101001
0001100111
1011100011
0101100111

8 10
0110110110
1101100001
0101100001
0111100001
1001101101
0111100001
0111100001
0001100001

8 10
1011011000
1011110000
0100001001
1111110000
0100001001
0100001001
1111110000
1010011000

8 10
1101101001
1100001001
1100001001
1101101001
1100001001
1101101001
0101101001
1100001001

8 10
0101000010
0101000000
0100000010
1101000010
0101000000
0101000000
0100010101
0010101011

8 10
0000101100
1000101100
0010111100
0010101100
1000101100
0001101100
0001101100
0010111100

8 10
1010101100
1010101100
0010101100
1010101100
0010101100
1001011010
1010101100
0010101100

8 10
0010000000
0000010000
1100101110
0000010000
1000010000
0000000000
0110101110
1010101110

8 10
1010111010
1111000001
1110100001
1100100001
1011111010
1010111010
1011111010
1010111010

8 10
1010001011
0010001011
1010001011
1011001111
0110001011
0010001010
1111000111
1010101011

8 10
1000101000
1000101011
1001010001
1001010001
1001010001
1000101011
1011110111
1111010001

8 10
1101111110
0000110000
0000110000
1001111110
0000110000
1001111110
1001111110
1000110111

8 10
0010101110
0110101110
0010101110
0011110110
0010011110
1110101110
1010011110
1001111010

8 10
0100000110
0100001110
0110000110
0010001110
0101000110
1110000110
1100000110
0101000110

8 10
0111001000
1111001000
0001001000
0111001000
0101001000
0001001000
0010001000
0001001000

8 10
0000001110
1101011100
1000110001
0011001110
0001001101
1000100001
1010010111
0101011010

8 10
1110100011
1110100111
1010100011
0100100111
0000100011
1110100011
1110100011
0010110011

8 10
0101101100
1101100100
1101100100
1100101100
1100101100
1101101100
1101100100
1111111010

8 10
1110110110
1110110110
0001110010
1110100110
0010110110
0001110010
0001111001
0011000011

8 10
1110000110
1100000100
1000000100
1001000100
1100000100
1110000110
1110000101
0110000001

8 10
1100011010
1110011010
1110011010
1000101011
0110011010
1110011010
1001001011
1100011010

8 10
1101110101
0101110101
1101100101
1111110101
0001000010
1101110101
1101110111
1101110111

8 10
1000101111
1000101111
1101110110
1000101111
1000101111
0001111101
1010111111
1100110100

8 10
0101110010
0001011110
0101011110
0101110010
0101110010
0010001011
0010100011
0001010110

8 10
0100011101
1000010111
0100010111
0101111101
1000011101
1001000111
1100011101
0001000111

8 10
1000111101
1000110001
1000111101
1001001111
1010011101
0111101000
1110001100
1100001001

8 10
1011001001
0001101100
1011001001
0011001001
1100111001
1100011011
1100111001
0111000001

8 10
1111011110
0101000100
1111011110
1011111110
1000111110
1011111110
0001111111
1111011110

8 10
0000111010
1001111010
1001110010
0001111010
1001011010
1001101000
0000101010
0011011010

8 10
1000001011
1100001011
1100001011
1100001011
1000011011
1100001011
1100001011
1100011011

8 10
0010111100
0010111100
1001011001
0001011001
0010111100
0110111100
1101011001
1101110001

8 10
0001011000
0001111000
0000111000
1110001101
0001111000
0000111000
0000111000
1010001001

8 10
1011001101
1011001101
1000101100
1011001000
1100101100
1100111010
1011001101
1010100010

8 10
1100100101
1110100101
1100100101
0101100101
1100100101
0101100101
0011100101
1100011100

8 10
1110110011
1100110011
1110110011
0010110011
1000110011
1011110011
0110100000
0111100000

8 10
0011010101
0011010101
1101111011
0111010101
0101010101
1111010101
1111111011
1101111011

8 10
1101101011
1101001011
1110101011
0101101011
1011110011
1001001011
0111101011
1101001011

8 10
1011011110
1011011110
1000110101
1000001101
0100000110
0011011110
0100000110
0001001101

8 10
0010110111
0010110111
1010011000
0010011000
0010011000
0000101011
1000011011
0010011000

8 10
0011001001
0011001001
0010001001
0011001001
0011001001
0011001001
0011001001
0010011110

8 10
0100010101
0110000101
1110000001
1111000001
1111011110
1010010100
1100000001
0100000001

8 10
1110010111
0001000000
1110010111
1110010111
0110010111
1010010111
0100010111
1111011111

8 10
0101010011
1101010011
1101110011
1101010011
1111010011
1101110011
1101110011
1101010011

8 10
1001110111
1001110111
1101110111
1001100111
1011100111
1101100111
1001010111
0001101111

8 10
0111011111
1100011100
0010010101
0111010111
1011010111
1111000111
1011010111
1011010111

8 10
0110101111
0110101111
1011111011
0100001111
0111001111
1011111011
1011111011
0110101011

8 10
0000100000
1110011101
0000100000
0000100000
0110001000
0000100000
1100011101
1110011101

8 10
0110100101
1110010011
1000010011
1110100110
1010000011
0110100101
1110000011
0110100101

8 10
0010101101
0000101101
0110101101
0111101111
0110100101
0101101111
1011101101
1001100110

8 10
0110101101
0100101101
1110101101
1010101101
0110101101
0110101101
0100001001
1110101101

8 10
0101001100
0101001100
0101001100
1001100110
0101001100
1001100110
0100110111
1001001100

8 10
0101111111
1101111111
0101111111
0100111111
0101111111
1011111111
1011001001
1100111111

8 10
1011010111
1111010111
0011010111
1011010111
1100111001
0111010111
1011010111
1100011100

8 10
0100000000
0110000000
0111000000
0111001100
0111001100
0100000000
1010010000
0110000001

8 10
1111100101
1011101101
0110010111
1011100101
1011100100
0111100101
1010100100
1011111101

8 10
0010111110
0011111110
0010111110
0010111110
1000100010
0000100010
0010111110
0010111110

8 10
0111110110
1111110110
1111110110
1111110110
1101111100
0101000000
1111111100
0101000000

8 10
0110001100
0110001100
0110001100
0110000100
0110000100
0110001100
1111000100
1110001100

8 10
0111101010
0111101010
0110101010
1100101000
0101001110
0101001110
0111000110
0111101010

8 10
1111110100
1010111001
0111110100
0111110100
1010100001
1111111100
1000111101
1011111100

8 10
1010000010
0101100110
0100101110
0000101110
0010001110
1100011101
0100101110
0001001000

8 10
0110110110
0110010110
1011100010
1010010110
1110110110
1010100010
1111011100
0101010011

8 10
0000110111
0000110111
0000110111
1111010010
1110111011
0011111001
0111111010
0100110111

8 10
1110111000
1110011000
1010011000
1110011000
1110111000
1110111000
1011111000
1110011000

8 10
1100000111
1001000111
1000110101
0001000111
1011100111
1000001110
0000110101
1011000011

8 10
1110110000
1110111000
0110111000
0111111000
1111111000
1100111000
1111001000
1001001000

8 10
1010000010
0010101010
0010101010
1110101010
0010101110
0010100011
0010101010
1111111010

8 10
1100001010
1100001010
1100001010
0100001010
0100011010
0110111011
0010011011
1001001010

8 10
0110101011
0010101011
0110101011
0110101011
0110101011
0111101001
0010101011
0100101011

8 10
1111111000
1010100110
1100010110
1001111001
1000010110
1101001101
1011000110
0100010110

8 10
0000101100
1100101100
1000101100
1000101100
0100101100
0100000000
1000100110
1000001110

8 10
0100011101
0100011101
0110011101
0110011101
0000010100
0011000110
0100011101
0011000110

8 10
1111010110
1110010100
1111010110
1110010100
1110000100
1110110100
0111010100
1110000000

8 10
0001111101
0010010101
0111010101
1101000101
0001111101
1000110001
0101101101
1010000111

8 10
1100101011
0100101011
0000101111
1010101111
1010111011
0010000111
0100101011
1110001110

8 10
1101000010
1101000010
1101000010
1101000000
1100000010
1001010010
0001010001
1001010010

8 10
0000110110
0000110110
1011000100
0000110110
0100110100
0100110100
0110110100
1100110100

8 10
1000111001
1000110101
0100100111
0001111001
1000111001
0101101011
0100100111
1000111101

8 10
1011111101
1101111101
1011111101
1111111101
0111011000
1111111101
1111111101
0101001010

8 10
0011101110
0101101110
0100110101
0011101110
1001101110
0101101110
0000101110
0111101110

8 10
0111001110
1110011111
1000011011
0111001110
0111001110
1010011011
0110001111
1011011011

8 10
1000001101
1010011110
0011011110
0001010110
0011011100
1110010111
0000010110
1110100101

8 10
1100111000
0000111000
1101001110
0100111000
1101001111
1100111000
1101001111
1110111000

8 10
0001000110
0001010100
0001000110
1101110101
1101110101
0111111010
0101011100
0001010100

8 10
0100101101
0100101101
0100101101
0110101101
0110101101
1100101001
0110101101
0100101101

8 10
1100100100
1100100100
1110100110
1100100100
0111001010
0111001010
0100001110
1010100100

8 10
0011011110
0010011110
0100001010
0010110001
1010011011
0011010010
0000011100
0101011100

8 10
1010000101
0000000101
1011110001
1010000101
1011110001
0010000101
0110000101
1100000101

8 10
1101110100
1101010100
0001110100
1111011000
1111110110
0011110100
0101001010
0101001010

8 10
1011000001
1111000001
1111011101
1111011101
1111011101
0000001000
0110100010
1010011001

8 10
0111111110
1101111110
0111111110
1101111110
0111111110
1110111110
0111000101
0110011110

8 10
0111111100
0101100001
0101100001
0101100001
0101100001
1100000101
1100000101
0111111100

8 10
0101100101
1111100101
0101000101
0101000101
1101100101
0101000101
1101100101
0101100101

8 10
1000001001
1011001001
0000001001
1000001001
1100000001
1101000001
1011001001
1111001101

8 10
0100110010
0110110110
0010110110
1001011101
0100110010
1010001011
1010100110
1110001011
