13
121 691 786 374 961 1 909 57 306 399 577 578 711
9
703 783 338 631 903 793 920 133 721
15
712 176 657 561 686 60 953 645 876 43 859 33 20 745 347
17
294 145 697 146 721 433 327 791 249 321 177 365 97 79 231 735 446
17
244 841 751 76 534 863 497 383 193 125 803 322 922 681 829 140 48
15
585 80 726 85 352 153 976 881 840 29 849 821 343 537 215
15
252 711 29 623 907 557 985 221 281 557 691 266 699 857 481
11
477 707 993 983 111 822 201 132 30 953 814
7
497 253 711 153 387 306 11
13
451 433 96 847 292 756 931 171 297 797 889 329 975
