17
940 871 397 446 216 229 801 351 57 836 584 623 581 751 977 49 501
17
502 771 501 5 581 781 556 832 783 821 521 561 853 866 166 409 501
17
933 145 756 401 912 723 778 819 987 379 976 616 473 81 956 301 447
17
883 164 313 451 251 565 929 327 899 597 481 420 287 601 585 397 611
17
944 89 801 447 645 685 647 967 486 929 958 854 544 273 341 55 65
17
956 633 161 508 265 881 725 571 901 117 685 284 351 346 516 751 423
17
455 636 981 875 776 688 496 667 666 855 786 227 731 681 781 629 539
17
406 201 9 585 266 991 109 710 476 734 663 897 536 195 801 931 9
17
267 330 927 153 361 489 26 650 831 787 217 299 674 687 570 369 31
17
22 504 925 585 753 521 626 959 916 581 842 328 384 156 27 865 664
