13
1578 1143 1232 1224 1153 1650 1442 2068 2708 2595 1336 1900 1308
13
2128 1559 1656 1460 1650 1964 1645 1672 1567 1084 2016 1977 1394
13
1978 1907 1392 1310 2340 1804 2952 1294 1414 1368 1951 1196 1914
13
1513 1380 1132 1790 1219 1916 1176 1304 1386 2298 1728 1236 1616
13
1912 1694 1148 1590 1900 1209 1161 1736 1794 1392 1512 1902 1904
13
1510 1524 1662 2469 2348 1374 1542 1418 1774 1524 2640 1300 1149
13
1717 1404 1744 2476 2660 1503 1959 1952 1994 1904 1384 1734 2504
13
1760 1530 1904 1094 1479 1886 1184 2696 3015 1424 1964 1691 1390
13
2562 1728 2798 1613 2208 1395 1194 1366 1964 1720 1044 1486 1399
13
1364 1368 1940 1381 1287 1350 2761 1746 1068 1794 1228 1516 1963
