269977409 966804400 220512150 126262226 41475024 264642315 271361122 157810842 158311986 591859192 -1 -1 -1 -1 -1 -1 403640484 403640484 740011008 -1 470533356 264642315 -1 -1 541210867 477980167 -1 -1 614966220 315936173 -1 -1 -1 114520440 -1 -1 280908825 -1 383168698 -1 113703666 -1 -1 48527753 861503838 273604253 -1 716806597 897760 -1 158311986 -1 -1 -1 265877640 86814598 134685661 20732880 828890680 114520440 -1 -1 -1 -1 589764205 7447456 403640484 -1 269977409 113578210 -1 -1 -1 -1 -1 138153096 -1 -1 -1 -1 102256800 332429652 -1 -1 897760 -1 425681488 -1 -1 46025392 88754310 307806800 53396780 -1 -1 136655912 152159462 -1 -1 586489230 -1 -1 46962176 47571314 -1 -1 332429652 49004667 -1 -1 53667287 8401269 -1 188680995 -1 -1 -1 53667287 -1 136655912 -1 -1 589764205 119652694 128868323 410223744 586851561 -1 43409952 -1 -1 79624674 20732880 158311986 -1 -1 79263888 37800675 -1 -1 -1 37800675 -1 -1 860589738 -1 887582542 -1 7544836 828890680 -1 -1 291184824 -1 -1 306807410 673185029 189373932 14771724 491874318 -1 -1 -1 -1 688842126 262348128 -1 527625288 86814598 371008630 390777930 -1 -1 179477636 -1 740011008 -1 -1 -1 9452060 258938784 527366125 -1 -1 -1 -1 418289256 -1 -1 -1 541210867 53722242 597502052 -1 154083980 223644375 897760 -1 53502972 -1 -1 -1 46962176 -1 -1 49609560 143972500 -1 -1 57005403 527625288 -1 -1 -1 364961142 -1 28911648 40177603 -1 247316480 692765346 86946565 -1 589764205 -1 143972500 -1 30212946 -1 -1 -1 666412065 16205854 19960504 164107840 29105328 872891 -1 -1 -1 -1 41475024 -1 54392724 -1 -1 128868323 657987688 -1 230378040 -1 162414980 -1 -1 -1 146382800 403640484 27923168 188680995 -1 -1 -1 424850108 -1 -1 -1 157810842 129080628 484692547 8401269 584824785 -1 -1 -1 48517928 307901574 483585375 290190632 -1 -1 -1 179477636 120130840 -1 40885448 -1 -1 53667287 -1 -1 -1 -1 18791942 -1 219831315 -1 9452060 55417316 135764080 794960592 390777930 614966220 418289256 8401269 -1 -1 -1 198516 -1 -1 143972500 113703666 -1 -1 182554967 -1 -1 425829222 -1 -1 372179647 -1 -1 -1 -1 
1843
88754310
20732880
220512150
280908825
120130840
19960504
872891
273604253
146382800
477980167
27923168
290190632
269977409
9452060
53667287
113703666
138153096
53722242
134685661
179477636
37800675
40885448
716806597
861503838
16205854
53396780
597502052
79263888
18791942
280908825
425829222
28911648
273604253
198516
79263888
290190632
53502972
57005403
332429652
872891
527366125
20732880
154083980
79624674
484692547
7447456
46025392
18791942
470533356
371008630
418289256
586851561
966804400
692765346
43409952
182554967
307806800
290190632
315936173
657987688
586489230
273604253
120130840
306807410
119652694
29105328
120130840
49004667
164107840
120130840
30212946
152159462
146382800
182554967
57005403
114520440
28911648
258938784
315936173
162414980
390777930
30212946
403640484
29105328
666412065
589764205
9452060
794960592
146382800
273604253
47571314
136655912
262348128
157810842
586489230
307901574
46025392
79624674
9452060
527366125
9452060
491874318
470533356
143972500
584824785
247316480
483585375
372179647
591859192
887582542
134685661
136655912
48517928
20732880
113578210
49004667
306807410
136655912
198516
136655912
527625288
7447456
48527753
119652694
8401269
541210867
425681488
46962176
425829222
54392724
424850108
20732880
88754310
262348128
88754310
9452060
527625288
46025392
16205854
383168698
262348128
584824785
158311986
113578210
306807410
424850108
28911648
164107840
136655912
9452060
716806597
164107840
7447456
113703666
113703666
315936173
154083980
692765346
247316480
491874318
129080628
589764205
47571314
591859192
220512150
614966220
113703666
860589738
372179647
40885448
477980167
307901574
306807410
860589738
403640484
872891
271361122
135764080
860589738
57005403
527366125
897760
158311986
119652694
966804400
46962176
18791942
182554967
332429652
154083980
860589738
860589738
483585375
27923168
49004667
860589738
138153096
162414980
966804400
688842126
37800675
657987688
383168698
18791942
134685661
46025392
179477636
7447456
114520440
53667287
716806597
113703666
614966220
7544836
332429652
247316480
425829222
220512150
49004667
372179647
198516
271361122
688842126
46962176
88754310
584824785
872891
271361122
113578210
265877640
586489230
48517928
872891
424850108
403640484
120130840
541210867
14771724
584824785
484692547
48527753
16205854
597502052
614966220
247316480
269977409
332429652
688842126
136655912
79263888
364961142
247316480
280908825
271361122
584824785
182554967
477980167
269977409
591859192
157810842
219831315
403640484
861503838
307901574
9452060
291184824
9452060
47571314
586489230
828890680
57005403
247316480
247316480
102256800
872891
18791942
692765346
53396780
179477636
20732880
425829222
740011008
79263888
7544836
138153096
143972500
27923168
18791942
27923168
53722242
383168698
307901574
154083980
290190632
307901574
189373932
887582542
135764080
198516
28911648
219831315
179477636
14771724
28911648
14771724
273604253
135764080
966804400
470533356
673185029
43409952
230378040
403640484
41475024
37800675
262348128
41475024
230378040
102256800
28911648
371008630
541210867
54392724
79263888
364961142
113703666
332429652
425681488
30212946
179477636
54392724
43409952
269977409
54392724
332429652
491874318
136655912
597502052
410223744
716806597
7544836
146382800
47571314
113578210
390777930
794960592
146382800
230378040
425829222
390777930
273604253
128868323
483585375
53502972
280908825
113703666
57005403
29105328
188680995
53396780
188680995
872891
30212946
18791942
152159462
40177603
264642315
119652694
119652694
887582542
477980167
291184824
79263888
262348128
527366125
258938784
383168698
53502972
484692547
220512150
271361122
716806597
79263888
54392724
291184824
424850108
179477636
86814598
280908825
861503838
129080628
258938784
7447456
146382800
383168698
53667287
307806800
410223744
154083980
425829222
136655912
40177603
315936173
483585375
79624674
271361122
162414980
692765346
372179647
247316480
135764080
8401269
157810842
48517928
597502052
40885448
483585375
491874318
46962176
9452060
262348128
164107840
425681488
198516
88754310
589764205
188680995
86814598
332429652
372179647
371008630
589764205
43409952
49004667
120130840
8401269
53502972
527625288
291184824
364961142
425681488
113578210
470533356
55417316
53722242
897760
46962176
223644375
541210867
794960592
264642315
49609560
128868323
315936173
9452060
258938784
258938784
230378040
586489230
79624674
315936173
143972500
860589738
258938784
372179647
794960592
372179647
146382800
48517928
220512150
48517928
40885448
48527753
614966220
484692547
614966220
527625288
673185029
692765346
872891
614966220
29105328
48527753
19960504
162414980
264642315
614966220
40177603
897760
30212946
46025392
861503838
48517928
491874318
29105328
258938784
332429652
53502972
126262226
182554967
46962176
7544836
483585375
828890680
657987688
657987688
390777930
179477636
371008630
688842126
269977409
46962176
126262226
280908825
41475024
134685661
143972500
9452060
332429652
128868323
143972500
18791942
425829222
14771724
740011008
424850108
403640484
364961142
897760
527625288
134685661
157810842
113703666
41475024
220512150
120130840
872891
364961142
290190632
591859192
223644375
102256800
307901574
872891
179477636
47571314
134685661
20732880
53667287
128868323
189373932
9452060
27923168
527366125
188680995
307901574
262348128
315936173
290190632
57005403
49004667
265877640
46025392
162414980
57005403
154083980
7447456
126262226
53722242
164107840
390777930
470533356
48517928
43409952
470533356
872891
53502972
589764205
164107840
491874318
113703666
43409952
53396780
860589738
657987688
27923168
307901574
40177603
29105328
53722242
120130840
189373932
872891
27923168
666412065
307806800
383168698
57005403
113578210
27923168
120130840
271361122
425681488
614966220
307901574
182554967
29105328
79624674
291184824
40177603
262348128
591859192
219831315
860589738
126262226
223644375
146382800
586489230
16205854
897760
483585375
666412065
48517928
46025392
154083980
861503838
383168698
477980167
527625288
372179647
179477636
403640484
586851561
79263888
673185029
264642315
28911648
40177603
223644375
872891
7447456
586851561
146382800
14771724
14771724
306807410
887582542
48527753
306807410
269977409
657987688
79624674
49004667
541210867
126262226
491874318
135764080
189373932
219831315
280908825
688842126
262348128
483585375
966804400
264642315
30212946
315936173
154083980
280908825
40885448
48517928
306807410
164107840
425681488
364961142
113578210
541210867
484692547
258938784
189373932
182554967
188680995
157810842
589764205
332429652
162414980
30212946
527366125
887582542
307901574
280908825
271361122
418289256
188680995
154083980
53502972
120130840
591859192
128868323
198516
794960592
27923168
129080628
872891
154083980
154083980
477980167
29105328
307901574
220512150
273604253
262348128
424850108
307901574
673185029
30212946
614966220
8401269
30212946
138153096
114520440
794960592
135764080
40177603
371008630
30212946
164107840
262348128
126262226
597502052
53502972
158311986
198516
102256800
692765346
860589738
113578210
364961142
86814598
897760
7544836
383168698
541210867
483585375
688842126
383168698
410223744
597502052
157810842
424850108
541210867
307806800
403640484
113578210
589764205
220512150
527625288
897760
230378040
390777930
79263888
315936173
9452060
424850108
113703666
46025392
280908825
861503838
273604253
27923168
135764080
113578210
28911648
49004667
138153096
46025392
119652694
53722242
230378040
291184824
46025392
258938784
290190632
280908825
114520440
128868323
28911648
18791942
614966220
113578210
589764205
372179647
264642315
290190632
48517928
154083980
48527753
164107840
410223744
230378040
18791942
371008630
29105328
262348128
46025392
332429652
220512150
470533356
46962176
410223744
223644375
586851561
390777930
157810842
673185029
887582542
425681488
484692547
14771724
164107840
198516
372179647
9452060
597502052
54392724
55417316
158311986
40177603
872891
597502052
418289256
897760
53722242
30212946
484692547
364961142
372179647
861503838
527366125
410223744
223644375
418289256
219831315
47571314
828890680
46025392
425681488
872891
57005403
688842126
219831315
146382800
861503838
219831315
188680995
136655912
306807410
179477636
143972500
14771724
86946565
372179647
40177603
477980167
198516
688842126
740011008
247316480
28911648
55417316
134685661
425681488
129080628
179477636
129080628
53396780
46025392
152159462
7447456
188680995
219831315
49609560
43409952
484692547
7544836
372179647
586489230
86814598
16205854
113578210
88754310
135764080
584824785
113703666
584824785
20732880
371008630
162414980
30212946
219831315
46025392
158311986
589764205
280908825
390777930
19960504
135764080
425681488
79624674
57005403
189373932
586851561
134685661
484692547
794960592
589764205
262348128
37800675
37800675
20732880
43409952
158311986
315936173
86946565
53667287
315936173
79263888
49004667
897760
37800675
424850108
30212946
119652694
403640484
483585375
138153096
483585375
198516
152159462
483585375
43409952
47571314
53722242
425829222
541210867
135764080
220512150
135764080
591859192
164107840
740011008
46025392
27923168
47571314
307901574
271361122
18791942
113703666
290190632
7447456
332429652
425681488
271361122
18791942
247316480
390777930
410223744
264642315
152159462
30212946
143972500
410223744
491874318
143972500
425681488
7447456
262348128
657987688
18791942
119652694
666412065
48517928
14771724
418289256
584824785
364961142
220512150
265877640
258938784
158311986
162414980
162414980
332429652
383168698
18791942
86814598
258938784
591859192
48517928
88754310
53722242
146382800
794960592
53396780
135764080
9452060
477980167
390777930
40177603
897760
134685661
597502052
484692547
48517928
53722242
19960504
30212946
7447456
46962176
860589738
19960504
418289256
48517928
527366125
86946565
138153096
306807410
143972500
113578210
29105328
372179647
146382800
128868323
113703666
46025392
114520440
230378040
14771724
425681488
54392724
102256800
138153096
307806800
86946565
265877640
315936173
966804400
219831315
182554967
135764080
7447456
364961142
154083980
491874318
119652694
273604253
597502052
371008630
666412065
189373932
410223744
43409952
164107840
113703666
54392724
527625288
114520440
114520440
966804400
182554967
136655912
135764080
53502972
280908825
28911648
46025392
861503838
258938784
55417316
162414980
8401269
135764080
136655912
19960504
128868323
18791942
189373932
57005403
57005403
425829222
188680995
527625288
16205854
794960592
390777930
48527753
114520440
88754310
114520440
383168698
41475024
47571314
306807410
371008630
189373932
54392724
29105328
152159462
586489230
586489230
872891
46962176
119652694
182554967
179477636
164107840
887582542
162414980
828890680
57005403
307806800
158311986
425829222
14771724
470533356
152159462
273604253
247316480
315936173
264642315
40177603
19960504
129080628
307806800
114520440
189373932
113578210
290190632
657987688
113578210
828890680
162414980
40177603
332429652
586851561
7447456
86814598
306807410
258938784
372179647
364961142
306807410
49004667
477980167
88754310
271361122
49609560
273604253
18791942
861503838
425829222
220512150
220512150
527366125
673185029
53502972
40885448
102256800
43409952
657987688
198516
143972500
7544836
43409952
14771724
271361122
179477636
860589738
48517928
54392724
262348128
740011008
152159462
198516
43409952
86814598
129080628
527625288
138153096
716806597
158311986
37800675
403640484
53502972
383168698
157810842
138153096
966804400
129080628
126262226
198516
269977409
586851561
18791942
43409952
307806800
614966220
135764080
410223744
371008630
307806800
53667287
40177603
666412065
692765346
425681488
527366125
477980167
102256800
418289256
584824785
129080628
143972500
164107840
143972500
27923168
794960592
57005403
162414980
182554967
135764080
897760
657987688
692765346
53396780
188680995
290190632
46962176
410223744
113578210
120130840
48517928
418289256
46025392
223644375
477980167
584824785
46962176
828890680
19960504
527625288
28911648
262348128
860589738
219831315
119652694
79624674
48517928
120130840
716806597
262348128
269977409
887582542
666412065
692765346
152159462
403640484
48527753
591859192
887582542
307806800
828890680
47571314
271361122
40885448
264642315
410223744
484692547
541210867
264642315
372179647
162414980
692765346
265877640
134685661
315936173
20732880
27923168
7447456
383168698
692765346
541210867
591859192
129080628
135764080
470533356
157810842
586851561
113578210
86946565
418289256
527625288
860589738
49004667
247316480
47571314
280908825
390777930
88754310
47571314
86946565
27923168
364961142
269977409
477980167
102256800
182554967
424850108
135764080
43409952
28911648
179477636
162414980
484692547
143972500
53396780
146382800
688842126
46025392
162414980
119652694
46962176
425829222
48527753
48527753
527366125
586851561
262348128
264642315
188680995
264642315
46025392
591859192
828890680
265877640
372179647
128868323
128868323
390777930
410223744
403640484
79624674
27923168
403640484
143972500
120130840
418289256
48527753
86814598
162414980
53667287
79263888
49609560
586489230
120130840
306807410
586851561
230378040
425829222
491874318
860589738
527625288
158311986
164107840
120130840
315936173
290190632
828890680
527366125
189373932
88754310
40177603
88754310
264642315
483585375
7544836
19960504
410223744
372179647
383168698
152159462
120130840
146382800
28911648
794960592
484692547
290190632
47571314
673185029
79624674
189373932
477980167
291184824
403640484
16205854
591859192
290190632
586489230
527366125
135764080
491874318
48527753
179477636
887582542
614966220
138153096
102256800
128868323
86814598
114520440
30212946
120130840
491874318
28911648
53722242
371008630
146382800
164107840
113578210
586489230
269977409
828890680
586489230
14771724
54392724
410223744
43409952
586851561
371008630
688842126
828890680
372179647
291184824
584824785
491874318
262348128
614966220
7544836
527625288
29105328
527625288
223644375
164107840
484692547
527366125
79624674
57005403
134685661
40885448
470533356
128868323
688842126
102256800
19960504
86946565
86814598
37800675
527366125
332429652
371008630
113578210
119652694
280908825
315936173
158311986
79263888
484692547
152159462
418289256
861503838
53722242
53502972
53667287
134685661
688842126
40885448
113578210
230378040
271361122
828890680
136655912
966804400
40177603
828890680
425829222
157810842
966804400
264642315
290190632
273604253
390777930
657987688
491874318
179477636
794960592
861503838
258938784
102256800
120130840
136655912
269977409
113578210
18791942
597502052
164107840
666412065
164107840
88754310
53396780
128868323
40177603
189373932
666412065
673185029
102256800
7544836
14771724
219831315
188680995
262348128
887582542
164107840
223644375
182554967
19960504
154083980
28911648
794960592
897760
861503838
113578210
7447456
113703666
86814598
258938784
9452060
584824785
188680995
41475024
403640484
271361122
16205854
258938784
88754310
673185029
182554967
128868323
716806597
18791942
154083980
79263888
589764205
230378040
403640484
527625288
484692547
271361122
138153096
219831315
477980167
220512150
307806800
860589738
586851561
16205854
614966220
7447456
37800675
372179647
273604253
14771724
57005403
54392724
794960592
27923168
55417316
258938784
315936173
280908825
54392724
129080628
491874318
188680995
43409952
424850108
102256800
307806800
18791942
264642315
372179647
49609560
262348128
146382800
54392724
46962176
164107840
586851561
40885448
491874318
40177603
484692547
86946565
164107840
306807410
182554967
53722242
198516
280908825
273604253
897760
86814598
541210867
264642315
47571314
692765346
8401269
306807410
49609560
483585375
591859192
306807410
37800675
828890680
79624674
128868323
586851561
79263888
53722242
897760
410223744
86814598
54392724
188680995
120130840
135764080
188680995
113703666
371008630
19960504
16205854
290190632
27923168
16205854
887582542
49004667
7447456
258938784
53722242
120130840
79624674
291184824
55417316
47571314
271361122
113578210
188680995
597502052
162414980
57005403
164107840
584824785
273604253
673185029
53722242
164107840
55417316
740011008
16205854
220512150
30212946
146382800
120130840
230378040
688842126
53667287
18791942
55417316
14771724
897760
280908825
673185029
120130840
477980167
264642315
247316480
591859192
143972500
179477636
220512150
541210867
527366125
86946565
258938784
491874318
280908825
9452060
79624674
371008630
37800675
182554967
8401269
688842126
315936173
157810842
692765346
135764080
262348128
47571314
219831315
586851561
28911648
43409952
291184824
53396780
162414980
591859192
589764205
410223744
135764080
113578210
264642315
269977409
794960592
9452060
794960592
143972500
146382800
828890680
19960504
54392724
138153096
57005403
102256800
484692547
410223744
43409952
40885448
49004667
372179647
157810842
371008630
527625288
418289256
162414980
49609560
88754310
128868323
887582542
306807410
16205854
740011008
7544836
19960504
37800675
371008630
271361122
152159462
40885448
290190632
315936173
114520440
79263888
143972500
119652694
9452060
9452060
491874318
134685661
740011008
673185029
740011008
182554967
53502972
135764080
30212946
541210867
887582542
102256800
14771724
872891
157810842
14771724
220512150
53502972
48517928
53502972
46025392
20732880
182554967
828890680
477980167
418289256
143972500
7447456
372179647
828890680
589764205
7447456
657987688
179477636
364961142
220512150
57005403
47571314
527625288
614966220
794960592
119652694
88754310
269977409
872891
483585375
230378040
164107840
364961142
740011008
372179647
673185029
152159462
126262226
897760
138153096
477980167
40885448
9452060
48527753
307806800
491874318
136655912
136655912
223644375
657987688
8401269
63713184 21219795 608879985 284006952 182039264 7161923 216001659 500167898 -1 -1 279062866 110167281 107977559 -1 -1 25131684 -1 -1 -1 767561424 18675090 500167898 -1 20604912 192605952 -1 -1 873262936 -1 -1 73510437 -1 36567456 705228552 -1 -1 -1 73510437 -1 -1 137828768 267169320 -1 -1 230771688 7161923 232744490 -1 115203504 106430058 -1 436981209 -1 -1 -1 1336940 33466167 -1 -1 -1 30421888 110167281 500167898 3514206 307406226 -1 -1 -1 184131375 -1 -1 -1 -1 288601480 179792756 227850 460304670 182039264 77676704 12136320 64158370 50496980 -1 -1 373255592 -1 -1 -1 1336940 30421888 -1 -1 -1 217636107 223570536 432375878 7282800 -1 -1 -1 674218490 674218490 83737940 -1 -1 -1 199206454 -1 -1 507599550 46674126 -1 63713184 -1 -1 48693921 -1 -1 27902238 -1 -1 298825075 177809262 124307232 373255592 147940410 187762896 -1 -1 102395433 -1 423132352 -1 27902238 -1 -1 -1 -1 -1 293096142 138091615 -1 120451518 72764452 -1 -1 -1 -1 -1 11934562 788378832 192376488 -1 388977054 423132352 -1 -1 -1 144571476 72764452 959621616 262185651 217918688 -1 920486616 -1 -1 -1 7533918 114347568 580048032 -1 -1 -1 190334305 77676704 -1 948592876 254494080 -1 -1 -1 -1 285623496 511878580 54865558 310334710 -1 241906999 -1 -1 333066346 -1 -1 454775174 968672094 -1 -1 -1 64158370 225559400 4190030 -1 293011376 -1 -1 -1 204957218 170926416 -1 -1 -1 279473946 139816770 696956106 -1 -1 371458740 -1 640650236 224055810 959621616 232744490 423132352 -1 -1 64158370 -1 877409268 -1 279473946 -1 -1 -1 348418784 -1 90938100 -1 -1 30421888 -1 -1 63847862 307406226 -1 -1 138091615 150676740 9759420 -1 -1 204459416 -1 -1 -1 388977054 -1 298825075 216001659 110167281 -1 -1 370781907 -1 128959298 49542318 -1 254494080 -1 -1 -1 436981209 385941634 -1 -1 283302748 959621616 -1 -1 49850072 -1 40998120 -1 -1 86836602 32893835 199206454 112015773 -1 -1 608879985 144006709 -1 -1 -1 539645232 139816770 -1 -1 -1 195345450 -1 -1 10404495 217318140 -1 -1 -1 107977559 -1 -1 
1766
137828768
589764205
7161923
948592876
410223744
126262226
7161923
307901574
154083980
157810842
8401269
41475024
580048032
106430058
18791942
18791942
283302748
113703666
860589738
666412065
293096142
53396780
154083980
139816770
18791942
223644375
48693921
7533918
657987688
589764205
4190030
424850108
491874318
198516
19960504
30212946
9759420
666412065
370781907
217918688
53396780
7447456
20604912
284006952
7161923
18791942
49850072
477980167
64158370
64158370
143972500
73510437
424850108
591859192
113703666
423132352
55417316
293011376
432375878
348418784
43409952
40177603
293011376
48527753
57005403
484692547
41475024
657987688
460304670
527366125
86946565
767561424
1336940
511878580
64158370
500167898
589764205
872891
192605952
371458740
53667287
7161923
385941634
310334710
21219795
110167281
280908825
418289256
64158370
11934562
454775174
527366125
279062866
29105328
219831315
86836602
162414980
291184824
608879985
608879985
310334710
410223744
12136320
217918688
107977559
88754310
265877640
418289256
152159462
72764452
432375878
49542318
188680995
418289256
158311986
11934562
119652694
110167281
112015773
614966220
483585375
55417316
21219795
182554967
740011008
1336940
217318140
315936173
154083980
48527753
230771688
192376488
7161923
279473946
491874318
298825075
37800675
86814598
144006709
920486616
138091615
511878580
3514206
27923168
55417316
46025392
47571314
187762896
223570536
279062866
198516
86946565
204957218
40177603
273604253
63847862
114520440
164107840
158311986
673185029
828890680
873262936
77676704
388977054
143972500
332429652
307901574
54865558
307406226
192376488
146382800
114347568
385941634
597502052
293096142
705228552
120451518
106430058
192605952
126262226
454775174
138153096
666412065
640650236
7447456
63713184
290190632
283302748
370781907
788378832
306807410
385941634
740011008
348418784
290190632
584824785
966804400
265877640
586489230
285623496
267169320
190334305
310334710
179792756
30421888
279062866
527366125
14771724
541210867
37800675
477980167
124307232
470533356
284006952
154083980
290190632
47571314
164107840
794960592
129080628
673185029
119652694
164107840
29105328
861503838
90938100
48527753
115203504
269977409
586489230
157810842
279473946
20604912
794960592
959621616
20732880
114520440
696956106
21219795
484692547
586489230
33466167
8401269
584824785
688842126
184131375
77676704
7533918
580048032
267169320
370781907
597502052
968672094
223570536
150676740
306807410
204459416
227850
9759420
580048032
306807410
12136320
146382800
162414980
657987688
114520440
371458740
113703666
86946565
288601480
188680995
1336940
280908825
182039264
291184824
388977054
53396780
102256800
47571314
138091615
385941634
262185651
584824785
83737940
119652694
139816770
9452060
224055810
157810842
372179647
223570536
152159462
262185651
136655912
102256800
49850072
154083980
373255592
48693921
7533918
7533918
114347568
3514206
162414980
46962176
112015773
8401269
55417316
47571314
424850108
674218490
332429652
198516
484692547
959621616
30212946
279062866
7544836
120130840
33466167
43409952
179792756
144571476
219831315
77676704
33466167
11934562
310334710
179477636
269977409
137828768
36567456
872891
150676740
195345450
20732880
120130840
63713184
7161923
9452060
150676740
887582542
63713184
46674126
53667287
195345450
279062866
10404495
586489230
293096142
16205854
7447456
8401269
968672094
7533918
119652694
14771724
147940410
310334710
223570536
53667287
241906999
136655912
262185651
20732880
483585375
291184824
223570536
333066346
63847862
860589738
182554967
137828768
740011008
113578210
584824785
315936173
12136320
72764452
383168698
491874318
144006709
284006952
41475024
124307232
110167281
27902238
511878580
157810842
484692547
47571314
307406226
307406226
184131375
106430058
48693921
20732880
705228552
897760
3514206
83737940
83737940
48693921
129080628
55417316
198516
373255592
21219795
371458740
136655912
20732880
124307232
182039264
390777930
90938100
225559400
150676740
53667287
146382800
79263888
106430058
511878580
673185029
527625288
10404495
262185651
48693921
135764080
372179647
657987688
364961142
470533356
54865558
1336940
423132352
968672094
113703666
46025392
897760
47571314
138091615
511878580
873262936
135764080
162414980
46674126
614966220
79263888
424850108
966804400
425829222
410223744
120451518
79624674
279062866
385941634
40885448
9759420
64158370
16205854
285623496
219831315
271361122
279062866
584824785
828890680
385941634
541210867
966804400
164107840
310334710
64158370
64158370
83737940
187762896
139816770
291184824
139816770
614966220
223570536
217918688
385941634
432375878
29105328
388977054
114347568
403640484
298825075
332429652
425681488
279473946
217636107
54865558
77676704
198516
740011008
177809262
541210867
828890680
110167281
190334305
219831315
40885448
112015773
114520440
383168698
50496980
147940410
307806800
113578210
877409268
63713184
454775174
410223744
192376488
217636107
364961142
189373932
147940410
410223744
189373932
46962176
873262936
432375878
788378832
73510437
170926416
788378832
83737940
184131375
28911648
608879985
158311986
227850
267169320
410223744
114347568
293096142
57005403
40885448
589764205
794960592
333066346
7544836
9452060
150676740
740011008
120451518
877409268
53396780
527366125
477980167
460304670
220512150
9452060
788378832
143972500
614966220
230771688
696956106
224055810
230378040
179792756
897760
887582542
591859192
500167898
307806800
55417316
43409952
483585375
137828768
371458740
128868323
410223744
86836602
187762896
959621616
55417316
674218490
877409268
279473946
491874318
179792756
279062866
64158370
49609560
53502972
115203504
262185651
12136320
190334305
20732880
73510437
164107840
589764205
230378040
315936173
527625288
88754310
873262936
269977409
7282800
21219795
586489230
872891
470533356
192605952
47571314
608879985
192605952
269977409
293011376
48527753
77676704
72764452
484692547
254494080
10404495
40998120
716806597
152159462
83737940
182554967
64158370
511878580
21219795
48517928
55417316
192605952
126262226
199206454
9759420
143972500
49004667
424850108
7533918
113578210
597502052
179477636
861503838
279473946
112015773
14771724
460304670
966804400
483585375
119652694
673185029
586489230
1336940
128959298
138153096
28911648
767561424
106430058
424850108
470533356
49609560
284006952
36567456
49609560
40998120
293011376
72764452
267169320
55417316
48693921
20604912
90938100
410223744
673185029
1336940
77676704
157810842
20604912
541210867
507599550
7533918
184131375
128868323
114347568
920486616
119652694
674218490
388977054
184131375
264642315
227850
150676740
192605952
134685661
19960504
128868323
146382800
674218490
425829222
224055810
43409952
21219795
269977409
293096142
182554967
315936173
40177603
11934562
527625288
14771724
18791942
137828768
873262936
527625288
49850072
138153096
40998120
511878580
705228552
113578210
112015773
54392724
48517928
436981209
53667287
688842126
187762896
247316480
106430058
877409268
271361122
872891
584824785
285623496
4190030
48693921
267169320
144571476
425681488
102256800
306807410
129080628
53722242
586489230
79263888
135764080
217318140
46962176
541210867
136655912
370781907
740011008
1336940
4190030
53396780
692765346
170926416
43409952
364961142
29105328
112015773
27923168
138153096
54865558
36567456
152159462
507599550
40998120
597502052
10404495
224055810
63847862
112015773
195345450
460304670
586851561
298825075
507599550
254494080
370781907
293011376
262348128
373255592
53396780
113578210
860589738
49004667
40885448
216001659
425829222
348418784
189373932
138153096
254494080
424850108
948592876
198516
36567456
307406226
77676704
63713184
968672094
586851561
41475024
372179647
887582542
19960504
584824785
63847862
527366125
279473946
511878580
254494080
586851561
425829222
199206454
216001659
307901574
290190632
432375878
283302748
740011008
436981209
861503838
150676740
192605952
107977559
49542318
53502972
372179647
920486616
204957218
54865558
383168698
586851561
217636107
873262936
390777930
29105328
539645232
27923168
280908825
539645232
55417316
110167281
224055810
57005403
47571314
49542318
8401269
873262936
223570536
138153096
290190632
158311986
897760
403640484
716806597
484692547
241906999
674218490
373255592
79263888
88754310
25131684
27902238
425829222
152159462
861503838
182554967
36567456
217636107
139816770
372179647
154083980
310334710
794960592
50496980
46962176
674218490
79263888
12136320
418289256
872891
483585375
860589738
54392724
219831315
128868323
12136320
20604912
128868323
57005403
124307232
53502972
217318140
41475024
507599550
162414980
696956106
83737940
966804400
371008630
113578210
290190632
46025392
150676740
192376488
40885448
370781907
136655912
258938784
371458740
436981209
128868323
216001659
224055810
19960504
48517928
403640484
247316480
454775174
46025392
267169320
364961142
204957218
199206454
597502052
12136320
28911648
113578210
88754310
225559400
137828768
291184824
48527753
147940410
217636107
230771688
189373932
484692547
371008630
262185651
740011008
265877640
139816770
966804400
124307232
860589738
8401269
137828768
470533356
189373932
586851561
30212946
204459416
673185029
73510437
403640484
860589738
483585375
204957218
134685661
370781907
124307232
861503838
425681488
177809262
666412065
147940410
527366125
740011008
271361122
861503838
586851561
47571314
597502052
11934562
586489230
41475024
179477636
271361122
541210867
527366125
204459416
586851561
53667287
30212946
135764080
262185651
657987688
14771724
43409952
189373932
107977559
179477636
195345450
7533918
136655912
477980167
7282800
73510437
477980167
267169320
72764452
580048032
152159462
307806800
291184824
40885448
9452060
28911648
192605952
10404495
49004667
307406226
37800675
177809262
298825075
83737940
154083980
25131684
10404495
195345450
192605952
262348128
390777930
63713184
220512150
230771688
83737940
64158370
27923168
7282800
139816770
18791942
425829222
79624674
269977409
88754310
7544836
57005403
7282800
64158370
873262936
55417316
57005403
597502052
403640484
290190632
144006709
88754310
113578210
107977559
37800675
46025392
86836602
189373932
217318140
332429652
102256800
177809262
258938784
310334710
49004667
293011376
179477636
188680995
46025392
48517928
190334305
7161923
483585375
225559400
27902238
403640484
49004667
195345450
86946565
477980167
861503838
860589738
46674126
332429652
527366125
53502972
144006709
307901574
332429652
83737940
204459416
716806597
199206454
614966220
18675090
527625288
73510437
198516
388977054
119652694
307806800
63847862
114520440
14771724
584824785
190334305
102395433
688842126
188680995
674218490
315936173
887582542
794960592
584824785
146382800
182554967
53502972
48527753
371458740
767561424
614966220
1336940
192605952
147940410
1336940
364961142
139816770
77676704
410223744
12136320
271361122
137828768
872891
225559400
410223744
4190030
83737940
20732880
47571314
539645232
7533918
230378040
262348128
30421888
79624674
230771688
41475024
146382800
279473946
88754310
258938784
500167898
144571476
265877640
666412065
861503838
49609560
134685661
46025392
54392724
126262226
190334305
190334305
666412065
128868323
267169320
83737940
388977054
7533918
55417316
86946565
788378832
188680995
410223744
102395433
373255592
73510437
225559400
135764080
46962176
164107840
164107840
139816770
230378040
511878580
920486616
107977559
137828768
147940410
79624674
968672094
307406226
262348128
673185029
102256800
589764205
873262936
640650236
9452060
204459416
7533918
315936173
37800675
247316480
373255592
385941634
49004667
220512150
43409952
36567456
9452060
49850072
54865558
73510437
49850072
432375878
28911648
204957218
146382800
410223744
20732880
53722242
310334710
586489230
877409268
88754310
225559400
219831315
4190030
484692547
491874318
597502052
716806597
666412065
33466167
146382800
217636107
49004667
139816770
966804400
126262226
46025392
307901574
144571476
4190030
7544836
279473946
55417316
46674126
230771688
187762896
269977409
53396780
390777930
47571314
134685661
72764452
454775174
589764205
666412065
460304670
897760
4190030
279062866
102256800
30212946
90938100
53667287
158311986
657987688
230378040
385941634
216001659
48517928
25131684
877409268
403640484
49850072
315936173
49850072
20732880
134685661
102395433
828890680
333066346
49850072
129080628
157810842
14771724
72764452
86836602
150676740
828890680
241906999
53667287
227850
705228552
657987688
897760
254494080
280908825
8401269
19960504
767561424
383168698
47571314
423132352
333066346
102395433
640650236
46674126
527366125
182554967
403640484
138153096
77676704
241906999
716806597
539645232
279062866
90938100
49850072
284006952
49609560
333066346
20732880
436981209
47571314
418289256
113578210
216001659
224055810
10404495
511878580
25131684
705228552
383168698
25131684
371008630
182039264
102395433
280908825
966804400
72764452
484692547
20732880
192376488
55417316
539645232
18791942
12136320
30212946
740011008
364961142
230378040
298825075
788378832
184131375
230378040
283302748
79624674
18675090
418289256
144006709
293011376
198516
920486616
18675090
371458740
586851561
3514206
25131684
88754310
484692547
46962176
143972500
192376488
106430058
966804400
120451518
657987688
500167898
144006709
164107840
224055810
152159462
30212946
46962176
586489230
332429652
9452060
73510437
54865558
9759420
527366125
223644375
28911648
507599550
307901574
372179647
33466167
219831315
49004667
124307232
364961142
14771724
199206454
307806800
102256800
7161923
491874318
55417316
152159462
383168698
8401269
48517928
223644375
223644375
164107840
527366125
107977559
511878580
332429652
424850108
425829222
154083980
258938784
500167898
9759420
47571314
586489230
280908825
507599550
177809262
541210867
18675090
25131684
46674126
966804400
232744490
147940410
79624674
269977409
114520440
861503838
199206454
46025392
30421888
269977409
861503838
187762896
828890680
7544836
373255592
254494080
4190030
21219795
79263888
137828768
258938784
53396780
86836602
144571476
25131684
10404495
50496980
49609560
307806800
306807410
90938100
262348128
72764452
4190030
436981209
674218490
887582542
223644375
63713184
46962176
432375878
192376488
53722242
373255592
688842126
72764452
674218490
371458740
470533356
138091615
527625288
279473946
432375878
285623496
310334710
21219795
30212946
129080628
280908825
293011376
307406226
298825075
403640484
182554967
432375878
959621616
157810842
507599550
57005403
30421888
7533918
204459416
126262226
106430058
124307232
284006952
21219795
138153096
273604253
27923168
57005403
225559400
144006709
696956106
385941634
190334305
418289256
432375878
134685661
33466167
9452060
3514206
18791942
372179647
527366125
90938100
1336940
73510437
410223744
586489230
150676740
157810842
189373932
158311986
279062866
182554967
49004667
591859192
589764205
460304670
107977559
614966220
28911648
195345450
307901574
182554967
828890680
189373932
948592876
403640484
158311986
230771688
192605952
666412065
364961142
40998120
55417316
143972500
285623496
170926416
41475024
138091615
740011008
688842126
541210867
120451518
9452060
50496980
491874318
483585375
586489230
586489230
129080628
872891
182554967
271361122
403640484
589764205
138153096
79624674
454775174
40998120
134685661
371008630
40885448
113703666
90938100
225559400
187762896
696956106
30212946
190334305
584824785
9452060
873262936
247316480
507599550
371008630
170926416
7544836
49542318
120451518
144006709
1336940
279062866
586851561
27902238
432375878
37800675
230378040
73510437
584824785
139816770
184131375
144006709
120451518
162414980
767561424
740011008
19960504
29105328
217318140
195345450
187762896
189373932
40998120
90938100
877409268
608879985
192376488
88754310
40885448
794960592
158311986
29105328
390777930
364961142
285623496
364961142
425829222
7447456
298825075
477980167
948592876
195345450
154083980
46025392
177809262
11934562
527366125
79263888
364961142
390777930
688842126
49850072
162414980
36567456
224055810
539645232
50496980
40998120
897760
920486616
47571314
32893835
54865558
138091615
692765346
230771688
265877640
388977054
265877640
48517928
190334305
77676704
164107840
500167898
423132352
57005403
692765346
86814598
49609560
483585375
83737940
9452060
258938784
306807410
14771724
477980167
46025392
279473946
192376488
265877640
32893835
86814598
139816770
182554967
182554967
27923168
137828768
860589738
46674126
49542318
150676740
674218490
20732880
48517928
264642315
162414980
348418784
794960592
28911648
241906999
484692547
179477636
608879985
41475024
48527753
586851561
46674126
483585375
418289256
507599550
138153096
53667287
36567456
7161923
43409952
1336940
198516
767561424
198516
102395433
204957218
586851561
767561424
18791942
897760
7544836
390777930
705228552
223570536
36567456
262185651
298825075
20732880
332429652
364961142
217918688
418289256
49850072
204957218
86946565
129080628
527366125
182554967
14771724
12136320
527625288
