13 1
4 8 2 6 3 4 14 8 11 12 1 12 6
91
1 5
15
0 1 5 7 2
4 2
5 12 12 7
24 12
9 1
9 2 4 8 6 0 2 4 10
45
4 2
7 6 16 7
19 17
6 2
3 15 17 14 16 13
41 37
1 8
36
6 2 8 4 1 3 5 7
3 3
18 14 13
14 14 17
1 5
15
2 1 5 3 4
1 1
1
1
5 3
18 31 17 25 29
61 31 28
1 7
28
7 4 8 0 5 1 3
2 7
63 42
13 14 14 20 16 11 17
3 2
4 8 9
12 9
3 1
3 2 1
6
9 1
7 2 3 6 9 4 8 5 1
45
2 2
7 3
4 6
1 15
120
4 2 3 12 9 5 14 7 13 1 10 6 15 8 11
1 14
105
8 13 12 9 1 8 14 10 12 1 6 5 2 4
1 7
28
7 1 6 5 3 4 2
1 9
45
4 1 7 5 3 6 9 2 8
2 3
10 11
8 8 5
14 1
9 12 14 6 11 8 10 4 3 13 7 5 2 1
105
1 5
15
2 2 4 0 7
4 3
26 25 19 8
21 26 31
3 2
4 9 8
8 13
3 4
14 33 31
26 19 14 19
5 3
25 28 22 19 26
43 24 53
2 5
29 26
14 18 7 11 5
15 1
6 7 13 14 12 10 15 1 5 3 9 2 4 11 8
120
1 13
91
2 6 12 3 3 4 11 11 7 7 5 13 7
4 2
12 12 3 9
15 21
1 1
1
1
1 1
1
1
3 3
18 15 12
13 19 13
1 4
10
1 3 4 2
1 15
120
8 10 11 4 6 14 15 8 4 2 8 4 12 1 13
7 1
6 5 4 7 1 2 3
28
1 6
21
3 0 5 5 7 1
1 11
66
2 10 0 8 4 8 6 8 2 12 6
