5 3
10 34 26 16 34
38 50 32
4 2
12 10 7 7
18 18
1 8
36
0 7 7 3 2 4 7 6
1 13
91
11 2 2 10 8 4 8 5 11 12 13 0 5
6 1
8 3 1 3 0 6
21
6 2
18 19 5 20 7 9
34 44
1 15
120
4 13 14 9 6 7 5 3 1 12 15 8 10 2 11
4 3
22 23 16 17
12 40 26
3 5
56 40 24
16 31 23 17 33
1 9
45
1 9 3 3 9 1 8 9 2
3 3
16 12 17
10 17 18
5 1
3 4 5 1 2
15
3 5
44 36 40
20 19 25 30 26
1 6
21
6 2 1 1 6 5
5 3
15 32 29 24 20
38 37 45
1 3
6
1 3 2
5 3
27 22 19 26 26
33 36 51
5 3
14 19 19 24 44
37 39 44
1 3
6
1 0 5
1 15
120
4 1 13 2 7 14 9 15 3 11 6 12 5 10 8
11 1
7 12 8 4 7 6 9 8 3 1 1
66
3 3
17 19 9
7 20 18
9 1
2 4 8 1 4 7 3 10 6
45
1 7
28
6 7 6 3 1 1 4
1 12
78
4 9 4 7 7 12 3 7 4 3 10 8
1 9
45
9 5 1 6 3 7 8 2 4
8 2
19 8 8 26 19 25 11 20
86 50
1 15
120
12 6 7 1 15 8 9 11 10 3 5 2 14 13 4
1 4
10
3 2 1 4
4 2
13 9 5 9
17 19
14 1
13 3 11 8 2 9 14 10 6 4 1 7 5 12
105
4 2
3 14 8 11
17 19
6 1
5 4 2 3 6 1
21
6 1
3 9 4 2 1 2
21
3 4
21 23 34
24 15 21 18
1 16
136
4 15 11 12 9 4 13 7 1 1 16 5 7 15 5 11
15 1
11 14 8 9 15 10 7 5 2 13 3 6 1 12 4
120
3 1
2 4 0
6
1 2
3
2 1
5 3
26 14 31 30 19
43 50 27
