5 2
8 10 8 10 19
34 21
5 2
9 17 9 11 9
19 36
5 2
5 7 14 11 18
24 31
5 2
12 16 9 9 9
34 21
5 2
10 15 9 9 12
26 29
5 2
13 5 5 17 15
26 29
5 2
10 11 13 8 13
19 36
5 2
5 14 14 7 15
32 23
5 2
11 3 12 14 15
31 24
5 2
15 12 8 6 14
38 17
5 2
16 7 11 13 8
31 24
5 2
11 9 11 9 15
34 21
5 2
13 12 18 7 5
23 32
5 2
11 7 14 7 16
33 22
5 2
16 3 16 11 9
27 28
5 2
14 7 10 13 11
31 24
5 2
3 13 9 15 15
33 22
5 2
12 14 4 10 15
35 20
5 2
12 12 17 10 4
26 29
5 2
11 16 16 9 3
32 23
5 2
15 4 6 15 15
29 26
5 2
5 13 11 11 15
22 33
5 2
10 9 7 11 18
26 29
5 2
9 10 14 9 13
29 26
5 2
3 14 14 10 14
28 27
5 2
7 8 7 14 19
25 30
5 2
15 3 12 11 14
27 28
5 2
12 11 15 5 12
23 32
5 2
13 12 12 6 12
21 34
5 2
8 19 9 12 7
22 33
5 2
9 4 19 12 11
33 22
5 2
10 14 10 14 7
34 21
5 2
7 14 9 11 14
25 30
5 2
11 19 10 3 12
24 31
5 2
9 10 9 9 18
32 23
5 2
8 10 10 18 9
25 30
5 2
13 14 12 12 4
27 28
5 2
16 10 12 9 8
23 32
5 2
12 14 10 11 8
34 21
5 2
10 15 8 8 14
22 33
5 2
11 8 19 8 9
35 20
5 2
12 11 15 11 6
18 37
5 2
13 17 7 4 14
24 31
5 2
4 14 8 17 12
21 34
5 2
13 15 10 6 11
26 29
5 2
12 11 16 8 8
25 30
5 2
16 11 11 10 7
26 29
5 2
15 7 11 11 11
27 28
5 2
16 14 8 11 6
28 27
5 2
13 18 13 6 5
24 31
5 2
13 7 14 10 11
32 23
5 2
11 6 13 11 14
18 37
5 2
12 8 11 12 12
19 36
5 2
9 12 18 5 11
32 23
5 2
6 11 17 12 9
35 20
5 2
10 13 9 16 7
26 29
5 2
12 15 3 16 9
28 27
5 2
5 10 9 18 13
24 31
5 2
8 15 4 16 12
36 19
5 2
7 9 18 13 8
30 25
5 2
18 4 8 16 9
26 29
5 2
16 17 9 5 8
30 25
5 2
8 11 7 16 13
22 33
5 2
9 11 10 17 8
25 30
5 2
8 14 10 6 17
26 29
5 2
11 9 17 10 8
37 18
5 2
12 6 10 10 17
25 30
5 2
10 11 9 13 12
31 24
5 2
8 13 13 11 10
28 27
5 2
11 13 6 10 15
18 37
5 2
14 5 13 17 6
30 25
5 2
13 11 8 9 14
31 24
5 2
17 12 12 5 9
31 24
5 2
11 5 16 16 7
31 24
5 2
18 6 4 15 12
26 29
5 2
7 5 11 15 17
34 21
5 2
8 13 9 16 9
39 16
5 2
18 8 14 5 10
26 29
5 2
15 9 3 17 11
30 25
5 2
14 13 11 6 11
35 20
5 2
7 12 14 14 8
25 30
5 2
15 7 13 15 5
24 31
5 2
15 11 10 10 9
25 30
5 2
12 18 9 9 7
30 25
5 2
7 11 15 14 8
37 18
5 2
9 6 16 12 12
36 19
5 2
11 16 8 6 14
25 30
5 2
11 8 12 9 15
25 30
5 2
5 12 16 11 11
22 33
5 2
12 12 7 17 7
24 31
5 2
13 7 12 7 16
30 25
5 2
14 5 14 8 14
29 26
5 2
5 15 11 16 8
29 26
5 2
17 8 8 11 11
31 24
5 2
15 15 7 5 13
25 30
5 2
12 12 11 5 15
24 31
5 2
7 8 15 11 14
24 31
5 2
9 16 8 17 5
30 25
5 2
18 8 16 8 5
31 24
5 2
11 14 7 12 11
21 34
