11
1036 1064 1104 1097 2486 1044 1088 1064 1024 1112 1060
11
1084 1116 1024 1045 1080 1042 1108 1079 1024 1112 1032
11
1024 1103 1080 1066 1028 1119 1053 1042 1056 1070 1038
11
1112 1049 1054 1046 1040 1072 1099 1074 1034 2648 1027
11
1105 1044 1025 1096 1109 1028 1050 1052 1060 1043 1112
11
1115 1084 1039 1060 1104 2100 1034 1024 1024 1058 1048
11
1042 1081 1084 1066 1094 1108 1052 1089 1094 1054 2652
11
1076 1090 1076 2358 1037 2488 1112 1088 1066 1097 1024
11
1028 1040 1048 1102 1024 1104 1082 1065 1034 1069 1104
11
1049 1100 3052 2298 1024 1044 1052 1030 1084 1084 1084
