100
844 922
476 567
225 250
5 32
342 422
739 753
236 240
486 578
272 292
855 928
507 546
579 668
365 447
703 776
661 685
870 913
949 1000
849 886
76 120
31 56
371 456
477 537
132 170
871 923
679 688
727 825
95 114
117 161
165 209
289 372
627 671
501 518
700 787
766 807
786 832
188 250
848 923
696 717
962 981
526 599
553 575
35 116
139 145
736 809
138 233
672 717
187 206
479 546
331 425
803 804
85 157
575 645
775 853
709 734
6 11
532 574
622 683
250 319
823 828
852 865
236 251
140 221
158 173
819 824
64 143
23 102
916 934
230 285
983 1036
547 639
456 533
840 932
214 252
101 172
83 155
592 602
403 487
6 52
874 963
945 1032
797 884
819 917
135 234
65 72
599 604
571 646
720 787
811 876
722 789
572 594
767 845
189 247
256 310
910 995
352 436
922 1000
721 723
302 309
886 903
401 490

100
425 459
629 646
422 517
981 1068
136 167
206 224
475 532
515 612
705 785
443 451
56 86
454 512
92 164
913 929
225 319
198 212
252 300
360 450
403 467
989 1011
281 330
268 355
23 42
153 158
727 746
990 1008
971 1044
653 666
70 123
43 79
656 659
359 392
776 799
428 491
717 752
651 667
814 824
117 199
371 372
23 35
203 302
263 310
455 474
37 50
807 843
182 278
203 275
589 603
989 991
522 621
102 154
424 451
989 1063
66 84
535 558
454 544
3 55
925 1013
390 476
1 70
127 210
303 333
35 52
607 608
483 521
818 904
812 827
172 227
128 164
986 1026
907 931
950 1003
441 519
200 296
870 920
111 117
150 170
408 501
70 107
702 753
450 498
587 600
17 25
398 476
918 1012
774 792
400 470
886 985
588 600
569 656
905 946
807 865
596 648
521 558
445 531
570 601
146 199
286 309
99 102
247 269

100
342 360
118 136
372 407
47 115
115 179
72 110
253 291
707 746
481 528
689 700
209 247
82 100
660 672
467 527
660 747
271 362
754 799
657 693
97 121
624 630
64 72
468 524
124 200
296 337
726 770
985 1007
696 782
750 752
446 534
169 262
515 524
429 524
569 620
895 921
133 186
682 697
770 827
78 151
941 949
241 339
9 97
272 278
620 630
728 749
257 333
224 277
464 561
553 649
803 883
289 363
722 819
228 326
169 263
477 494
576 618
75 103
684 708
671 735
212 221
805 824
982 1027
721 821
451 454
652 681
72 152
855 947
14 32
607 651
565 606
34 115
117 155
513 568
861 895
558 645
151 188
952 1006
267 334
772 858
708 803
142 185
288 354
633 651
451 541
875 955
558 574
140 188
636 679
369 450
254 292
868 963
567 599
774 870
434 448
280 344
611 643
774 838
731 826
149 239
384 466
191 241

100
580 628
676 707
117 207
171 195
709 767
794 867
803 890
986 1011
98 163
406 479
56 111
781 844
745 800
30 65
149 195
124 130
663 760
82 87
296 395
784 828
372 425
783 878
187 201
10 77
938 1004
101 123
619 647
962 1051
42 84
82 96
530 584
649 662
208 271
821 859
125 167
248 259
450 532
76 112
959 1003
142 202
236 335
806 848
324 391
598 670
399 483
209 287
295 393
383 429
141 155
78 172
236 315
778 821
286 332
936 997
879 942
87 138
639 724
521 582
179 187
305 352
654 702
36 43
124 145
117 178
527 580
900 934
478 568
927 962
522 535
420 520
619 628
653 654
859 907
269 272
409 447
874 940
16 20
747 792
449 505
980 1071
959 980
520 597
681 719
958 1050
165 251
71 79
835 842
359 440
904 915
562 647
684 687
969 1027
526 616
549 646
150 237
580 591
931 1030
497 500
127 203
8 73

100
55 62
458 527
631 632
598 605
454 462
705 791
358 419
968 1030
822 905
139 165
323 409
92 169
237 301
416 441
542 618
317 399
560 578
709 741
95 182
633 672
949 982
794 840
69 98
812 842
842 936
773 866
281 358
404 426
499 502
581 659
640 670
604 655
489 557
671 739
764 848
673 759
429 452
413 483
603 609
392 451
121 194
962 1046
550 585
509 534
711 778
391 453
811 861
693 718
872 913
289 371
852 882
30 125
70 88
704 721
726 744
233 321
562 600
242 295
571 596
343 385
160 207
734 808
201 232
49 116
182 271
458 526
865 912
727 758
809 835
70 85
424 491
274 311
367 377
174 182
537 568
177 251
734 770
756 789
633 692
312 362
883 886
635 655
681 693
356 420
484 574
933 949
128 146
89 91
335 384
110 165
622 711
996 1064
688 718
390 413
146 218
761 789
344 353
299 357
934 955
454 470

100
0 60
973 974
486 569
894 922
98 145
889 985
916 939
888 900
808 905
599 624
766 825
781 880
763 764
187 215
238 263
965 980
558 576
431 513
362 392
315 413
656 660
912 939
490 530
116 126
781 853
365 374
196 259
236 275
102 150
827 903
123 149
472 507
492 545
35 60
67 146
613 694
537 556
66 136
631 637
584 627
55 147
464 478
356 374
324 358
759 777
2 39
100 178
664 726
204 260
72 104
668 737
230 314
405 434
800 843
77 144
69 103
215 285
393 426
382 384
424 442
664 678
289 301
897 923
709 805
924 977
319 381
370 463
710 805
988 1030
49 110
779 807
59 147
675 723
976 1000
394 450
782 849
575 657
519 547
689 787
110 153
22 64
575 646
902 1002
773 819
846 848
542 607
905 914
609 660
684 758
292 366
193 225
591 658
622 654
317 322
870 879
11 68
857 946
969 1045
672 691
778 860

100
140 229
799 889
71 156
488 574
322 324
677 740
793 803
146 202
996 1073
794 890
815 876
37 42
461 525
581 669
304 309
261 287
92 142
827 927
877 963
568 594
734 820
493 561
427 477
920 961
953 958
391 434
812 820
612 708
162 201
50 130
639 668
863 941
295 370
427 450
603 629
432 489
198 214
425 449
544 643
256 303
885 985
267 323
902 993
103 120
120 212
40 58
963 1013
400 415
406 424
654 698
513 551
232 270
292 346
348 443
38 100
675 716
248 337
143 210
339 345
55 123
95 128
241 341
549 562
327 355
680 684
125 171
87 165
65 138
958 1055
996 1074
790 817
336 403
330 396
995 1002
292 293
347 408
679 759
594 676
118 168
509 594
668 764
943 949
486 539
667 682
670 682
57 81
361 363
808 893
483 576
590 622
681 720
572 657
64 147
70 152
837 850
681 780
828 888
5 99
852 909
949 972

100
34 71
548 633
294 341
763 791
963 1002
185 279
875 921
426 465
506 605
194 276
857 894
524 585
374 472
230 274
546 582
160 197
260 270
205 275
580 657
816 859
18 89
595 637
224 316
12 16
93 144
217 307
548 631
821 860
428 475
795 847
609 700
259 268
851 927
323 341
429 490
224 246
569 668
125 208
994 1032
842 844
514 551
713 753
189 285
765 779
405 420
900 904
600 642
311 379
143 158
455 520
264 315
882 884
62 159
638 691
199 231
301 369
55 106
978 1044
580 582
724 769
321 403
304 358
222 250
787 876
840 915
712 716
725 748
95 125
547 625
23 76
305 342
485 500
70 100
637 728
200 221
937 973
24 84
256 302
933 976
104 193
478 553
927 985
900 969
806 836
206 232
888 894
991 1066
825 894
741 751
34 74
747 838
52 119
194 294
795 813
404 469
246 345
657 730
492 539
557 626
600 643

100
217 242
168 236
384 400
394 458
622 689
72 164
132 230
359 458
343 434
450 526
450 477
908 935
577 636
822 905
752 842
237 285
426 525
55 110
598 687
744 759
791 800
912 1003
716 740
551 554
583 604
77 124
713 794
659 684
270 300
53 60
453 538
348 421
211 214
767 811
656 694
226 273
234 285
738 747
73 100
967 995
627 713
251 307
440 507
474 568
600 650
186 208
76 170
205 228
83 154
773 779
870 896
904 970
462 504
292 307
764 788
117 217
713 727
876 934
631 640
970 979
32 118
405 498
21 30
26 107
82 111
108 118
696 771
483 535
123 193
273 373
261 347
849 942
986 1058
577 674
270 288
170 260
860 940
989 1031
905 946
896 971
615 628
58 141
574 661
539 602
160 183
471 559
556 623
724 783
887 916
538 623
253 312
971 1041
213 215
939 998
790 882
778 856
460 557
399 412
160 183
823 864

100
887 916
399 463
554 563
174 230
454 548
198 289
228 312
212 304
284 349
814 906
957 1001
574 646
920 940
4 92
558 649
728 793
911 958
128 135
909 918
270 328
793 797
22 36
292 321
607 620
399 416
431 514
903 941
828 852
667 692
465 550
857 880
285 385
209 255
218 243
191 270
29 82
142 184
265 279
987 1041
505 536
416 489
862 932
802 832
189 192
438 531
397 476
591 593
167 215
587 613
791 842
718 809
34 101
503 526
440 520
74 108
668 760
326 349
506 527
352 451
249 280
335 411
209 216
745 779
222 285
686 713
221 305
260 288
350 392
547 577
83 178
298 364
264 283
184 205
716 810
392 403
239 274
759 817
332 395
288 329
705 710
978 1035
908 956
32 68
376 405
705 725
753 789
81 83
100 113
112 208
171 218
281 329
32 91
246 276
455 528
866 966
208 289
767 795
509 573
234 239
457 486
