20
655 718
162 205
804 887
91 160
942 962
318 377
133 190
293 384
692 725
977 1075
768 817
687 746
592 625
224 279
894 932
655 751
381 384
312 361
914 948
360 405

20
936 965
296 332
503 505
797 864
981 1048
277 347
511 552
330 428
897 905
371 419
909 935
396 476
393 413
242 276
580 650
388 430
202 230
327 417
830 837
96 144

20
943 996
559 648
534 537
618 636
855 932
487 532
534 563
919 973
396 477
799 876
354 361
865 916
853 855
179 220
483 509
45 77
61 108
936 1007
445 471
230 235

20
897 962
61 76
881 953
688 773
574 645
895 927
739 788
462 481
409 455
988 1064
85 131
412 442
381 471
657 693
715 781
294 327
400 439
107 172
85 150
79 146

20
446 495
578 627
800 833
530 609
797 801
418 474
285 297
253 294
431 528
33 73
233 237
921 945
612 659
475 484
843 934
988 1062
709 760
193 246
625 648
407 490

20
122 218
37 46
523 589
768 854
844 936
207 245
750 769
137 195
652 733
380 469
570 621
223 226
466 559
682 754
789 830
876 911
55 74
709 808
494 569
142 147

20
892 975
157 184
739 754
253 322
352 398
870 897
475 554
344 346
462 534
822 824
428 437
937 1031
749 797
362 392
919 958
773 795
790 809
458 465
463 555
957 965

20
881 971
56 61
558 596
360 402
545 636
221 295
935 941
806 812
227 235
829 834
541 624
278 362
859 887
518 528
443 490
225 303
351 390
884 963
74 122
957 1002

20
42 76
88 149
262 270
147 148
386 411
700 765
897 923
954 1011
594 642
345 421
526 593
945 949
977 1076
665 744
303 365
808 893
617 647
693 760
312 332
608 672

20
297 346
705 759
778 862
615 638
364 429
243 320
513 586
990 1056
688 773
543 575
550 577
570 661
112 198
446 514
86 159
750 817
674 706
634 722
1 67
454 545
