60
782 817
736 776
856 909
405 482
302 324
549 626
581 584
819 867
18 107
839 895
989 1003
209 293
52 125
57 104
403 427
388 449
403 411
658 691
784 829
333 385
360 404
116 161
537 546
745 814
82 112
960 1029
28 115
250 303
362 427
49 125
967 1027
220 282
399 431
493 549
273 308
705 735
291 338
199 268
183 218
301 393
924 934
375 475
776 788
418 453
269 293
336 385
505 599
733 777
851 913
666 696
986 1007
647 695
240 281
446 504
415 498
773 861
555 615
452 495
784 836
744 835

60
533 557
896 923
186 195
894 918
230 268
720 803
899 932
792 826
118 146
928 1023
210 265
346 435
676 736
143 234
917 956
462 474
379 431
591 641
793 850
713 790
704 748
785 867
533 570
812 883
229 244
534 607
551 604
12 93
689 691
55 141
654 688
610 622
958 1033
870 963
814 836
860 928
905 925
643 646
487 578
42 77
574 640
40 95
38 77
498 503
153 219
381 453
179 246
661 720
582 597
69 78
353 438
352 373
322 336
967 1062
369 462
860 952
543 632
574 588
512 595
734 766

60
557 601
433 470
60 123
359 409
795 866
644 701
827 919
101 116
442 472
477 559
404 406
376 475
995 1039
384 446
428 440
686 706
315 360
947 987
642 724
416 453
766 861
635 705
659 751
826 845
145 194
549 576
823 864
439 442
711 782
373 459
714 736
59 108
541 600
939 1020
44 129
583 610
358 441
737 792
889 987
449 509
8 45
447 450
938 942
633 707
637 731
495 574
218 295
757 817
43 70
81 118
770 796
45 65
132 151
767 792
566 618
160 219
998 1005
18 71
838 920
813 821

60
180 265
892 968
725 762
723 740
484 554
700 756
797 827
26 36
39 138
357 361
281 348
888 911
84 176
999 1097
457 552
37 127
141 241
525 611
170 264
639 646
296 354
941 1002
180 198
718 792
263 331
795 846
242 326
297 350
856 890
710 807
974 1073
631 695
782 789
473 497
962 1002
383 426
535 616
836 917
55 100
817 836
612 700
257 295
666 744
18 55
836 867
127 210
714 728
660 757
761 856
706 721
892 927
644 668
721 726
1 56
103 133
754 793
127 163
734 808
312 400
725 783

60
8 97
578 610
711 804
924 969
430 492
542 628
992 1091
542 553
999 1015
243 303
547 574
931 953
7 12
875 918
788 844
56 108
514 552
510 601
844 898
727 753
603 664
190 200
142 198
237 292
513 594
651 698
387 438
554 631
844 913
680 716
479 532
388 436
196 245
724 741
73 155
573 615
722 779
442 509
999 1062
320 349
797 844
738 815
8 62
496 568
231 285
269 355
80 95
601 635
285 367
908 913
367 393
541 598
691 723
978 1050
530 532
960 1025
85 133
366 384
264 315
669 767

60
615 677
114 147
63 77
311 397
478 518
870 962
541 573
376 468
572 656
366 388
783 877
222 272
232 263
751 824
630 654
488 560
444 531
574 594
284 334
637 639
398 479
2 23
419 437
326 416
127 219
989 1069
815 907
512 576
863 887
767 793
351 371
803 900
791 887
131 134
304 327
669 678
829 869
584 597
674 736
447 500
43 127
888 911
761 772
902 979
225 264
868 967
453 537
268 274
959 967
615 658
66 135
765 786
483 520
783 875
521 531
691 697
937 1008
455 485
837 871
970 1020

60
262 334
632 717
343 405
740 790
108 137
979 1055
523 607
486 496
305 313
352 409
184 256
817 848
584 631
970 1028
268 311
330 396
78 173
753 844
901 964
347 357
398 472
63 72
705 773
432 474
94 164
931 979
272 330
554 590
224 279
297 300
357 410
31 66
474 479
48 139
856 887
416 502
382 393
522 549
422 471
170 236
115 204
512 559
632 711
134 150
258 309
419 487
952 959
393 414
945 1017
452 521
247 322
317 354
307 327
438 524
98 190
6 71
326 372
974 1013
192 199
757 817

60
12 87
746 775
981 1068
240 289
148 169
791 877
123 156
384 464
350 351
473 490
628 683
514 582
849 923
783 806
192 210
663 711
513 564
964 1004
149 185
364 395
897 922
935 973
146 160
690 712
846 913
412 468
756 824
471 477
500 519
57 90
185 233
291 338
174 190
954 1044
471 501
60 98
242 312
717 817
758 781
811 839
595 607
695 747
306 327
693 718
717 792
501 578
730 735
819 868
645 701
411 425
276 353
362 393
855 881
249 266
175 206
59 144
557 574
809 866
110 118
428 493

60
710 798
475 483
236 293
693 701
197 273
921 1003
203 289
804 901
870 949
67 111
459 464
17 23
853 927
668 730
313 397
963 990
543 627
386 468
654 662
98 159
334 359
954 964
900 995
659 736
353 384
58 68
220 239
935 961
834 926
766 802
907 979
323 418
742 815
604 670
248 274
953 1028
721 726
799 818
631 676
166 204
527 559
232 246
609 645
403 478
708 805
256 310
122 184
268 352
765 778
775 872
826 838
916 987
181 279
168 237
437 509
607 680
81 161
715 784
91 183
678 712

60
452 515
106 171
40 113
526 621
995 1038
740 762
973 1037
145 209
234 236
357 420
901 950
460 554
326 352
220 275
673 691
288 333
897 909
939 995
52 77
865 952
977 1064
155 249
888 972
538 626
97 196
782 860
455 497
478 518
574 604
115 146
443 523
496 504
339 389
965 1057
327 397
253 266
486 535
796 804
547 645
725 764
377 428
978 1075
772 793
381 389
994 1034
119 181
265 306
840 918
235 299
814 891
576 668
929 941
154 171
326 359
471 511
610 676
146 150
602 679
371 455
161 210
