27 -45
38 -34
23 -42
43 -4
28 7
-27 25
37 -46
-29 -48
-29 35
34 41
32 43
6 14
-17 22
-45 19
-5 -11
36 -10
-39 18
-43 39
-49 24
38 -8
11 -37
-26 25
-29 40
46 16
3 25
14 38
-7 21
-9 8
-30 -49
45 35
-46 -1
-12 33
-28 -24
-29 21
-47 45
44 49
5 -5
2 10
-39 -38
-15 -50
-19 -21
-44 -14
30 -30
-47 27
19 -13
-22 15
-44 -16
47 -14
0 32
31 -24
-11 50
-19 -5
3 -13
3 5
40 -19
-44 44
-22 -46
-26 -35
23 14
15 32
13 -33
-26 2
18 3
-50 -31
-8 -6
-46 -11
-15 29
10 -35
-6 45
14 -34
20 24
44 26
44 27
38 28
-2 43
43 22
-1 -26
-9 -28
14 -36
-21 -47
28 0
44 43
21 29
-32 44
-33 -37
-4 -8
-36 38
-24 34
16 0
46 -12
-45 27
-24 48
0 42
23 -22
19 26
27 32
-34 3
22 -17
-39 36
38 -2
11 -17
39 12
8 38
21 -13
4 -9
28 -44
-38 34
36 48
-18 -16
-44 -31
32 32
-31 50
-37 -24
-22 45
22 -33
-46 33
-23 -36
-13 -47
18 45
46 17
-5 -24
26 46
-10 -15
-13 9
15 33
-22 37
18 19
-33 27
-2 25
-2 -20
21 -46
42 33
-37 46
-46 36
15 32
-45 27
-12 15
-10 20
-23 -17
44 -30
-47 -15
-47 44
-11 12
-47 -23
-23 46
-34 24
-18 9
11 23
22 -49
-19 -35
-27 28
21 48
-13 10
37 -27
6 29
3 6
-26 5
22 40
-36 -11
19 19
46 -6
-48 23
-29 0
-28 48
-45 -37
-43 0
38 24
33 22
20 -21
-17 33
-15 -13
-34 -19
-2 -41
-41 20
15 15
-36 16
-17 -24
50 44
-45 -29
50 -38
20 29
-39 39
11 -39
-39 -4
-22 -2
19 -15
-45 4
-11 -41
-23 -24
11 -12
13 30
16 19
-30 -4
-10 22
-17 7
30 1
-32 -48
-26 -49
47 27
20 -41
-42 32
37 23
-12 -42
11 32
-45 -7
-44 -6
-2 -37
-17 12
-14 17
48 -29
-25 33
-33 19
-8 -15
-42 38
-26 -2
-14 42
-29 29
-7 -39
-9 -11
-2 -8
18 -5
11 -6
45 -44
45 -28
10 14
-48 -33
31 -18
27 -34
-30 24
9 25
-28 15
42 -31
40 -17
46 -16
24 -37
0 -4
5 -19
-7 25
-33 -13
-40 -20
-32 18
40 40
15 11
-43 -42
44 25
37 46
-10 -34
-19 28
-46 14
43 26
-7 24
-9 -40
-5 50
-47 28
-38 -48
-49 -40
28 -25
39 -38
31 -38
-48 7
38 31
-15 42
-37 -27
29 -45
-14 -46
17 28
-20 23
-28 31
-23 18
-7 -10
43 14
44 8
-31 24
18 -21
4 -13
-40 48
-43 31
36 -22
-7 8
-23 -24
21 23
20 6
-46 5
-5 4
41 -36
-35 -18
-28 48
-29 -38
24 -29
4 2
2 -45
4 -11
-50 40
-14 0
-21 -32
-23 -49
4 -49
-28 -37
-13 46
-25 -1
1 -1
-21 25
-14 -1
-14 -36
10 37
21 -39
-33 -49
-25 -25
-19 14
3 -47
34 -10
45 -28
18 25
-15 25
-25 6
-23 -38
-22 -18
-38 11
34 -38
-29 -1
-29 -24
41 -29
6 39
-43 46
5 -12
24 33
-42 39
-22 42
-4 19
17 28
-1 -17
-29 -14
-31 21
-29 -17
36 -4
-26 -47
46 24
-48 -16
-15 -33
21 -41
10 -30
18 16
42 -12
27 -15
-35 -30
-4 -1
24 -45
49 -40
-23 17
14 -36
5 27
-24 35
-27 18
19 8
10 41
-50 28
15 -49
-31 -31
-41 10
39 -41
-37 35
32 -4
-29 -31
-8 44
-34 -16
21 -11
23 -50
-27 29
20 -39
35 20
35 -23
0 -41
-4 6
-8 27
11 48
-24 8
-4 49
-35 -46
-16 50
17 12
-10 -45
0 3
-44 0
36 -48
33 -6
-33 38
22 20
45 3
-42 14
46 41
-40 -7
-19 28
20 50
4 32
-22 33
-38 -11
-32 -39
-33 47
-12 33
44 29
22 5
-19 -5
32 29
-33 19
-37 -29
7 -15
-36 -24
-23 46
-37 -31
-41 -28
-38 -30
4 -49
12 -2
32 9
-46 11
-39 -43
37 -42
31 16
9 11
45 -15
44 21
-18 15
25 -16
45 26
10 -24
21 -20
46 -34
20 -7
14 -35
20 36
11 17
-6 47
-47 -5
2 -21
-32 -26
14 50
-37 44
6 -14
41 15
37 -49
42 -40
5 -21
-28 -4
-21 25
3 28
-26 -38
-24 -47
32 -23
-46 22
34 -1
47 49
7 16
-2 42
3 14
34 -20
47 22
41 -19
-43 46
-6 50
-25 -15
3 -48
-17 -44
27 -18
-7 7
18 -6
-3 -34
-33 -41
50 -13
18 4
-13 -35
48 -25
-33 17
34 6
42 -33
-37 -34
-9 17
3 44
50 -25
-12 48
-21 -41
50 11
-43 -47
-47 -31
4 -32
10 3
31 -16
-30 -23
28 -40
8 26
11 -13
-37 48
38 -35
-9 23
46 38
-13 34
22 1
-40 -9
12 -37
-46 -8
29 20
-11 28
-8 22
7 -5
-8 -49
-27 -44
38 -2
-30 43
45 26
17 -10
45 -14
-14 -33
46 -33
35 -1
-29 -37
30 47
-17 -38
-11 34
-12 -40
27 11
12 13
5 -4
-44 -34
-14 34
16 -2
-42 -32
-22 -50
6 5
42 33
-18 9
49 -4
5 5
-13 50
-14 14
-2 -37
-13 47
3 -21
-23 -13
44 -1
-18 -46
14 -48
16 -47
-14 -4
46 -13
-33 39
29 12
-33 -17
27 -30
-34 -21
-47 36
37 -8
28 -4
-11 -3
-1 29
-42 -48
-13 49
13 -19
47 5
37 -19
-14 30
-36 -41
-12 -46
-11 -6
-4 -44
10 1
-25 -28
4 -11
4 16
-47 18
33 35
-1 -9
-33 32
-5 -42
48 -15
-5 40
-40 2
23 37
42 -18
28 -36
-12 -31
-17 -4
30 -28
14 -44
8 -11
10 -10
-4 -36
-5 14
1 -12
-38 24
-48 -43
27 50
8 -5
46 -37
-31 -8
-36 33
-33 27
33 49
-42 12
19 9
21 -34
39 -39
-4 37
49 -26
-33 16
-12 -31
-16 -37
-19 33
-39 -40
5 -28
-36 30
-46 -5
36 -7
-10 2
-20 41
33 -22
-33 5
41 31
-22 -18
48 30
-24 -16
42 48
-32 35
6 6
-48 -26
-14 -17
11 10
15 -10
-42 -32
-17 -17
27 29
25 -28
3 -5
-3 50
-45 -28
-47 -32
-3 -12
-28 -1
20 39
24 24
-2 -17
22 2
-20 0
-38 5
-43 27
31 -47
-45 -15
19 -42
36 26
25 -14
14 37
-5 15
48 8
40 -22
17 -50
47 -32
13 37
14 0
-48 20
-10 27
15 -7
9 9
-42 37
-38 9
6 -28
49 26
48 -24
20 12
21 -2
-44 43
-50 32
44 -45
-42 33
-40 -27
-19 24
13 -46
-32 -18
-38 38
-34 -45
27 -33
-10 39
23 -19
-40 28
27 -14
16 -42
-24 -36
40 36
-28 32
-32 -47
-21 -6
-28 -47
12 -16
-3 -16
28 33
10 -34
29 13
23 -25
12 10
2 13
4 -28
-37 -1
-27 -45
-6 49
13 -17
-3 25
-48 49
44 -47
-11 35
36 -36
2 32
-8 -11
33 -2
37 -47
33 -42
26 -11
32 -35
-7 28
45 -39
-23 32
-21 40
29 42
45 41
-2 -33
1 -4
41 -1
8 -11
0 -47
36 -50
3 -20
41 -21
33 13
-7 -36
-49 45
-46 -30
-2 -37
43 27
-36 18
-33 -33
-49 43
0 45
-29 -9
39 25
46 -12
-6 25
1 -19
9 24
5 8
-10 18
-48 -7
36 34
-5 -16
35 29
40 3
11 7
27 -25
-22 -5
30 10
-33 -46
2 -10
-32 -34
43 -8
-23 20
12 8
-28 -3
13 19
-11 31
32 -47
-1 -23
13 13
-5 40
27 33
4 -35
13 -32
-33 -25
-48 46
-42 -14
27 -40
-5 30
11 48
-24 -44
-50 18
-9 15
-46 -41
-12 41
-17 -13
-16 43
17 50
38 23
26 -42
26 22
-5 -27
-6 -20
47 -46
38 50
16 -49
-46 -22
-1 -9
7 26
41 -18
43 -23
45 -36
-23 29
-22 -2
-20 13
-34 -23
1 -31
37 15
-8 -22
27 -14
-22 20
5 38
-3 -10
-16 5
44 -20
35 -6
48 -45
-10 32
25 4
35 -7
7 21
-11 -14
23 -15
-9 -16
-45 -45
-6 46
20 24
-1 31
-7 -43
-37 10
5 11
10 50
-2 33
-12 21
34 -41
-33 -18
-3 -29
13 42
1 41
36 -12
13 26
29 27
-36 40
33 -3
30 7
17 -20
-29 -50
44 -23
50 -12
10 -24
36 36
15 -12
30 26
15 -15
-30 4
49 20
28 -7
41 -35
45 -7
-13 -21
7 36
1 -15
-30 -2
-42 40
9 -42
-14 11
-33 -46
-24 -14
21 -2
34 -40
-43 47
43 -27
13 -28
49 42
12 -28
12 5
6 43
-23 -13
-22 -4
23 -38
16 -45
-44 -6
16 -39
5 26
7 22
32 14
1 -16
-22 48
-15 9
11 12
-43 19
-12 31
-3 -46
-5 38
40 17
13 -18
14 8
-49 40
-46 -7
-13 -44
-47 -31
-45 15
34 -40
-40 -18
48 28
43 -1
-39 32
16 0
-3 39
-50 -8
-50 -27
-24 16
-30 -2
-11 -10
9 -3
-46 36
-3 -19
41 2
-18 -9
-10 24
34 -20
-48 -17
-26 -23
25 -30
14 -24
37 -9
22 9
-28 -49
35 -18
-30 -17
-39 -11
-25 -38
-7 -19
43 -25
-2 31
-10 -47
-42 29
24 17
1 -45
-49 -39
-4 -6
8 48
38 39
21 -16
21 -48
24 -7
34 40
43 -21
12 35
46 -24
-45 -29
-32 0
-37 -6
-43 -11
7 -34
-2 37
9 34
19 10
48 27
18 -44
-46 29
9 35
-23 3
-19 29
48 -9
-9 35
2 25
-31 10
-22 -18
3 12
9 38
50 -13
-30 1
47 47
-33 -10
-12 30
20 -45
-1 -31
46 47
14 29
17 -28
10 -39
24 47
-38 -35
35 39
43 45
22 40
45 13
-32 32
4 20
-27 -18
5 -4
46 5
-32 -23
-10 4
8 -23
-45 11
29 33
38 -18
-2 -1
11 -35
-49 1
28 7
