-2 16
-9 -2
30 -49
8 -7
14 1
14 40
19 7
46 -5
47 27
-50 -13
-23 43
-42 -44
-8 43
2 19
-27 -38
1 -1
-20 12
-11 -47
-4 27
41 -36
3 -2
-32 18
36 -16
13 27
-5 37
-18 -14
6 27
-17 -37
-40 30
-31 -25
20 -43
37 -12
5 21
-25 14
36 35
24 19
-36 18
49 -4
-2 47
32 -12
16 -20
10 17
-6 2
36 24
7 30
21 25
31 -41
22 18
15 20
20 22
-21 -4
21 -24
47 7
-29 -39
21 -23
39 0
-28 39
39 -24
-20 -41
17 -3
19 13
-24 -41
12 -27
34 -30
1 -42
-3 10
45 -8
-5 -36
-3 -46
31 25
9 4
-16 -33
-37 -36
43 -44
6 -22
32 34
23 -48
-40 -48
45 23
47 14
24 46
35 -41
13 -38
34 -34
5 -6
-22 -21
38 40
-33 18
23 40
17 -47
-39 39
-24 -2
6 -31
-23 29
34 -39
-29 29
30 -5
-18 19
42 42
-11 -13
4 -44
44 44
27 -36
-34 -10
40 -49
17 3
10 17
47 -24
22 17
38 -4
3 17
8 0
-40 -31
-42 6
20 19
28 -42
14 11
46 -10
-32 -2
-18 15
43 21
-26 8
25 -1
-37 43
-33 -46
-49 -3
4 36
-34 -34
50 -20
16 -6
20 33
-22 21
-26 -41
16 40
-8 45
21 42
-31 38
-26 37
21 31
13 47
11 19
49 -45
4 -17
-29 -17
-37 10
-12 -40
-37 -6
-38 43
5 -29
18 19
-40 -27
-2 -7
-20 43
15 -34
-37 -50
46 36
24 8
-10 -13
18 11
-3 34
9 -45
38 -23
42 35
22 6
-29 -11
33 -16
29 -36
-36 -41
38 21
-10 25
-43 -41
-50 33
-45 -44
29 19
-17 -4
39 -10
32 -30
36 -26
4 -48
0 17
42 44
31 -48
19 48
-7 -35
3 43
-14 41
41 -36
-36 4
-14 43
3 43
4 -47
5 -24
48 39
45 -26
39 19
15 -23
38 25
3 -30
2 4
0 22
-29 17
27 -6
-12 21
3 -16
32 37
43 -19
-12 -42
47 -11
-12 27
-34 23
28 -31
32 -41
3 -5
39 -23
10 19
-26 -38
33 27
-18 -10
13 -2
3 7
18 46
-49 -48
8 -13
-33 -22
3 -2
-25 26
-2 25
28 22
-44 -28
35 1
-35 50
-5 46
-27 44
-19 -28
-29 -9
-34 -49
6 -8
-34 21
-28 -21
-49 45
-44 41
-35 -29
-41 -41
-22 43
-32 -29
-42 -10
-3 -17
18 23
28 44
-49 -49
24 -3
31 -5
-38 -28
25 -44
-25 2
37 -13
26 -14
-46 -2
22 34
10 30
-25 -46
16 28
42 -46
23 -23
-35 -24
8 8
-46 -27
24 -16
12 43
38 -16
-26 18
6 -45
36 -4
7 -46
17 -16
-23 -6
25 -12
13 9
32 34
23 9
41 16
-25 32
30 48
-19 -36
45 4
-19 26
35 -23
0 43
-29 21
43 -23
-37 -40
-32 -50
45 -16
-28 44
-21 -48
50 -37
-19 -41
-32 2
24 7
33 -4
28 17
-46 49
-10 -35
-28 37
-47 32
20 9
5 16
-41 25
39 3
6 -26
-13 -30
13 -21
-20 49
-9 -8
-21 -25
-9 -49
-34 6
44 -3
31 -47
-19 -13
20 42
-47 3
45 13
11 -29
-39 -25
34 2
-33 -5
-16 33
-50 12
-29 5
4 47
37 14
6 44
49 -30
-36 45
-16 -18
-37 -24
43 2
-40 -43
26 20
37 -5
44 8
-5 -22
-10 45
18 10
-48 -13
28 -36
-26 50
-4 1
0 40
41 8
21 -48
-20 -7
29 38
-14 -16
-47 -44
14 37
-40 46
-45 43
7 21
18 8
12 -12
12 -23
5 14
19 18
-41 -37
-48 33
32 33
-41 10
18 -41
-29 -7
5 40
28 -43
-24 -30
30 -47
-38 -21
17 -49
-17 5
8 2
-21 19
44 4
19 22
-8 -17
42 -13
14 34
-35 28
-1 32
-45 3
24 28
23 -19
-35 -2
-30 -33
-12 -25
11 -49
-22 -25
-31 -26
46 -30
24 30
-48 -9
25 41
38 17
-6 23
35 -3
35 15
6 -48
11 1
15 -46
9 -43
20 -4
17 29
-23 27
-33 22
-19 -39
50 -29
1 20
29 41
25 -34
46 35
10 -19
34 -23
-16 21
22 34
-50 -24
31 40
40 30
31 19
-50 23
-29 23
21 39
-4 37
-24 -30
-5 26
-21 41
20 38
22 -14
7 -29
35 -26
30 11
-30 -10
46 -18
-26 48
-47 30
-17 -33
-3 45
-21 21
-14 -21
-34 -3
-17 14
8 22
37 14
-37 12
38 -14
-47 6
32 -12
-50 21
33 -26
14 4
17 10
22 25
-29 -2
31 37
-24 -28
12 22
-49 40
-49 32
-45 31
-24 -10
-44 -46
46 13
40 -13
25 -35
22 -3
-9 41
-21 -25
-35 -26
-43 48
8 25
-9 -18
7 41
14 -20
19 37
0 -10
-44 22
-21 31
31 -21
27 27
12 -9
-31 -48
11 6
38 15
-5 17
-47 -21
3 30
-18 -18
-26 -39
42 46
26 50
-22 -20
-4 -13
-21 24
-43 18
-36 -32
22 -49
7 -7
3 38
38 -16
10 -21
13 -35
-14 -37
-50 -35
-48 -29
-30 49
45 36
28 14
43 4
8 28
48 36
28 -2
19 28
-17 -14
-45 31
24 -4
-22 24
6 -13
-1 -29
-22 21
-6 -43
-2 -48
3 -41
7 1
-27 -18
30 -36
-7 -31
30 34
-44 -4
19 -49
23 -1
-6 -30
38 15
22 30
23 34
47 4
-24 49
-10 40
-33 -24
-24 -45
29 9
15 -16
25 38
12 -5
-22 3
-41 20
-30 -50
-20 -17
-15 -47
-3 0
21 -43
-13 42
36 43
-8 16
49 -50
42 -41
5 -37
-26 27
22 -32
-47 -25
34 -24
-40 7
38 27
34 7
31 -26
-20 -50
-6 40
-31 -22
44 42
48 29
8 -38
4 -38
-10 19
29 -44
3 47
-26 -21
23 45
14 28
-19 26
-12 -2
-31 27
-25 -16
-4 -48
8 31
35 -30
-32 -4
-3 12
-5 12
-48 -20
0 -6
-9 -44
-49 -32
-12 -9
10 -22
-19 15
31 -12
-20 -26
2 -30
-50 0
24 -1
8 -23
46 -49
18 -9
44 26
49 -44
-7 5
35 -21
-4 50
12 42
-8 -14
46 -32
-43 30
37 -41
6 12
30 2
-47 34
-50 -36
28 20
-28 -1
2 31
46 15
8 -7
26 -12
-23 -20
28 34
47 2
18 -46
45 -13
-3 -32
42 9
-32 50
10 42
33 -17
-3 4
31 10
32 -4
1 -2
47 32
-31 -30
-14 -38
-36 43
11 44
28 5
-34 -47
42 28
-29 -34
-34 28
37 -12
-21 -36
-10 47
-30 47
12 12
-22 -47
24 18
-34 -4
-49 -47
41 -3
-26 -40
-38 -9
19 -24
-28 5
-32 -42
-8 -26
31 -23
36 23
-46 3
-27 50
10 47
4 -41
31 -5
-10 -32
-45 16
-38 12
50 -42
-19 0
20 -27
5 31
32 -12
26 -37
-9 -5
17 19
-11 42
33 -35
-15 35
-9 -29
-21 24
-12 -40
-2 -45
50 -38
25 -39
-19 27
-50 30
-27 -8
48 33
41 48
-19 37
-15 42
11 23
-26 9
12 -16
-23 43
11 43
20 -33
-2 46
47 -32
-17 18
40 6
-43 41
24 -8
8 2
-48 1
3 19
-22 32
-49 8
9 10
-42 15
39 -47
-23 -21
-23 -20
12 26
23 -18
23 -8
-27 -6
41 -9
4 46
-11 -18
25 13
31 44
29 -49
22 10
4 11
-30 24
31 -45
39 -19
-30 17
-35 -39
34 -28
-8 8
9 0
21 -5
-50 35
8 19
9 11
5 -43
5 -34
-29 9
18 -33
-12 -20
-5 -24
40 21
-8 -1
-39 28
-19 -25
30 36
21 -42
-19 -19
-41 11
-47 -1
-26 17
44 -41
-9 5
-7 49
-35 17
23 -5
-17 21
19 11
-15 -13
-37 31
45 -29
-34 12
43 -46
8 21
22 35
-7 37
-31 -19
37 40
-28 -40
3 35
24 -24
3 0
45 32
36 -4
22 29
-7 -9
-2 28
34 12
-39 46
-25 -19
-39 18
16 28
39 -49
-23 31
27 -28
-6 10
-11 -37
-21 45
5 -4
27 -25
19 -38
13 -2
-1 -23
-35 -10
1 -25
41 -10
12 -35
11 -48
-39 39
36 46
-28 -19
45 -7
-38 -6
25 2
-36 -16
28 -31
-21 43
-10 -22
-6 14
14 -36
9 3
-48 -43
-8 32
-44 12
-19 -35
-19 25
3 -11
-42 -28
-15 -16
-45 -16
22 -40
18 49
47 28
-43 -32
-8 6
-26 42
45 35
34 11
46 28
-33 -24
0 -16
31 -38
6 -36
39 -32
1 -21
-8 -33
-15 46
44 23
-11 8
-49 -26
-5 -23
-5 -21
-50 43
20 38
-25 21
-21 1
49 -39
-10 43
15 -18
32 27
-24 -48
6 -6
48 50
-39 -34
-30 13
-32 1
32 41
13 7
0 41
48 14
-43 -2
44 -4
34 -7
6 -48
-41 28
37 46
-39 -32
-15 -9
-20 21
18 -39
-41 28
45 29
-46 -1
-21 8
19 -34
-2 -39
39 24
8 10
18 15
4 44
27 27
-29 -38
-50 12
46 -19
-46 -46
12 -8
12 -6
29 -36
12 -10
9 -1
-37 -45
2 27
-18 -17
-29 12
-43 40
-43 -42
23 -3
-28 30
43 12
37 -10
1 -42
-7 -35
-20 14
-21 -24
-39 -36
11 -49
-42 44
-28 7
7 35
29 -18
22 7
11 -36
-44 -48
-17 50
-48 18
47 -41
48 -37
-29 -6
-50 26
-23 23
42 -3
44 10
16 -10
-19 -44
-49 40
18 -36
-27 -19
50 21
46 36
-33 -39
21 11
47 50
8 -38
-7 4
32 -42
17 -37
-6 8
49 2
7 -40
29 -31
28 37
-17 -33
10 1
40 -13
9 15
-5 -47
21 -18
-47 -4
-36 -32
7 10
-17 27
34 -33
-49 12
-35 33
35 26
-5 33
-36 10
32 7
-32 41
24 -2
29 -29
-16 6
7 47
30 23
13 -9
-15 -8
23 5
-2 28
-20 37
20 38
-41 39
39 1
-1 33
39 1
44 42
-7 -31
-19 -10
-40 3
3 -5
-4 38
-8 37
1 -31
-41 -9
40 25
-33 -39
-3 -42
