0 14
31 -37
24 -1
-41 25
43 10
34 2
-26 -12
-27 -27
32 -9
-46 -38
-49 -48
44 19
37 -12
31 41
2 -15
37 27
-22 36
-40 -4
50 -23
49 47
-20 -47
-14 -17
38 17
15 -39
-6 -17
9 17
44 46
-22 -50
-43 35
35 -8
50 32
49 -13
-34 17
-17 35
-13 50
32 -34
-7 -49
13 -20
41 -14
42 15
27 -6
25 -30
21 -26
38 44
-36 5
46 -15
-13 1
35 1
7 10
49 -48
-10 30
-6 34
17 -24
16 -37
32 26
-37 33
24 -3
38 -24
-12 -34
27 -26
-8 -11
29 -17
40 0
9 -14
15 33
31 45
21 -20
47 30
32 37
-16 39
30 -37
-38 38
5 -27
-41 29
-2 -17
-12 -3
32 5
-32 -31
-32 22
26 34
34 -21
-33 -30
30 -13
-2 -19
21 10
-47 -9
18 -23
17 -7
-11 31
-16 -32
-40 -29
27 -29
50 -31
-17 -28
-12 10
49 -8
23 -13
-30 27
11 31
46 21
-22 15
0 -38
-2 50
38 -23
-43 -25
-40 35
39 -4
12 -28
1 -23
-26 41
46 -13
29 20
-18 -33
38 7
-37 4
-40 -42
47 21
24 -42
8 11
-1 22
44 -48
-5 -33
-40 31
7 -45
-37 -38
38 11
-47 19
-48 6
25 -27
46 -24
20 5
-35 9
-10 47
44 10
33 -36
36 31
42 -31
8 49
-27 5
-12 2
17 38
50 -48
4 -43
-3 8
-2 -48
16 10
45 -9
47 -23
-18 -13
11 2
5 10
46 0
45 31
24 40
6 16
-50 -1
-48 -38
15 46
-5 -21
37 -47
2 -38
-29 -35
-8 -31
47 -11
-4 -12
5 10
12 -47
19 4
-3 6
-33 -42
50 -8
-12 -6
-36 50
-49 -42
7 -43
-30 -32
-6 -33
0 23
27 37
20 -6
47 -42
21 39
-7 40
38 -8
-39 32
-17 -9
-37 -23
19 25
-22 -22
40 30
43 -49
-37 -42
11 43
-12 37
-27 -26
0 47
-24 -9
27 -14
-19 -29
-4 -22
-50 -26
-17 45
13 8
-10 -31
18 34
45 -43
-32 -46
36 -37
-27 -44
-23 -20
-48 20
-29 -21
28 -31
-11 -16
28 -26
34 -33
18 -20
-25 1
34 -31
-32 1
-14 -14
-38 -47
33 -26
35 -18
-44 -24
16 -47
-45 -23
-45 -24
45 -12
-7 -49
36 34
22 47
-17 24
41 37
-4 14
26 -47
-22 -47
-47 23
-21 22
-21 38
-14 -3
-2 44
5 -43
-15 -25
-32 -5
-46 24
-37 3
-25 -34
-31 35
41 -24
13 12
-37 27
-26 19
1 -50
28 7
21 48
43 -44
-40 6
33 19
-26 -40
-29 19
-4 50
22 33
27 16
33 36
-7 -6
-48 2
26 -38
23 48
23 -40
29 22
18 -20
23 -4
-39 -33
-11 28
-10 -44
50 -21
42 -7
18 7
-38 -15
9 -33
-34 32
18 -47
3 -44
12 -31
3 0
37 30
-45 -26
-37 21
-41 -24
39 18
-50 -3
6 -7
-10 14
-20 27
-2 -39
41 50
44 41
-37 -22
-26 48
0 14
-28 -19
-50 31
24 -50
-39 35
-28 15
-47 37
35 42
-28 -25
-19 10
0 -6
-35 -38
-36 19
38 -24
-48 -23
-24 3
37 0
12 -39
-23 0
5 -42
-21 -33
-6 -35
6 -31
32 0
-41 -1
-21 25
40 11
-3 -38
26 -23
-32 -1
11 9
26 23
6 -49
28 6
0 15
45 -22
29 5
40 -37
-26 -21
-2 -24
-2 4
38 35
26 21
27 -50
32 -42
-41 7
40 2
38 -15
-16 49
-7 16
-33 2
17 28
-40 -5
46 31
-33 5
-21 -31
-47 8
10 -8
-17 20
-39 41
33 -6
12 -39
31 24
-26 38
-18 -8
2 -46
-37 -14
-1 7
-18 -11
-47 43
31 -8
33 39
-17 48
30 12
49 28
-5 20
-47 35
-24 35
14 46
49 -43
-29 -6
31 -38
1 32
-7 19
19 -39
-3 8
35 -13
-23 14
13 -37
50 34
-35 -18
19 32
-48 34
25 33
23 26
16 -27
46 -42
39 -29
-47 43
28 -25
-36 1
-44 22
3 -42
-29 -35
8 9
-29 -5
14 8
39 -18
-9 44
-40 -35
-19 44
-38 49
40 -39
-14 0
-11 -36
20 -25
9 29
-19 -22
-15 29
-5 -48
7 39
26 -24
36 -30
31 41
-22 -15
-8 18
40 43
11 -5
19 36
-31 45
-7 -9
-36 22
2 47
0 36
13 12
11 24
-7 46
-50 -44
17 32
-43 -32
15 -36
-5 -44
-41 18
38 -17
38 -14
-10 46
-42 20
43 -19
23 -49
-27 -17
-4 17
10 -26
-38 1
-26 -19
46 2
-19 26
46 31
1 -13
8 -27
-22 -16
-40 27
44 20
32 45
41 -19
44 -7
28 -50
-9 2
24 -48
-48 -27
30 13
1 16
22 35
40 30
-33 24
15 -15
-10 -6
-46 -14
20 20
-30 -36
-13 13
-19 -21
-5 41
21 -41
-23 2
-9 21
-4 -11
5 -13
-14 -11
48 8
-32 -41
-45 1
25 -1
-29 33
-47 -28
38 -41
-18 46
12 19
-12 13
25 23
43 -12
6 -21
12 21
-19 -35
17 -30
-42 -50
-29 0
36 -12
-9 -15
-50 -22
3 8
14 15
-35 46
40 -7
-16 18
23 -2
2 26
-28 45
-44 -35
-4 -34
20 -22
18 23
-38 43
8 21
7 18
-43 -2
42 -23
34 -8
50 9
29 -5
37 -38
45 -17
-34 19
14 -34
1 -34
-3 43
-21 50
14 38
9 -12
-38 26
-22 -17
-29 49
-24 32
33 -16
0 24
46 -44
26 -27
11 -2
-50 42
-14 2
-8 31
-23 23
44 -38
11 50
13 36
37 -28
43 17
-42 40
50 -11
4 22
18 9
39 -25
32 -38
43 -48
40 -31
-43 -18
-1 47
6 -29
-10 33
10 -27
-28 21
-47 40
-3 -26
-9 -17
8 41
39 -4
7 -18
-7 -19
-44 5
40 -34
-15 27
-29 47
2 15
21 -48
27 -39
-33 -30
-47 9
-46 -11
-46 42
23 -13
-17 -40
44 -1
-43 39
34 33
-16 35
0 9
29 -49
13 -36
-42 -8
36 23
23 -35
50 20
18 -1
-28 14
-7 -1
-43 44
37 -17
-17 42
25 21
-30 -13
-31 8
26 6
-41 31
-24 -31
2 45
-36 -34
38 40
9 -20
-44 -16
-32 11
18 33
-47 49
-5 16
-46 6
-22 31
37 39
-27 29
-37 5
-12 19
-37 14
40 5
-26 -10
32 -26
16 0
-21 -39
24 16
19 -50
-12 -42
48 -20
-34 -15
-39 -8
19 8
-41 -42
-27 12
4 -22
39 -31
-12 38
40 26
50 -31
4 -2
37 -4
-48 -44
30 1
28 24
16 45
3 1
-44 -11
-36 11
-26 -50
-13 -46
-3 29
-47 24
46 22
-4 -25
-47 40
50 -19
-44 29
-27 -9
-47 -9
-45 36
10 -2
-5 -49
47 -42
-40 -20
-11 -49
-47 -35
-49 -50
19 50
8 -37
2 -30
-5 -1
-16 18
18 -33
-13 44
7 -39
10 -28
32 -19
11 48
39 48
28 -37
41 -12
-11 -43
-45 19
1 48
-2 35
34 31
34 -46
2 33
-33 -46
-44 6
24 -21
36 -22
22 36
7 -46
11 -43
49 -37
-26 15
27 -18
-43 42
-7 -1
22 12
-26 -31
28 42
-49 -20
-9 -10
44 -44
-8 44
-34 21
-9 19
-4 22
-25 -30
7 38
30 29
13 43
31 -50
5 -32
7 -25
-40 -7
-47 19
-9 -9
-12 -28
40 47
36 -27
23 23
-33 7
-45 43
43 -23
-28 -18
-13 -4
40 -15
-10 13
36 36
-36 -43
-11 44
-1 14
-43 47
8 -13
14 -41
-50 12
-1 47
-32 -4
11 -39
-36 -35
-8 46
17 9
-23 10
26 -8
-22 -6
-8 39
-39 50
-45 -28
-1 -5
-32 -22
-37 -4
-4 41
-26 -46
1 46
-28 -50
3 28
-2 -21
-22 18
45 -28
-23 -19
8 27
-48 -35
-18 -34
-15 -4
-8 4
21 22
-21 -5
-10 -16
-4 12
31 40
-1 14
19 -48
-17 -3
-37 4
6 -32
3 39
-35 39
-16 -48
-50 -25
-10 -17
27 12
9 -29
31 31
26 -36
-44 -19
-39 23
-29 31
29 -31
17 22
-11 24
-12 -26
18 -10
-19 -24
12 -4
4 -6
31 47
21 21
-27 -37
5 44
-49 -20
-50 47
-27 4
22 34
-38 -30
-24 30
-16 -47
14 -23
-35 -41
-21 -5
4 28
-21 -36
47 3
-12 -34
-27 23
11 -42
-10 -31
8 24
-11 -18
-12 -13
1 -35
11 -20
-9 31
41 18
-14 25
-48 28
-3 -38
23 6
-42 -11
-36 -7
11 35
49 -48
30 -45
30 -15
-3 0
-21 -23
48 -40
20 -43
35 -32
-19 34
12 -25
-27 4
1 14
-46 -9
1 -50
-26 -50
-25 50
42 49
34 2
-40 17
-16 -36
-3 13
-39 -50
23 46
-39 -50
-31 27
7 15
48 -34
5 -22
25 9
-7 29
19 -21
5 -6
23 -46
-32 12
50 19
9 1
-4 33
16 -27
-47 -25
22 6
-11 36
-17 10
24 -48
-43 37
17 8
-14 -26
-5 14
-43 -3
4 -33
36 32
33 16
29 29
19 -4
34 -19
-22 30
32 1
1 -8
6 43
31 -43
-5 -30
-14 -24
48 18
0 -26
47 -40
4 -32
9 8
-19 -14
21 -48
20 27
-18 50
-2 2
8 19
-6 40
-10 18
50 -35
1 -21
4 -47
35 23
31 -42
-19 -5
-13 -47
-29 43
35 -32
33 33
43 24
-20 -22
18 14
-31 16
-37 20
-38 42
-50 34
-10 -17
3 -33
32 -17
45 40
17 -25
-44 4
9 -23
-42 -17
36 15
19 41
-49 -12
36 32
-7 -25
-46 20
-30 28
11 34
23 -31
-7 10
23 -32
30 23
32 -33
-18 23
48 -14
-40 5
-48 -3
-30 -39
39 -22
6 -22
-19 -43
5 -32
-30 -9
-4 19
42 10
-29 -15
43 -40
-6 20
-21 47
-44 -30
20 15
46 13
44 -39
-24 41
-9 -28
42 -1
9 -33
19 -18
12 -31
-14 46
50 8
26 -44
35 28
35 -32
19 20
32 3
28 35
-22 -32
-24 -49
1 -14
50 -48
29 41
-28 -31
48 40
-23 -5
-43 3
-37 35
-49 50
9 21
