12 -8
35 6
-50 -4
-24 -6
-47 -24
39 -48
-49 2
12 40
3 43
-20 29
19 33
-2 -43
6 42
49 -45
44 8
-20 3
-13 41
-29 -44
-7 -16
47 38
36 -22
28 3
-33 4
-27 -9
-24 -42
-30 37
32 -26
-36 40
-1 -43
43 -50
38 33
-25 3
42 -12
40 14
47 -25
-28 20
-20 -40
-21 -34
8 -30
20 -45
-17 -11
-34 -40
-18 24
-30 -31
-37 41
36 -14
-31 -15
-32 -41
-13 -9
-25 -20
0 13
22 -41
22 -22
-5 1
-13 -1
-22 25
-23 -20
3 -5
16 42
15 -27
-45 -46
15 -44
19 -47
-7 -43
-1 10
17 28
17 -14
-24 0
49 10
-46 -3
21 -19
-27 12
-21 -1
-44 5
8 36
-26 49
30 -46
-48 -5
8 50
-3 -16
-15 -11
37 -9
33 -23
-5 45
-28 -33
-33 9
-31 -37
31 -6
-29 -50
-10 31
18 -48
20 2
-17 37
28 -28
-1 45
-7 28
-44 3
-28 -37
-46 -30
-2 33
15 39
-46 32
-29 49
40 -1
33 48
17 11
12 -7
-42 37
-32 1
29 41
36 22
-2 -43
-33 -30
35 17
30 32
-1 -31
-26 -34
-33 6
22 8
-4 -49
14 -45
23 -47
-6 -14
26 -31
-6 -22
27 -48
-34 -16
37 7
-46 -18
6 22
2 -18
36 32
44 -6
16 -10
12 -36
-11 -44
-8 41
-37 0
44 -7
-48 32
30 38
-33 -31
-16 -24
19 -29
-37 -3
-37 0
-28 -18
-11 -26
-32 5
-13 36
-43 -17
21 -36
29 49
-42 23
30 34
-7 42
-22 6
33 22
-25 21
-18 24
20 -17
27 -45
27 5
20 -46
20 4
-22 35
-46 22
23 4
-32 32
27 -39
-8 34
-29 -16
-15 -8
49 42
35 36
7 -26
-46 -10
-18 26
-43 -34
-15 -37
-39 -33
-28 30
43 44
-29 28
5 -42
-34 -27
-25 -25
12 -48
-5 -23
-32 4
-37 5
-30 5
29 7
43 7
26 -2
-23 -35
-31 20
10 35
-6 3
44 -33
28 11
12 -13
15 44
10 37
-36 -42
41 -43
-18 -44
-6 22
30 -37
4 -41
-8 -7
-45 -15
44 41
-20 -44
45 -47
-43 -20
16 21
8 17
-33 -16
-24 -25
-5 -15
-32 14
-3 21
-20 -49
33 -33
24 -4
-9 -35
42 -13
-29 11
-12 43
-13 5
35 19
36 37
43 9
32 4
-26 -7
-15 -41
17 23
48 22
-47 5
43 6
28 26
-18 49
7 -40
0 -50
-21 39
43 -17
14 -40
26 -7
-23 47
10 32
48 -17
-13 2
47 -29
10 -14
21 4
-10 1
-26 -7
24 -26
32 -16
-29 29
13 -14
-40 -50
29 4
-10 19
33 -37
-45 17
-20 36
-10 30
0 1
-34 -3
-30 -21
3 20
-22 31
-15 -38
49 -22
-47 -17
22 -7
-30 -12
-6 46
15 20
40 39
37 18
26 37
30 33
-13 -48
11 -47
20 -48
31 11
31 -20
-15 -31
32 -18
29 47
48 -43
47 14
10 -32
-44 -32
15 50
22 39
-3 -39
-31 -9
-5 33
13 -31
14 22
-14 -40
22 16
1 -25
43 -21
-46 -19
2 -37
-6 24
-5 -31
-13 -9
-17 49
-4 -9
28 37
-41 47
-48 -36
21 50
-1 0
39 -26
20 -19
44 1
-2 2
41 28
11 -15
-33 25
-11 -16
34 24
-4 -50
-28 25
-7 29
-17 -36
33 -48
-27 -26
-4 -9
39 16
50 -25
-49 -7
16 -50
22 1
-32 30
38 -48
39 -47
1 -35
-31 17
13 27
-3 -23
39 16
-36 29
-12 40
-29 -49
45 -45
-18 -49
11 46
1 -48
10 50
-36 -2
18 20
-7 -48
-39 46
-8 45
-38 28
-35 10
38 8
-22 -30
33 10
44 -26
48 20
-40 -11
32 -14
11 -38
-48 6
-49 -8
-3 45
23 -36
29 12
42 45
-17 -39
-21 44
33 0
33 -50
-14 36
-25 -20
-31 15
24 -21
14 41
-8 31
-45 -44
-35 -18
-35 -28
32 -29
17 16
50 -15
48 14
-11 23
12 -12
38 -11
12 47
10 -17
49 8
-22 -7
-16 46
2 -42
38 42
1 -15
46 11
-31 -48
13 -23
12 35
-17 50
-34 -50
49 -24
-42 50
-48 19
24 -10
-36 4
-31 46
-9 9
-26 50
-30 -25
-39 42
27 32
28 -17
-26 29
32 0
31 27
37 12
13 -33
-30 -1
-30 28
-11 -38
47 26
-46 14
6 2
-4 21
-37 -29
21 -48
12 18
28 -21
26 -26
-13 43
-2 45
-1 -5
-8 -29
2 -5
41 41
18 27
-35 -36
34 4
-7 38
-41 -46
21 -21
34 -32
-33 40
17 -43
32 35
-1 41
-31 45
13 -14
44 7
2 -47
32 40
-35 -39
42 -12
47 18
42 47
-14 3
-21 -28
17 41
49 -8
-19 -17
3 2
8 -5
-34 -39
12 -3
-28 26
-27 39
33 -48
38 -10
18 -16
-32 -17
25 -5
43 26
-8 -41
-26 -8
45 33
-35 -33
35 -34
-37 20
45 -35
44 1
-49 47
21 -24
46 21
44 -40
37 2
-2 -5
32 -10
-37 7
50 -47
-46 36
33 -10
32 -7
5 -22
28 -22
50 -24
43 -23
41 -20
8 -19
-44 -40
-33 31
41 -49
-26 -21
31 -25
-5 -33
29 21
-15 -37
0 -39
-37 44
-47 -31
-6 20
-2 -14
23 -9
-35 38
-18 30
-5 -10
41 -39
11 44
32 17
-41 -5
-45 -19
0 -49
-40 15
-7 31
-26 -33
-10 -50
-17 -18
-44 7
15 -14
-22 -25
15 -45
-14 7
48 -44
4 0
-14 39
-33 6
50 19
-16 18
44 13
-27 -5
35 -37
21 -16
1 -6
-4 44
24 -38
-40 -3
28 18
-17 41
-36 -42
-32 -3
38 -13
-3 -17
40 34
10 29
-29 -25
41 -5
-43 -28
-32 45
22 -22
-27 -30
-36 48
25 -18
27 -23
-4 -3
-48 -33
8 5
-21 33
-43 18
12 -34
12 33
35 -9
-38 26
-50 10
-35 -19
-39 -32
-33 40
27 -42
-48 -6
23 -20
21 36
23 -34
35 30
-43 37
-14 -15
13 -35
-5 -39
-50 39
-48 17
48 -25
-45 -46
-40 3
37 -10
-45 -32
-25 -3
-22 -32
30 -31
31 45
37 -1
-11 -29
-16 16
8 14
25 27
22 40
21 7
-42 -10
-37 -20
-46 -32
31 -12
9 34
49 -34
-7 -37
25 14
-9 -37
3 -22
-43 13
36 -46
-46 8
22 -14
-22 15
-32 3
-48 29
6 39
47 43
-36 22
-29 -37
-31 -6
-18 -34
11 11
-45 50
-28 15
1 -47
1 -50
49 -3
34 21
-50 -19
-1 36
18 6
10 -47
26 0
-26 -15
-26 19
39 28
-50 26
21 -29
-30 16
-25 -48
14 48
-29 -30
-25 -27
26 -46
7 -37
-25 28
2 19
-24 -13
30 14
48 39
14 -32
-15 -26
-6 -35
-21 48
24 27
7 27
50 9
9 23
34 35
38 -11
8 -39
-6 -6
41 -30
-49 13
15 50
23 44
-45 -23
-10 -38
6 35
-32 -47
-19 -13
48 -8
0 -16
14 -43
41 -40
-10 47
23 50
47 -42
-11 -47
41 29
-7 -35
29 -1
31 32
-31 -38
-6 2
45 -16
-40 7
21 4
7 -11
34 27
-6 -15
-1 40
8 -44
-25 -1
-16 2
-34 6
-48 -19
-8 -24
-17 40
48 7
43 -13
27 40
-15 -31
-24 28
-28 -1
30 -36
39 -28
42 -33
50 15
-38 19
-29 -17
-18 8
-26 42
1 19
23 3
-11 -21
-44 -25
7 -10
-27 -34
16 -41
-2 25
32 -35
-21 10
-12 -45
8 -27
9 -15
15 29
-2 49
41 -41
19 10
-43 19
50 50
31 -37
-45 45
3 18
-5 19
31 -18
2 7
16 41
16 -39
5 -1
-36 -38
37 -22
-13 -4
18 -3
-8 -46
8 27
-30 -24
28 26
45 29
-48 10
5 0
-45 -8
0 -37
-46 38
47 29
-40 19
24 38
10 20
47 -41
28 -25
35 22
-32 -25
31 -1
21 -23
30 -19
45 -27
26 -47
7 40
31 -23
-15 -14
-44 27
4 32
11 27
-7 50
4 14
-19 40
49 -40
-8 -2
-8 -17
-28 -36
23 -7
-16 14
-5 -45
-20 9
-15 14
16 3
-2 -28
29 18
-39 -8
-22 30
-17 28
-40 30
15 49
-5 -28
-29 42
37 4
-47 -1
-48 21
-48 -11
2 -9
-5 -27
-26 -22
-16 -5
-48 2
-45 -41
19 -44
-40 -20
18 40
-26 45
14 -16
13 -24
28 -43
-50 -25
-24 29
-20 6
-35 -46
41 43
-38 -24
12 -28
35 40
-9 5
-42 4
41 3
-17 -31
-13 -47
-45 -21
-22 48
-44 -15
37 -21
11 7
-32 34
45 -48
-32 18
0 -25
-42 1
35 23
-21 -35
-7 17
-41 -19
-39 26
25 -37
-5 -6
-2 28
41 -43
34 -6
-1 16
-19 -29
20 -38
-38 24
40 -32
2 -7
30 49
-34 38
39 7
-21 1
-47 39
38 -41
-47 -1
-5 -20
-2 40
-2 -30
-3 27
-9 15
-19 -24
-44 -36
-31 -49
-6 -44
10 28
49 -6
-6 7
-27 8
-44 -9
-45 8
4 -31
-17 21
13 -6
16 1
4 15
-38 48
36 38
-18 -9
-18 -47
10 -33
28 -10
41 26
23 31
-26 34
25 -43
1 -27
-30 29
37 -29
-36 18
28 -9
-37 34
-22 -41
-40 -26
42 39
-34 -13
22 19
-11 6
-28 -4
15 30
41 23
12 -13
-22 17
-10 30
14 27
17 -19
-26 29
-14 42
-9 -15
32 7
-8 -4
0 17
26 -24
3 -21
40 -27
19 -27
46 -1
9 -40
12 -49
25 37
-30 31
-28 9
13 -33
-35 -29
-43 17
-9 47
-1 15
-4 -19
25 -39
-28 15
32 29
-8 -21
-29 -20
-12 -4
1 6
-50 -1
10 -1
-44 49
33 -46
-14 -30
2 -41
4 -25
-34 47
-5 37
-5 -12
49 8
26 -13
-39 -18
34 34
31 33
-39 -23
12 48
-44 31
23 44
-23 -8
33 -22
-22 -5
4 -10
6 -9
-39 -36
-1 3
21 34
-43 -10
7 -40
25 -1
-37 -38
4 18
-27 4
-12 -2
26 -27
16 -20
33 -29
-47 -40
22 -27
15 -4
22 12
49 16
-28 -17
-33 13
12 34
