-25 19
41 -19
-44 4
18 -49
43 -14
-47 30
-9 9
-42 23
-24 18
12 -27
18 -30
-23 7
-41 -12
-43 29
7 36
48 14
-41 46
10 3
26 -42
25 -34
42 30
30 47
-48 25
16 5
31 -50
-40 -40
-13 36
22 25
7 -40
-26 5
-30 -13
-35 -2
-12 -11
6 36
-47 -6
-36 -42
-28 3
-6 10
-4 -39
-24 28
45 -32
9 18
-17 -34
-20 3
-46 21
21 14
-47 36
21 -23
-24 22
43 23
48 50
26 -5
-36 -10
40 -29
-21 4
39 49
27 -50
22 33
-33 -17
27 -28
-50 -17
-24 1
25 38
42 -40
23 35
-32 -34
41 50
-38 -48
-16 47
-40 39
-13 -5
22 18
31 -49
-45 -10
-21 -50
25 18
25 -49
45 -21
-37 20
-15 18
28 -29
47 25
-31 20
35 21
42 -22
18 14
35 31
29 -3
10 -21
8 -47
-46 21
-25 -25
-34 -23
-16 -1
-35 -42
-32 25
3 17
-39 20
3 20
31 -47
-13 -6
-18 -21
-18 32
-31 -29
19 30
-43 -42
-48 27
40 -22
-33 16
-24 18
3 34
-30 43
-43 -5
7 38
43 18
-50 17
21 50
43 -46
44 -38
-48 -25
26 -37
7 19
48 6
-34 -32
-10 49
50 -48
38 -29
-22 -47
16 18
-44 -15
-39 49
-4 -40
-13 16
27 41
-11 -33
6 27
44 -33
48 -44
-49 -3
-44 15
26 -8
49 -7
24 3
-26 -9
12 10
29 -15
36 -16
25 -13
-3 50
-11 -5
30 16
-11 27
-34 34
-6 -21
11 23
37 17
48 -21
-9 28
-31 14
-6 6
-45 -30
17 -41
-44 26
25 18
5 -29
-27 -7
-33 -33
-7 1
45 -6
-35 24
2 -3
23 -35
-9 -25
22 9
31 36
15 -17
49 29
-33 6
-27 12
15 26
8 50
-39 -3
-50 23
7 -7
7 -18
7 -30
18 35
39 24
32 -14
-4 -6
-48 43
-28 23
18 11
17 -28
-30 -48
-9 33
-17 31
26 30
-18 17
-46 -5
11 -33
28 11
7 45
35 -1
-9 35
-26 18
42 21
38 19
48 -35
-35 -28
-48 -17
-48 -1
-21 -15
6 -47
-19 -27
2 32
17 33
-45 -17
11 -31
27 38
34 5
-5 10
-36 -49
18 -32
13 -21
47 34
6 5
-5 -9
33 -31
-30 -47
17 27
-5 35
-28 -33
-50 -38
3 -9
-4 -17
8 15
18 -42
-30 8
21 4
-29 37
-5 40
50 -34
50 -5
20 -49
24 -5
-6 -7
29 -32
-5 42
38 -27
-47 -7
-43 -23
24 -15
-12 49
-17 39
-23 43
15 -40
47 25
-41 -49
-45 4
-24 49
-41 15
-18 -47
0 -45
37 -46
4 44
8 48
-13 -8
-20 24
-35 -3
5 -27
23 30
4 -13
-21 -24
18 16
34 0
-4 -33
-8 -50
19 50
38 29
-14 14
-22 -39
29 -19
32 21
49 -50
47 41
-4 21
-20 30
-36 -47
-41 27
-41 0
35 14
31 32
-25 1
47 28
-37 50
-11 22
-6 34
23 -38
-19 -2
10 -8
-19 -25
37 9
-5 33
12 37
2 10
-32 -49
32 -10
1 14
-2 16
13 -41
-9 -32
12 -14
-27 41
-7 -38
-13 25
27 18
7 50
-23 31
-35 33
31 41
12 -2
44 38
2 -9
-6 -40
1 -40
30 -18
-29 -38
-38 -4
0 22
-14 -12
-27 16
5 21
-31 44
-8 -31
36 5
-20 -28
43 13
-38 -35
-45 -8
6 -31
-31 -20
-16 42
-21 -6
-8 14
-30 -20
-46 -8
49 -31
-20 46
13 13
-9 -30
-35 -11
2 -19
-16 20
33 -24
-34 42
-19 -41
-43 -35
-44 4
13 -39
-23 -23
-6 34
6 10
22 -8
40 25
18 43
-38 36
-12 49
-28 -28
-6 12
42 -34
15 -4
-12 -39
-38 50
15 16
-16 16
34 -23
11 -31
-28 18
22 22
46 7
26 17
16 -9
-30 20
-17 23
15 -23
-38 39
-17 8
1 25
20 -9
42 -7
35 -33
11 39
-44 -1
5 11
-33 36
26 23
39 -2
35 -26
9 27
-15 5
-44 -47
8 -8
26 -11
-4 31
32 -5
50 -3
-6 5
-7 -42
-9 46
-31 -3
-18 27
-11 -15
24 0
33 41
28 -12
4 -20
35 -38
41 49
6 -41
49 21
-38 46
20 -10
3 -49
0 2
-33 -23
18 48
-41 15
47 -6
-14 33
-42 -37
-32 21
34 41
-21 22
25 35
44 -34
-33 34
41 -38
26 40
4 20
-20 41
2 -45
29 -27
-27 -22
39 -49
13 39
5 36
43 5
50 19
32 28
11 37
34 35
-46 -23
-24 44
-46 -46
-14 -11
46 10
-17 4
-4 47
-17 -46
42 22
-16 -29
45 11
-20 31
35 -14
43 42
-31 22
-21 -38
-28 23
45 41
1 50
23 -34
42 28
50 8
-18 1
-29 -50
-34 -12
39 -7
27 -42
32 5
-30 -17
-13 -10
44 -17
-40 -46
-19 -48
16 7
-9 -45
-37 50
48 43
14 -17
49 -19
-7 35
26 -48
7 -22
34 -33
-38 27
41 13
-16 49
45 -22
-20 37
31 -15
-38 24
49 33
-20 4
-46 -27
-8 -20
-39 19
-36 21
-45 6
28 45
-36 -21
47 -47
-45 20
37 44
28 -44
18 -37
38 -8
18 -40
7 -28
-22 38
-24 2
-28 -30
-17 16
29 -2
36 -4
-35 34
-41 -36
31 30
50 24
-50 -17
28 5
-31 46
-44 -8
-35 30
-38 13
-38 -20
-31 -26
-28 30
34 -28
36 -12
23 -46
-47 -50
-45 30
39 20
26 -40
14 6
30 -1
18 -35
-12 28
6 -45
-6 20
-15 -7
-21 -29
33 42
-19 23
-6 -8
-41 11
-30 -4
32 23
34 -48
23 -45
16 33
-8 16
49 25
-16 47
37 -25
-41 47
46 46
3 39
12 23
-4 -2
-5 -40
-20 -39
-10 -16
29 27
0 10
-27 -33
-30 -11
45 30
-18 -20
10 24
-49 -12
10 -2
-22 -41
-50 -10
11 16
-50 -20
27 -36
9 -37
-33 -41
-32 -49
21 -21
-3 -42
-19 -9
-8 -38
-28 -48
25 -26
-18 42
-32 21
11 -27
-7 38
7 41
-27 35
-48 8
-50 20
-20 32
7 -10
40 -34
-10 28
-24 -37
31 -15
15 -39
15 -42
27 41
37 27
-21 -2
35 40
-26 -29
27 36
8 4
-49 -5
46 -21
-14 11
-30 -28
2 23
21 30
30 28
-12 -50
38 15
-3 42
35 -32
-18 -41
34 42
-22 -35
-40 -21
7 35
-34 37
-9 -7
-2 27
22 12
-50 -30
28 18
8 -1
-25 31
-35 46
43 -29
32 43
37 -17
24 -38
20 0
13 -32
-9 -23
12 39
-6 21
17 16
4 -26
16 -4
35 17
-48 -2
-4 -30
-20 -46
-8 -23
1 -50
22 11
-38 2
14 -25
50 -42
-25 12
33 -24
9 -11
16 -20
10 39
27 49
1 47
9 11
-18 35
-44 35
-27 -49
-48 -42
46 -19
-1 -20
37 -47
-9 30
-13 32
-1 15
-22 32
45 -19
7 -9
26 -47
41 -32
42 11
34 33
33 -41
29 16
7 48
4 14
-33 11
-5 44
34 50
-46 21
-19 33
-41 -36
43 -5
12 6
-13 9
-30 -40
3 -37
-43 33
9 26
13 12
-16 -50
-39 -47
-4 22
-36 14
-45 -50
-42 -41
49 7
23 -21
-10 -42
-42 38
42 29
-8 8
-25 -10
-19 31
-8 -21
-38 -21
-5 -30
22 -28
29 -38
17 16
20 -24
-17 -39
46 6
-50 -1
-33 23
-44 37
-30 20
-43 44
25 -18
14 -43
4 -6
12 19
-33 -14
29 23
5 33
-34 22
37 31
10 17
-36 23
-4 -45
4 -23
43 -12
37 43
16 48
8 30
29 -37
-23 -31
-47 -19
50 45
-36 1
16 -41
-24 -43
27 33
21 -6
15 40
-13 39
-11 18
-23 -2
6 -43
-32 37
-10 -46
-26 -27
46 46
47 -10
1 11
-44 13
37 15
3 -27
-3 42
-17 -6
20 -31
-11 -13
18 23
30 -30
-47 -1
21 -23
-33 34
-6 25
-34 9
0 30
21 42
40 -44
-3 30
7 -23
24 20
34 -6
-12 -32
46 -22
-25 6
39 29
8 -37
27 15
31 -34
48 -49
-43 11
44 17
6 10
-34 -1
34 13
6 -41
17 33
-28 -45
-32 -13
40 23
6 -31
-29 38
22 -27
20 21
28 -24
-12 39
-22 20
45 -23
6 34
12 29
35 -1
-34 13
30 26
-27 -23
49 -25
-45 -18
39 -39
21 37
13 22
26 -17
-15 28
-32 -43
19 11
-15 -5
17 -17
-12 24
19 -35
-14 38
-4 -31
-12 19
17 46
38 38
5 -49
15 -29
3 -41
26 28
-29 -12
-27 -30
-17 13
-26 48
-14 -36
-31 39
31 -12
-48 -36
-37 37
23 -36
38 4
30 5
-14 36
27 -22
13 37
-39 -46
47 15
10 5
-20 -7
-7 -26
30 -39
-10 26
47 -42
-49 -22
25 -25
-20 10
-32 -50
16 14
-6 13
11 5
20 47
37 44
37 -16
-24 -13
19 -6
-45 9
-29 46
2 31
-31 8
-50 46
13 -16
47 24
-24 -42
8 -29
13 -14
20 47
3 -19
47 45
-48 5
-17 49
21 -36
42 -21
43 -29
-5 -28
-39 22
50 -45
38 4
16 -1
23 -42
-37 21
20 9
29 3
41 14
26 -44
-27 -16
45 -10
-8 -45
32 -17
0 44
45 13
10 1
1 -27
-20 -49
42 9
0 -11
50 35
-32 12
48 20
-39 -40
-26 46
43 -18
-28 24
37 46
-27 -43
41 -6
-33 36
-24 -10
-46 -25
17 -37
-38 33
10 -3
-33 38
-16 -18
25 -13
-27 -32
-37 28
50 31
-45 -12
-18 5
-13 4
-5 48
-38 -47
-5 -25
11 -3
-9 -49
26 -10
-20 -6
23 -34
-16 -16
39 -1
-33 31
-45 -10
-22 -33
5 -31
-10 43
36 -39
-6 26
-35 45
19 39
-2 14
13 -24
38 32
14 -40
38 44
-40 -40
20 39
29 50
-47 -21
-14 -33
-7 17
-7 -11
-42 6
21 22
-48 -23
20 26
35 46
-37 37
41 27
15 35
38 -6
27 31
-21 31
23 5
-19 37
-49 4
-44 29
-8 -10
1 -40
32 19
31 13
