10
i 0
i 1
i 2
i 3
i 4
i 5
i 6
i 7
i 8
i 9
a 9 14 56 3
p 9
s 4 14 49 37
p 4
a 6 13 11 27
p 6
a 4 19 7 55
p 4
a 4 7 50 13
p 4
a 3 16 12 35
p 3
a 6 16 41 54
p 6
a 7 2 45 46
p 7
s 9 12 5 5
p 9
a 5 18 52 19
p 5
a 6 10 35 8
p 6
a 0 1 46 36
p 0
s 7 16 11 28
p 7
a 5 23 40 42
p 5
a 1 10 51 59
p 1
a 1 21 1 27
p 1
s 6 16 32 52
p 6
a 0 4 15 50
p 0
s 4 3 52 50
p 4
a 0 20 17 15
p 0
a 0 11 16 56
p 0
a 6 13 34 0
p 6
a 2 22 32 32
p 2
a 3 19 50 18
p 3
s 7 1 7 30
p 7
a 5 0 35 59
p 5
a 5 11 28 14
p 5
s 0 18 24 19
p 0
a 2 12 56 52
p 2
a 6 14 54 37
p 6
s 9 18 30 47
p 9
s 4 1 45 46
p 4
a 7 6 4 45
p 7
s 2 8 51 1
p 2
s 1 13 32 6
p 1
a 3 7 26 35
p 3
s 1 0 1 57
p 1
s 6 2 59 24
p 6
s 3 6 41 41
p 3
a 4 14 27 48
p 4
a 2 15 58 17
p 2
a 8 1 16 47
p 8
s 8 17 50 13
p 8
a 2 23 36 48
p 2
a 9 15 40 17
p 9
a 4 11 21 15
p 4
a 3 4 23 50
p 3
s 6 22 52 14
p 6
a 4 3 1 6
p 4
a 7 8 42 54
p 7
