6
i 0
i 1
i 2
i 3
i 4
i 5
s 3 12 7 14
p 3
s 5 8 8 8
p 5
a 2 7 12 10
p 2
a 1 0 23 27
p 1
a 4 10 56 32
p 4
a 4 15 56 46
p 4
a 2 11 2 29
p 2
a 3 2 14 52
p 3
a 2 19 49 33
p 2
a 2 21 22 37
p 2
s 2 0 18 30
p 2
a 3 23 37 1
p 3
a 5 16 15 26
p 5
a 4 3 29 8
p 4
s 2 8 19 10
p 2
a 4 0 18 1
p 4
a 0 10 9 25
p 0
s 0 11 22 43
p 0
a 1 19 14 56
p 1
a 2 13 0 16
p 2
a 1 3 54 30
p 1
a 3 4 19 48
p 3
a 0 9 33 27
p 0
a 4 6 21 21
p 4
a 4 23 19 28
p 4
a 0 10 17 33
p 0
a 3 19 31 39
p 3
a 5 5 58 17
p 5
a 1 20 43 5
p 1
a 0 5 38 43
p 0
