7
i 0
i 1
i 2
i 3
i 4
i 5
i 6
s 2 17 27 35
p 2
s 1 14 58 50
p 1
a 1 20 11 52
p 1
s 1 2 32 17
p 1
a 2 8 38 20
p 2
s 3 4 36 35
p 3
s 4 21 58 43
p 4
a 0 10 22 18
p 0
a 0 23 48 43
p 0
a 2 6 6 38
p 2
s 5 15 40 3
p 5
s 5 11 27 43
p 5
a 5 6 49 3
p 5
s 0 7 58 15
p 0
a 3 1 22 20
p 3
a 3 4 20 32
p 3
a 5 4 39 26
p 5
s 5 9 15 7
p 5
s 1 4 42 17
p 1
a 1 20 42 44
p 1
a 3 12 34 48
p 3
a 1 21 3 24
p 1
a 6 5 37 26
p 6
s 6 12 2 21
p 6
a 4 20 48 48
p 4
a 3 2 53 21
p 3
a 0 0 54 56
p 0
a 6 16 48 38
p 6
a 5 17 8 21
p 5
a 5 17 49 54
p 5
a 0 22 52 1
p 0
a 3 21 7 48
p 3
a 3 16 53 7
p 3
s 4 18 44 37
p 4
a 5 5 40 53
p 5
