8
i 0
i 1
i 2
i 3
i 4
i 5
i 6
i 7
a 3 2 42 34
p 3
s 4 9 3 22
p 4
s 6 1 6 43
p 6
a 6 19 39 0
p 6
a 1 1 29 34
p 1
a 3 11 59 45
p 3
a 4 21 37 26
p 4
a 6 9 52 54
p 6
s 4 18 3 59
p 4
a 0 9 23 27
p 0
a 4 4 57 41
p 4
a 2 11 13 42
p 2
a 6 2 53 30
p 6
a 1 5 41 54
p 1
a 6 10 13 26
p 6
a 6 11 7 57
p 6
a 2 6 25 12
p 2
s 6 22 15 34
p 6
a 7 5 26 1
p 7
a 4 19 53 20
p 4
s 7 21 42 3
p 7
s 5 2 8 3
p 5
s 6 14 30 54
p 6
a 0 21 25 26
p 0
s 0 8 5 44
p 0
a 1 23 55 22
p 1
a 2 15 31 15
p 2
a 0 13 9 21
p 0
a 6 7 14 1
p 6
a 7 10 18 41
p 7
a 5 23 47 36
p 5
s 2 18 5 41
p 2
a 3 19 55 32
p 3
s 7 18 31 33
p 7
a 5 5 56 51
p 5
a 7 16 59 52
p 7
a 5 14 36 7
p 5
a 1 9 10 31
p 1
a 0 22 24 32
p 0
a 7 8 40 19
p 7
