9
i 0
i 1
i 2
i 3
i 4
i 5
i 6
i 7
i 8
a 2 14 17 45
p 2
a 1 23 18 29
p 1
a 6 11 10 41
p 6
s 4 3 13 26
p 4
a 3 22 38 57
p 3
s 6 9 53 15
p 6
a 7 1 44 52
p 7
s 3 14 58 8
p 3
a 8 18 29 16
p 8
s 6 18 23 35
p 6
a 0 17 46 14
p 0
a 7 21 11 34
p 7
a 6 13 56 1
p 6
a 2 8 41 35
p 2
a 7 7 16 56
p 7
s 4 4 42 57
p 4
a 6 19 30 46
p 6
a 1 20 42 1
p 1
a 6 4 50 14
p 6
a 3 15 14 18
p 3
a 1 23 4 8
p 1
a 4 4 22 5
p 4
s 3 19 18 57
p 3
a 1 5 20 13
p 1
a 8 18 22 38
p 8
s 1 20 37 2
p 1
a 5 17 29 49
p 5
s 3 8 47 55
p 3
a 6 19 52 6
p 6
a 5 17 6 50
p 5
a 8 22 7 39
p 8
s 4 10 38 25
p 4
a 4 7 21 59
p 4
a 8 4 15 26
p 8
a 4 22 7 20
p 4
a 5 17 17 52
p 5
s 3 17 59 41
p 3
a 5 20 20 16
p 5
a 8 2 21 30
p 8
a 3 11 49 36
p 3
a 6 22 19 14
p 6
s 1 23 47 25
p 1
s 4 23 20 2
p 4
a 2 18 43 9
p 2
s 5 6 8 15
p 5
