3
6
100
2 1 -13832
2 4 12344
2 0 1266
1 3
1 5
1 5
1 1
2 0 10237
2 3 -13480
2 0 6280
2 1 8342
1 2
3 2 -1
2 0 13411
1 5
3 0 6280
3 4 -1
2 1 6113
1 4
2 3 14645
3 1 6113
3 3 -1
1 1
1 3
1 4
2 4 -7059
1 4
3 3 -1
1 1
3 0 6280
3 1 6113
1 2
3 5 -1
2 4 -723
1 0
2 4 -13412
3 1 6113
3 3 -1
2 0 -4351
3 2 -1
2 3 -4219
1 5
1 1
3 5 -1
3 3 -1
3 1 6113
1 5
2 4 -12807
1 3
2 3 -6576
1 1
1 2
1 1
2 5 -11880
3 1 6113
2 1 -8597
2 3 9042
3 2 -1
1 3
2 2 4277
2 1 -4970
2 2 -7965
1 0
3 5 -1
3 2 4277
3 5 -1
2 4 -12010
3 1 6113
2 0 12738
2 3 7503
2 4 -11242
3 0 6280
1 0
3 5 -1
2 1 4204
3 2 4277
3 2 4277
1 5
2 5 -13213
2 0 5214
3 1 4204
1 0
1 0
1 5
3 3 7503
1 3
1 0
3 1 4204
1 1
3 2 4277
3 0 5214
3 4 -1
1 1
1 5
2 1 -4342
1 0
3 5 -1
1 4
3 4 -1
1 1
