10
8 1 2 14 4 13 10 11 6 12 
6
29
59
136
12
31
59
59
6
57
10
125
26
23
77
113
44
84
150
106
30
138
60
27
110
107
82
85
45
137
148
50
15
108
36
79
40
146
137
45
53
147
71
130
71
147
145
114
133
144
121
12
34
30
90
45
136
73
129
30
59
28
132
126
135
69
54
24
64
92
120
18
140
40
50
60
89
44
76
71
89
46
134
122
76
125
16
113
47
46
45
105
125
26
80
109
94
35
34
7
29
3
77
18
43
126
130
131
19
55
103
9
2
86
131
77
60
48
92
8
146
136
14
120
11
94
131
104
30
14
12
58
17
88
76
59
115
107
91
133
11
43
44
64
128
24
141
89
123
134
148
20
119
11
140
129
6
22
134
36
35
145
145
103
135
70
63
99
78
3
134
140
45
27
54
74
102
96
64
74
79
113
94
47
124
135
77
129
6
60
66
92
54
61
97
90
32
9
39
12
64
22
1
10
100
54
136
51
149
49
124
129
12
119
25
37
5
3
67
62
62
35
4
18
95
2
107
28
10
145
39
125
68
40
135
17
145
120
67
46
70
93
24
133
113
101
19
118
5
138
29
67
22
84
84
18
85
40
97
147
87
38
121
56
129
105
125
123
74
41
70
46
35
146
28
50
148
99
17
2
86
97
68
9
31
53
26
115
145
24
13
81
61
134
38
39
140
12
12
64
105
133
11
139
128
38
90
125
136
106
127
123
53
44
131
135
149
58
1
143
82
14
125
142
147
12
83
136
24
146
101
128
128
13
18
106
51
108
132
88
115
108
61
17
54
93
53
52
1
54
44
134
67
70
27
115
81
109
2
6
6
5
133
134
17
53
89
67
62
70
57
26
80
19
95
133
111
147
86
13
50
31
48
18
100
127
34
82
85
36
88
91
40
122
126
108
24
116
77
85
35
133
13
16
1
107
50
13
5
135
78
55
67
125
124
68
101
8
150
88
95
87
80
134
58
55
143
134
20
69
68
106
51
80
122
103
88
73
18
93
110
95
49
26
69
22
94
20
81
145
9
25
81
88
60
40
142
53
23
63
121
143
18
74
124
41
26
62
114
43
4
73
137
52
150
108
125
145
29
56
139
37
80
121
26
140
11
69
42
85
131
64
77
50
137
51
143
13
112
106
107
17
80
146
120
79
103
94
126
33
149
114
121
131
85
146
120
147
64
63
81
96
126
8
145
113
110
137
27
123
144
35
139
125
30
108
54
34
103
81
66
102
44
36
134
30
83
103
26
146
67
107
91
42
16
138
56
27
26
82
149
20
117
39
144
48
48
99
82
150
29
49
3
125
137
136
4
69
88
30
117
56
38
57
98
105
96
55
131
122
137
31
43
5
69
88
104
116
89
35
115
19
136
118
45
122
103
49
40
93
130
6
50
69
115
49
75
112
104
107
135
142
137
79
48
107
69
1
72
7
36
88
77
73
107
122
44
112
72
135
106
103
43
5
73
59
54
147
20
7
103
57
50
89
135
97
45
53
97
18
111
34
7
90
106
114
113
51
127
86
36
82
38
130
86
110
38
41
106
109
99
110
15
148
48
52
94
144
6
41
63
19
74
121
108
82
84
122
132
60
57
17
43
94
48
31
105
85
71
112
44
20
71
110
17
20
11
111
65
17
53
29
87
28
149
44
109
135
15
143
96
123
9
139
118
57
19
72
43
89
85
138
10
57
98
27
76
10
39
42
78
143
70
14
20
68
57
31
52
123
23
148
95
83
38
114
41
56
87
84
46
21
71
56
77
70
134
2
80
74
95
7
66
14
21
85
134
129
115
35
102
39
84
98
122
121
62
12
78
148
147
26
71
68
133
147
137
116
51
66
39
145
125
104
61
145
90
44
123
107
130
126
145
64
126
116
86
89
30
66
86
26
143
58
93
125
55
132
90
7
99
30
1
73
35
61
119
124
6
144
132
136
119
127
101
94
144
36
32
23
3
20
49
145
77
43
119
33
24
110
39
25
41
92
149
75
54
118
101
60
111
134
45
131
110
145
127
6
82
60
28
85
131
128
131
110
21
2
142
96
111
83
22
54
24
21
30
77
40
130
136
52
16
30
32
27
76
60
32
8
120
60
144
2
89
124
111
109
125
103
107
138
35
128
41
58
148
70
36
89
102
22
140
117
103
74
143
29
133
77
88
4
136
81
6
126
106
116
85
133
120
93
120
4
70
62
113
120
33
149
58
134
72
100
2
76
23
47
6
57
123
93
61
10
75
66
135
83
83
121
65
53
115
86
56
35
147
71
56
29
