10
1 12 14 6 4 3 13 10 2 9 
136
132
8
57
82
90
54
95
49
47
149
142
100
114
142
113
23
147
76
56
87
134
38
127
121
5
77
53
43
119
107
28
2
16
137
83
105
40
27
56
138
78
99
140
93
142
4
17
138
79
72
126
115
11
103
137
67
81
40
110
49
48
39
102
63
25
87
70
117
15
27
104
92
125
145
86
116
149
102
5
129
75
130
93
137
82
80
54
12
119
13
112
68
51
116
130
128
52
101
94
66
127
99
60
3
94
47
118
144
51
24
122
27
4
65
14
137
46
67
51
66
131
64
133
83
29
14
60
132
115
3
48
91
102
9
146
45
55
113
90
7
39
61
34
94
27
47
80
124
113
32
39
93
96
73
25
124
87
137
106
51
139
55
43
90
115
38
36
71
53
27
78
143
140
111
86
16
7
15
140
21
99
80
15
44
3
91
17
89
77
24
41
66
78
135
57
42
75
145
113
127
21
40
21
10
52
106
78
58
22
119
130
120
48
144
13
102
84
82
92
63
105
132
30
33
19
86
126
93
132
88
121
3
29
141
64
80
96
141
39
19
11
18
139
59
11
1
10
147
82
102
59
89
135
88
121
3
75
96
147
57
86
117
111
16
107
76
148
104
67
36
123
77
54
13
37
116
65
99
14
49
102
72
137
138
61
107
141
38
104
39
94
91
6
106
9
14
31
6
20
149
41
142
128
146
56
14
112
120
14
125
18
115
99
4
5
61
12
47
98
18
85
93
10
90
48
18
6
131
23
25
129
64
68
106
59
123
22
72
92
87
99
12
104
99
67
108
9
79
4
9
96
88
101
7
80
51
25
85
31
47
109
61
110
78
17
71
50
90
142
43
26
142
106
129
90
23
138
99
3
141
107
150
79
109
6
60
9
30
144
91
77
4
2
88
81
70
8
32
9
52
126
86
43
134
117
133
6
104
133
8
147
141
59
127
99
64
36
108
94
29
48
20
84
101
107
66
20
17
149
80
68
26
16
12
9
34
46
66
137
28
125
133
18
33
11
19
97
46
28
92
126
127
111
59
78
119
26
97
135
24
27
104
102
94
116
12
127
11
78
15
91
104
50
10
39
60
28
135
106
55
128
81
84
140
42
11
108
119
9
145
143
35
150
146
30
115
7
6
28
136
21
118
90
70
127
128
129
57
14
136
13
141
119
96
32
62
8
41
30
17
87
74
103
87
69
133
103
76
138
130
113
60
149
52
129
28
81
10
136
94
47
148
136
15
146
17
76
3
58
106
71
46
29
24
132
150
58
85
127
45
116
89
7
17
141
135
44
123
46
29
119
93
78
104
9
125
23
137
30
132
92
100
27
22
25
61
21
82
145
49
29
12
138
35
28
30
71
123
2
19
1
120
13
131
126
73
7
50
59
36
31
150
38
109
74
114
19
146
98
65
45
126
77
84
62
104
113
34
77
16
104
129
38
116
11
13
91
18
62
149
53
144
149
142
102
124
106
23
119
53
87
65
80
13
148
43
19
110
76
147
28
82
125
65
99
38
77
39
55
40
38
9
33
88
53
36
61
8
110
81
60
47
146
41
111
45
83
31
57
60
27
84
141
54
148
90
143
126
128
47
15
15
107
99
102
61
36
64
68
146
145
29
94
42
69
106
86
53
137
142
113
13
127
103
118
124
42
110
99
72
58
15
86
67
113
90
127
51
55
97
98
101
125
41
142
96
146
130
148
132
23
110
47
150
115
66
123
6
26
124
129
135
138
117
51
3
56
80
105
12
26
52
113
52
92
6
147
139
135
47
121
60
58
69
59
22
36
83
80
61
56
58
98
96
76
148
150
33
77
6
45
4
57
59
56
50
64
104
38
101
52
60
10
110
128
68
33
66
52
14
126
108
124
73
105
49
123
6
82
101
11
126
7
67
34
62
116
149
15
55
99
119
115
108
78
144
77
110
59
129
26
87
138
149
61
144
47
33
149
128
36
61
5
42
29
90
5
144
89
71
48
37
39
64
47
116
58
25
128
116
55
55
52
42
53
113
87
99
47
137
129
134
47
133
77
75
125
81
120
63
2
70
1
92
133
99
110
40
124
139
58
28
43
11
122
95
123
110
95
72
97
73
55
143
108
132
120
82
114
89
144
17
8
46
109
43
145
120
134
118
108
41
47
150
52
70
146
76
30
90
147
126
13
104
20
22
137
139
103
100
78
148
19
137
95
127
81
89
96
65
56
105
105
5
104
58
74
99
134
103
90
32
78
4
135
98
25
23
138
29
25
117
78
43
104
23
71
86
111
