10
11 7 8 2 12 10 14 13 5 15 
134
70
91
13
133
41
90
5
133
8
138
51
118
36
65
95
142
136
76
150
85
67
109
11
111
80
150
58
11
122
102
46
93
95
59
128
37
50
132
19
110
119
69
77
56
35
21
47
21
149
99
7
117
109
18
77
39
69
135
49
92
138
95
35
134
55
12
20
104
143
38
63
13
9
139
69
43
62
17
115
112
17
122
78
126
41
56
14
11
92
114
103
80
58
137
115
112
148
135
118
42
22
30
54
82
71
24
27
132
93
141
93
109
14
72
84
106
127
97
117
69
61
69
50
20
55
14
34
104
148
53
145
72
82
100
3
54
26
81
87
118
72
81
76
137
2
10
93
129
8
59
99
120
29
148
42
135
11
127
88
61
29
134
132
12
135
36
66
10
117
54
127
90
135
105
76
136
114
70
16
23
128
114
45
6
111
138
42
24
114
129
84
142
14
65
3
149
2
120
8
118
24
37
57
60
141
35
45
6
104
61
80
134
76
124
41
37
111
83
112
74
61
45
117
127
109
22
125
12
43
132
130
118
70
88
27
60
24
72
117
128
34
47
111
11
72
53
47
33
135
60
8
98
104
27
74
114
48
48
126
142
81
105
110
53
94
136
112
118
109
131
147
44
27
9
55
98
61
3
32
46
63
92
143
16
118
118
32
67
67
7
110
49
13
69
101
106
107
115
125
117
95
121
63
23
129
117
120
40
21
54
85
135
145
129
53
14
148
84
132
64
90
91
112
102
62
63
109
70
27
84
36
23
54
98
45
85
116
66
124
137
119
110
23
15
140
75
80
137
8
61
102
97
54
63
100
115
27
111
34
105
44
121
127
149
121
21
83
86
139
108
124
107
67
147
24
56
71
5
94
131
118
45
129
21
108
79
37
36
91
122
141
36
92
117
34
62
40
19
50
28
126
75
36
95
71
111
150
44
116
94
24
83
40
2
5
49
132
41
85
72
12
75
9
5
93
43
119
34
113
18
113
88
144
51
84
65
11
84
10
28
79
33
12
118
86
16
17
68
56
101
41
119
77
50
26
71
144
144
7
106
63
119
95
56
71
29
22
134
14
31
11
92
63
23
111
51
90
29
118
48
31
60
16
107
11
93
80
4
86
138
11
50
106
8
8
79
88
29
62
101
60
124
94
24
146
106
126
138
135
145
35
15
55
102
24
65
45
5
121
32
142
33
134
149
40
141
77
29
19
138
31
130
112
26
56
9
132
31
146
18
78
82
32
132
34
107
98
130
13
120
63
4
3
46
3
94
36
131
25
107
21
55
138
132
81
95
42
114
28
90
131
105
21
64
138
106
73
85
137
85
107
50
89
109
95
143
104
33
123
128
41
143
85
28
26
15
123
120
30
52
59
10
6
131
125
143
139
47
129
125
132
85
76
122
95
73
114
101
7
138
130
47
33
64
74
110
130
98
79
9
51
137
70
56
20
45
100
8
91
79
34
124
65
12
95
10
136
110
12
142
150
141
38
84
55
13
43
86
13
122
95
63
10
66
21
29
110
120
88
103
100
24
128
67
35
125
76
20
84
139
11
135
129
100
68
33
14
111
21
26
134
115
141
143
82
63
74
94
84
11
46
34
34
75
100
120
49
77
41
35
65
51
19
95
52
139
30
66
99
50
143
134
66
35
28
147
97
101
90
31
14
37
116
99
112
117
69
62
95
109
148
61
62
17
5
15
57
34
132
57
83
27
40
148
61
67
47
60
70
136
90
83
75
107
31
36
73
1
149
17
12
147
77
125
65
133
139
121
17
23
79
1
49
118
149
109
86
97
18
5
82
9
139
6
115
72
93
37
72
144
105
135
140
83
109
106
66
150
76
82
22
4
82
70
23
132
80
108
130
98
15
62
8
3
119
123
74
114
61
48
107
68
32
148
150
43
103
65
42
80
48
115
135
32
86
7
65
15
16
45
14
30
8
22
33
28
46
106
141
106
3
149
23
87
146
75
129
150
139
72
79
89
36
63
22
121
121
138
37
137
32
51
16
91
124
48
119
19
56
11
124
110
10
49
46
57
123
76
57
13
147
37
3
84
100
24
106
122
64
143
108
95
95
124
88
68
73
108
86
30
118
111
140
29
61
87
86
33
13
44
98
61
132
100
145
133
26
100
105
89
144
62
85
140
87
22
57
10
129
44
39
149
57
80
27
117
17
14
52
81
109
149
141
91
150
37
73
77
137
79
67
32
141
2
22
77
75
130
138
106
24
79
104
132
60
32
98
128
98
51
58
56
101
49
48
3
85
23
79
