15
8 10 14 13 9 7 4 1 2 12 3 11 6 5 15 
54
31
123
120
96
108
110
60
11
40
33
85
42
106
7
134
5
77
64
7
74
92
68
49
47
123
20
138
99
117
99
55
147
71
24
145
28
36
106
91
127
139
25
18
94
83
53
150
61
18
6
134
11
126
84
110
98
103
97
46
122
97
100
118
70
26
14
149
113
22
89
89
10
15
8
5
97
112
4
8
129
61
43
42
36
127
1
133
131
149
81
102
95
82
122
66
9
37
65
121
58
3
111
67
18
20
71
114
131
126
23
12
37
66
53
124
42
53
9
74
103
141
26
99
72
49
15
133
85
79
5
45
81
116
111
150
135
84
16
18
111
38
29
49
103
133
23
46
87
83
120
39
73
47
137
144
147
1
126
133
131
131
27
114
148
40
113
34
25
128
51
135
68
131
34
72
113
108
118
49
40
139
139
112
87
28
7
83
28
35
65
61
67
144
24
64
33
136
97
57
16
50
93
135
82
28
56
97
135
23
47
76
63
36
89
149
63
148
133
142
32
100
52
98
93
127
63
27
113
9
135
30
110
77
14
42
7
69
40
43
144
86
119
56
121
109
107
85
106
89
129
39
38
82
136
32
59
48
58
21
109
42
102
120
21
17
11
27
85
102
69
130
38
89
36
60
48
142
145
3
132
25
42
20
106
79
51
14
29
11
86
137
52
37
106
72
53
19
150
40
120
69
19
7
7
106
119
54
97
113
109
79
137
52
150
92
32
102
8
60
112
93
46
66
130
54
39
84
72
39
123
41
107
142
100
113
97
68
69
96
82
27
76
120
130
127
113
11
78
120
71
92
63
116
7
94
71
45
27
142
83
52
85
91
43
86
54
41
55
122
38
136
50
113
7
81
141
119
91
69
141
11
62
105
29
68
48
99
14
126
143
149
27
129
89
121
64
44
64
118
67
101
5
116
116
11
46
106
31
39
76
73
101
137
27
31
106
126
32
22
102
24
20
30
2
10
53
117
54
116
84
120
66
140
138
83
52
85
39
82
123
16
57
74
55
83
6
10
59
37
83
62
60
102
143
113
112
45
79
67
10
64
36
128
53
23
60
104
108
150
88
132
68
144
107
122
128
113
33
88
149
116
149
111
67
44
125
80
88
54
146
98
19
84
127
124
8
88
77
17
88
66
149
57
111
105
28
89
67
60
26
118
25
77
78
144
120
52
73
57
7
121
56
78
106
32
51
113
120
29
130
109
147
128
15
107
134
42
45
103
3
71
70
28
147
147
73
18
100
47
74
9
17
32
138
24
63
38
137
84
118
116
42
114
145
108
71
128
51
115
80
54
87
149
133
135
47
55
2
49
3
128
109
20
9
96
43
71
35
81
57
2
46
150
116
92
108
88
70
60
52
51
113
41
102
147
25
50
103
79
98
106
56
108
27
64
53
121
36
87
104
92
141
149
92
106
143
101
43
62
10
146
14
25
88
115
73
113
15
78
41
14
33
148
122
111
61
24
133
148
13
86
142
3
137
135
10
129
85
104
92
146
99
105
20
37
122
145
51
38
72
143
51
6
140
74
116
102
150
150
99
12
86
90
66
124
74
75
102
60
80
43
56
28
49
127
116
72
121
68
109
42
60
10
47
101
135
64
52
134
64
53
145
51
44
112
24
20
36
125
131
115
69
36
45
19
65
62
91
35
32
101
129
143
12
25
94
147
141
47
130
106
1
125
6
97
86
29
116
24
55
96
40
25
34
136
95
98
100
35
34
131
136
12
123
147
89
118
45
79
67
25
86
67
51
91
65
136
21
30
61
127
28
3
1
113
138
95
112
87
32
145
119
69
59
92
117
147
111
12
127
27
36
62
146
86
54
60
123
74
142
86
102
71
88
102
85
127
98
46
116
31
92
84
1
52
77
118
100
90
31
76
18
118
39
65
53
144
27
77
67
70
64
18
140
53
21
126
30
21
73
47
51
66
32
52
118
109
71
67
100
101
45
117
120
135
32
74
129
58
150
97
127
116
17
18
18
37
45
99
109
117
145
62
32
27
15
51
37
85
20
136
87
64
4
56
48
35
129
26
144
30
123
120
47
139
39
65
77
83
13
36
49
60
97
133
138
13
85
76
97
104
61
85
17
116
42
117
1
72
44
46
101
68
16
148
56
106
114
35
39
28
122
139
87
120
23
126
132
108
51
130
113
13
64
130
129
105
148
31
26
41
76
28
109
143
77
66
99
40
100
39
68
123
79
56
92
102
32
73
111
134
52
73
147
17
104
125
121
101
57
48
44
132
128
2
27
54
119
27
