99 99
247 80 322 77 164 202 47 42 383 170 115 313 146 178 260 412 249 237 363 291 262 93 342 193 447 53 448 360 489 55 121 378 454 256 321 229 489 347 176 203 2 358 53 487 29 90 262 236 49 9 348 244 251 156 463 93 188 235 78 148 382 53 341 215 46 299 460 293 132 69 37 44 215 167 210 253 67 135 407 266 273 444 393 280 56 223 426 277 50 457 56 495 204 350 287 304 92 410 378
3 17 116 20 127 472 248 165 350 440 54 458 88 39 165 497 177 488 44 24 11 76 207 415 57 307 224 191 355 144 266 124 292 276 270 281 328 463 358 442 315 399 133 377 310 134 415 127 33 262 500 166 75 11 354 112 88 465 343 298 205 302 78 174 338 6 295 374 196 440 497 348 39 114 141 414 143 267 80 481 49 124 14 436 161 222 69 404 488 230 61 183 106 132 405 220 63 405 133
21 410 26 118 391 1 189 41 435 463 432 304 152 379 354 401 187 435 47 134 219 422 184 473 283 354 84 199 477 433 466 172 220 405 279 335 268 234 161 299 383 146 122 477 9 30 385 451 393 81 18 297 7 302 259 113 126 124 355 285 54 141 44 500 74 345 182 421 47 493 109 171 187 492 354 154 478 342 155 384 353 272 380 332 389 267 148 21 290 187 221 208 330 414 98 279 420 287 111
318 446 41 325 294 488 430 326 356 26 171 395 471 200 385 97 154 266 455 439 101 346 27 448 304 369 160 51 299 483 20 275 373 466 98 453 419 152 203 428 247 417 485 197 361 167 94 409 257 239 286 186 447 316 109 429 108 258 87 336 453 56 320 66 404 74 374 405 379 222 211 278 24 329 274 88 184 476 295 442 5 172 425 353 333 299 187 30 175 333 252 136 450 214 411 148 136 383 156
148 32 315 194 27 451 276 301 66 175 27 463 78 385 7 156 460 202 108 36 194 269 404 284 201 435 249 454 454 460 271 133 294 92 55 32 100 371 14 196 153 390 62 87 50 119 211 327 345 82 332 384 154 115 493 200 152 47 184 179 28 330 423 271 128 444 165 371 166 208 233 229 431 123 425 262 424 332 465 322 206 339 466 446 251 171 409 107 237 464 414 269 490 419 41 339 231 341 32
148 322 463 311 390 477 41 116 44 283 92 391 323 210 173 56 224 371 391 273 471 492 137 58 338 79 118 103 308 233 497 251 446 53 256 14 469 296 497 122 340 110 362 354 17 159 103 97 181 240 258 212 107 80 131 470 426 208 209 55 140 225 462 157 446 258 249 435 70 298 354 87 427 82 281 355 247 121 276 206 343 111 84 123 273 34 40 138 482 389 149 56 94 477 205 370 335 395 162
492 200 58 291 167 470 208 15 187 367 260 260 44 113 331 316 454 357 67 247 140 258 461 284 382 487 38 384 167 306 405 450 42 191 340 421 251 192 28 359 272 285 352 142 46 218 224 238 195 429 150 149 147 4 340 315 356 453 384 210 41 112 423 263 387 418 394 27 113 374 224 371 476 106 75 91 74 15 264 246 432 468 1 500 277 141 139 473 458 252 371 111 322 381 483 184 104 431 452
64 27 309 70 205 28 79 145 114 473 116 22 273 454 452 255 295 328 13 386 193 207 174 427 420 5 313 187 224 469 230 435 468 209 13 453 79 466 131 22 76 322 199 218 297 11 285 165 481 281 238 215 7 250 474 62 255 3 81 473 179 65 194 316 360 121 89 340 130 404 238 350 125 132 398 10 322 94 11 316 145 84 118 316 308 149 242 462 236 51 456 498 139 301 227 358 110 436 292
464 286 230 190 181 447 280 156 21 129 443 163 294 45 161 51 45 205 156 453 284 322 248 345 267 115 6 24 131 482 428 115 260 366 163 372 338 139 389 113 32 439 24 118 458 58 237 178 104 24 68 12 372 171 117 89 465 259 268 100 276 457 348 106 136 335 416 143 379 281 199 118 269 225 175 479 267 236 240 61 339 420 36 466 453 451 81 155 74 471 20 193 285 387 413 254 288 160 472
414 205 473 479 323 318 40 304 305 168 440 213 240 404 253 398 275 408 248 206 496 264 60 206 149 131 311 167 195 292 436 436 480 239 103 133 149 418 393 356 475 474 42 288 363 466 337 137 348 177 39 459 270 386 436 333 328 31 420 457 304 301 346 34 372 361 392 86 71 72 302 56 256 342 463 477 136 436 306 144 481 364 166 192 476 45 321 77 90 156 2 59 44 338 321 242 201 383 235
265 466 168 464 92 158 299 51 62 383 186 26 464 460 487 398 211 204 153 206 52 92 125 307 415 430 135 220 70 327 471 357 9 28 340 204 241 227 163 180 446 395 310 212 411 397 413 144 454 396 336 105 92 183 285 69 321 412 70 383 440 1 51 338 392 57 266 61 351 336 318 361 119 95 225 376 496 266 176 285 252 204 423 489 22 153 9 138 442 160 205 406 231 225 53 431 455 57 433
454 162 185 158 397 498 249 214 177 242 474 85 314 87 192 34 375 438 231 139 128 297 313 254 187 426 488 304 267 330 74 438 198 495 375 119 366 53 193 390 304 238 196 13 465 41 126 62 328 2 190 55 121 417 52 287 230 325 92 293 437 157 211 270 131 213 274 467 278 114 76 404 379 370 136 458 132 207 273 357 166 169 227 141 204 338 475 367 140 28 358 472 142 323 438 174 413 21 240
406 243 356 2 324 244 210 215 227 389 122 339 243 85 125 192 408 155 494 495 469 420 288 444 450 38 140 147 225 248 157 187 421 433 222 59 475 165 20 297 232 19 285 445 300 314 276 120 165 295 124 257 25 77 413 131 229 499 62 227 46 447 460 143 209 203 438 478 403 490 282 461 369 361 448 470 228 25 131 193 290 376 12 176 344 433 305 432 246 421 143 349 99 343 447 168 213 308 265
361 102 383 250 356 135 341 157 245 229 143 238 372 359 67 438 416 105 437 228 356 224 420 79 166 131 409 332 444 67 42 62 12 185 217 188 4 259 454 348 82 325 387 34 369 63 292 491 117 434 84 207 184 173 228 146 246 297 434 78 151 417 79 9 296 411 55 327 193 435 166 269 197 308 99 17 230 221 21 476 69 263 388 359 392 25 352 234 333 20 401 240 477 434 352 477 265 210 18
439 313 277 110 50 122 491 115 107 87 127 79 126 434 396 90 135 97 161 413 175 264 26 327 325 433 40 354 413 127 344 208 164 43 231 75 257 208 153 137 495 213 187 153 16 475 134 444 90 88 362 103 49 206 166 262 417 183 381 429 180 435 499 398 308 95 333 498 332 160 151 114 347 192 435 209 4 423 316 61 348 26 149 250 395 170 186 489 349 448 128 109 406 72 490 155 499 213 231
122 259 434 305 114 195 85 369 214 405 360 201 398 5 23 300 475 228 213 160 273 362 189 303 499 26 247 131 23 352 10 125 155 173 444 262 98 476 312 361 333 239 458 478 329 278 387 307 83 228 282 356 191 471 264 248 212 103 194 458 201 323 260 486 185 148 112 426 395 131 189 64 317 303 27 159 128 171 245 415 323 496 21 379 321 22 362 174 88 420 235 190 133 393 25 12 100 304 135
100 51 472 163 391 370 327 472 426 198 82 385 500 149 98 64 72 425 357 278 247 245 118 208 491 231 270 64 477 416 84 384 114 71 482 321 212 176 245 125 71 198 96 132 16 95 454 172 379 488 404 465 105 383 471 128 21 85 7 5 275 482 245 262 489 36 353 88 414 66 387 374 449 244 322 447 229 73 177 87 259 126 79 111 183 350 407 136 370 58 82 195 269 360 20 251 8 7 125
197 475 132 244 374 325 248 194 45 487 74 393 313 193 337 384 217 58 318 262 239 12 303 369 119 167 337 165 244 149 156 342 398 228 247 258 448 486 417 47 198 126 380 146 494 349 486 260 5 180 288 99 359 133 500 393 242 233 173 134 452 104 78 466 423 259 72 285 342 222 17 385 416 275 192 395 426 6 306 60 335 312 358 111 104 213 284 500 293 139 474 77 4 221 234 253 351 137 22
429 163 306 59 145 278 435 113 350 206 104 202 317 419 497 240 117 153 362 63 321 464 235 313 60 381 171 123 404 255 211 8 154 199 411 137 439 20 401 58 276 256 285 33 240 11 134 354 26 452 133 281 353 379 169 57 51 257 179 285 416 220 136 404 411 208 297 81 51 79 110 10 499 95 130 171 469 278 152 357 373 368 487 383 18 399 288 491 495 303 21 7 139 106 431 283 320 251 430
200 200 109 96 450 89 210 401 78 296 229 88 132 287 110 238 208 7 193 126 79 75 499 471 485 473 34 387 480 92 132 224 184 397 277 246 158 328 426 427 478 199 284 109 19 451 287 490 418 6 178 189 243 381 485 416 241 166 261 104 146 192 278 295 325 351 73 286 279 269 453 180 50 379 418 480 471 58 467 46 379 216 450 198 153 267 225 47 458 127 353 38 65 83 304 486 281 259 500
264 116 404 399 373 294 382 203 174 273 141 316 304 281 295 463 209 85 450 205 66 435 381 124 486 189 95 110 419 12 479 323 332 155 96 182 356 41 447 295 218 446 79 427 429 131 104 26 394 152 391 101 68 325 345 155 209 308 311 151 65 59 93 300 475 499 117 3 134 305 320 444 113 256 389 56 304 435 307 185 181 326 366 154 203 14 346 339 471 460 23 233 183 279 153 424 408 452 413
216 290 211 75 18 325 398 309 397 355 327 248 430 297 83 103 437 490 22 45 383 58 5 151 435 143 140 456 173 439 369 279 63 210 402 356 362 158 438 284 337 37 132 67 348 380 172 391 110 156 361 97 474 289 141 65 73 245 292 195 143 134 281 267 169 366 63 306 459 62 121 227 166 181 19 309 401 192 220 85 471 334 465 247 477 250 273 144 160 286 449 439 442 281 267 428 234 104 47
107 170 3 71 476 28 364 349 443 303 325 99 398 178 37 144 111 228 454 472 299 236 81 37 355 391 243 78 117 194 441 408 262 272 164 201 393 72 474 270 303 464 377 368 428 194 417 425 299 244 184 418 82 239 334 155 401 126 282 481 239 299 24 232 398 39 330 206 271 60 435 372 451 432 410 342 176 46 69 131 127 224 156 129 292 80 211 290 435 179 170 490 494 469 260 233 36 497 379
18 311 154 355 495 111 331 36 167 253 308 346 211 54 167 468 121 154 287 27 422 239 129 209 52 292 153 201 56 195 251 433 189 332 154 128 464 194 207 354 198 418 363 250 113 353 348 181 299 348 186 390 467 91 215 83 10 338 172 245 130 396 355 235 346 85 155 433 171 119 117 498 68 30 314 460 150 6 317 230 350 60 466 271 459 115 225 493 142 116 79 37 161 401 252 61 279 61 42
324 430 404 459 346 1 476 249 8 94 251 335 370 79 462 303 488 379 41 112 209 126 323 93 241 380 98 400 329 19 344 232 287 368 44 428 451 495 369 493 435 303 493 463 176 310 483 147 129 225 153 145 173 188 62 274 173 132 321 42 247 409 490 80 231 66 171 491 439 330 294 332 126 115 424 231 135 155 492 234 80 180 236 417 305 489 401 323 270 144 96 380 334 481 59 103 326 340 135
223 446 134 210 288 271 360 398 259 479 231 72 41 166 277 143 303 492 264 305 340 471 59 38 107 161 318 267 148 426 285 349 103 399 19 439 15 136 436 194 463 17 283 280 178 190 472 289 443 60 282 33 251 54 492 395 451 383 185 301 275 64 438 70 201 469 439 408 344 484 128 47 212 364 232 187 478 385 355 94 228 21 186 252 217 170 457 86 430 64 366 252 423 185 342 199 101 238 382
32 106 391 91 283 94 175 486 316 64 63 204 357 168 11 199 132 160 150 499 448 375 297 403 182 369 306 292 54 73 498 136 255 312 470 180 432 325 373 422 447 200 480 252 55 456 303 276 123 150 24 310 463 340 448 10 162 415 1 215 33 367 359 392 487 122 457 432 101 366 478 96 187 447 314 337 355 312 80 267 281 339 359 363 336 240 330 38 250 232 319 184 140 183 474 407 289 3 128
346 255 389 474 278 404 132 108 470 111 67 432 351 308 444 332 302 77 449 310 167 430 401 53 134 336 155 59 228 461 481 360 229 51 409 301 117 299 470 86 366 274 142 59 431 75 421 447 29 207 236 376 353 409 325 45 323 480 377 353 419 457 274 130 427 318 8 72 171 46 157 287 352 227 61 343 21 365 356 166 389 65 123 322 172 127 55 445 3 299 369 259 427 139 390 214 125 462 329
459 414 135 220 449 336 277 331 24 87 305 452 270 304 59 28 325 310 205 8 76 493 112 258 51 244 184 148 155 140 226 73 171 313 266 60 182 267 472 77 278 110 434 496 240 446 250 496 319 10 490 36 269 281 277 376 102 133 226 485 333 397 128 122 130 299 133 18 211 338 488 59 75 374 164 494 74 184 227 108 255 343 430 71 94 176 245 471 449 212 152 23 384 328 249 483 460 53 303
320 416 338 486 31 176 340 469 3 435 327 383 108 171 247 414 459 185 346 302 277 46 55 454 339 464 12 174 231 79 417 155 254 202 103 158 170 444 247 308 288 253 115 44 375 429 487 193 307 173 147 305 309 180 429 189 66 350 467 228 78 343 19 234 140 350 97 154 229 416 188 281 241 332 101 83 345 129 418 413 354 21 272 119 181 145 14 74 475 409 227 198 384 402 136 320 207 222 319
200 492 58 55 285 220 143 305 29 152 217 106 76 133 359 339 258 468 409 1 112 38 331 410 441 161 6 106 173 327 372 228 275 63 326 200 336 165 255 243 353 118 374 224 97 164 204 484 14 416 492 59 279 272 19 150 93 255 53 156 174 123 182 104 206 377 95 443 458 364 207 69 446 143 90 10 27 450 115 26 451 350 282 362 386 107 216 145 164 366 116 435 323 420 464 73 385 97 344
442 19 269 1 480 79 67 441 92 198 349 347 111 359 75 397 299 30 275 267 352 424 486 443 54 89 115 154 233 333 271 123 335 190 166 182 75 214 435 40 309 451 357 423 465 83 62 159 446 215 307 225 457 7 374 479 192 295 201 74 335 30 128 240 393 67 228 465 447 46 273 258 480 300 129 255 80 358 336 469 230 64 464 199 475 66 339 219 408 253 397 191 112 391 468 73 494 475 472
45 149 456 158 319 287 44 443 68 291 270 238 9 282 349 475 123 139 290 412 225 255 291 467 356 326 175 449 266 405 488 9 388 392 258 258 270 232 237 473 371 449 462 30 247 355 463 333 2 187 226 103 285 327 183 43 64 150 308 400 138 389 138 81 168 292 402 265 235 442 88 479 182 91 410 423 101 479 474 327 215 213 310 22 354 286 39 247 147 106 353 351 131 201 216 145 138 207 240
257 240 4 237 186 237 320 93 236 306 464 70 129 308 470 315 438 335 453 352 59 284 276 496 78 213 369 268 494 481 123 477 341 31 197 255 411 343 484 437 402 79 268 278 369 328 93 142 30 365 36 294 333 221 463 354 454 220 332 90 22 473 289 449 91 53 275 200 469 388 165 96 115 216 201 455 254 446 36 106 195 92 276 453 220 300 29 50 338 492 393 236 364 321 433 285 476 332 196
267 498 93 381 239 468 33 452 194 386 139 331 494 478 255 182 383 271 188 310 342 78 181 267 146 473 194 63 410 471 417 270 476 495 210 200 84 397 485 460 392 100 2 308 301 36 329 363 127 25 287 158 101 104 221 159 482 433 363 79 472 434 70 139 169 353 34 46 7 149 45 462 265 485 295 9 303 63 404 12 175 427 36 53 81 306 44 350 68 422 99 178 223 277 315 166 91 206 54
242 37 103 125 164 333 104 381 404 44 380 6 354 202 436 60 398 339 313 348 497 497 17 17 56 244 207 317 43 422 334 102 228 409 269 186 326 54 28 88 178 458 422 6 456 325 126 289 342 83 281 389 486 406 279 284 426 207 1 356 468 53 363 61 494 408 28 129 407 225 479 81 374 254 417 477 487 123 279 485 303 58 109 463 392 252 474 84 415 30 422 158 238 300 122 493 298 180 22
56 401 306 226 357 320 72 371 151 63 362 257 94 271 411 424 359 45 298 452 201 379 47 269 289 6 340 464 461 472 132 117 244 88 297 155 110 204 8 323 192 336 321 216 162 181 414 340 54 271 44 207 203 408 176 123 394 281 16 414 378 52 103 169 177 299 211 115 269 194 424 497 397 41 388 228 3 262 321 369 365 259 160 222 325 411 82 207 480 164 313 212 247 220 277 345 199 195 245
403 246 474 280 376 105 360 442 2 49 359 44 366 436 96 329 323 380 392 204 275 45 129 478 150 379 15 490 97 321 221 316 305 241 500 47 73 450 289 347 62 237 8 92 48 262 353 474 218 270 452 10 70 57 210 116 1 427 11 202 355 460 279 279 476 348 192 232 259 388 319 358 205 364 132 324 366 187 451 298 369 156 144 209 227 172 274 301 201 369 186 97 100 423 244 368 291 216 428
465 394 486 190 500 448 320 146 93 231 480 130 497 470 236 272 299 255 348 4 489 63 294 100 394 464 14 162 177 381 206 5 449 135 291 412 266 151 156 291 436 102 282 261 142 155 330 58 495 55 47 111 296 284 493 249 227 210 289 104 344 280 185 431 316 256 347 337 198 453 158 238 224 156 164 140 293 377 337 295 474 477 152 460 480 69 483 406 324 298 251 52 120 500 27 223 283 122 438
365 400 98 284 471 459 206 93 323 91 219 424 462 173 393 157 178 44 447 180 3 105 444 37 49 199 196 466 200 389 110 91 78 161 249 243 203 391 336 145 481 494 156 379 349 293 223 129 267 75 326 210 171 55 21 366 474 451 38 116 152 30 143 337 318 208 435 58 495 279 345 156 433 127 68 92 373 203 500 68 263 88 409 84 227 276 355 22 32 403 248 445 396 67 49 8 366 59 129
196 260 248 419 317 251 26 266 210 435 302 272 356 203 232 371 298 198 441 73 222 209 149 357 4 65 370 395 190 424 183 377 2 387 314 179 249 387 348 482 256 445 238 62 445 379 12 111 247 108 18 180 431 140 465 266 255 373 139 195 424 197 63 287 454 210 495 37 439 445 128 292 252 102 413 143 281 51 299 308 442 169 176 370 394 158 3 123 491 196 481 347 454 190 286 409 14 401 361
471 176 330 438 360 285 339 231 172 428 266 145 464 234 21 281 423 259 134 493 465 82 317 452 108 176 42 302 150 224 450 69 418 493 201 239 408 143 181 44 413 182 66 69 60 162 443 449 166 484 271 6 14 492 75 499 428 131 289 5 445 496 99 302 189 2 151 343 213 406 145 311 371 11 452 112 58 106 100 379 76 274 488 264 249 296 206 346 33 107 218 54 252 26 478 420 265 22 2
310 324 182 281 145 301 87 145 232 474 169 342 475 150 407 425 1 38 245 348 27 341 463 110 434 446 82 182 194 346 142 359 412 358 32 212 117 453 199 33 284 476 127 495 454 426 495 127 406 345 429 163 464 270 392 428 385 121 339 106 186 136 78 325 438 237 331 214 143 56 207 193 34 73 414 114 478 172 112 163 456 161 442 16 183 499 232 29 493 338 241 364 403 359 249 429 10 100 105
75 65 444 38 91 200 3 414 280 383 234 48 265 393 288 455 319 72 274 455 374 396 97 79 240 130 32 412 261 96 205 265 397 332 3 373 212 67 441 434 451 64 21 87 66 26 157 171 401 318 270 109 163 386 313 226 36 367 268 122 82 120 267 187 311 395 495 100 244 116 448 29 285 32 274 178 47 382 233 418 294 447 465 167 197 319 441 196 250 293 241 286 395 38 482 463 139 28 382
160 42 238 422 65 270 487 167 269 486 493 115 322 267 394 455 416 54 189 375 115 219 333 385 427 349 468 438 23 300 492 396 204 89 397 126 413 84 121 34 400 191 393 467 367 368 209 21 294 230 67 396 56 459 381 463 48 192 4 268 87 316 333 356 182 330 170 308 288 192 449 258 319 289 414 281 72 393 232 373 139 12 386 325 313 107 148 361 24 45 163 378 54 335 473 157 375 109 92
330 276 349 46 471 167 424 380 440 69 222 257 150 225 473 326 73 7 435 60 499 191 41 185 367 302 38 433 166 146 448 285 223 267 176 419 275 404 158 455 139 285 443 293 13 178 474 234 230 269 77 119 259 278 95 70 50 199 36 158 28 263 295 479 341 29 198 134 342 434 139 341 30 360 430 399 497 64 1 155 486 364 91 475 284 48 221 131 185 93 37 227 266 75 55 197 60 354 204
15 281 52 249 180 200 378 64 6 315 409 147 371 4 81 225 164 7 415 145 408 225 278 451 6 41 208 213 272 34 232 440 148 295 347 315 475 355 358 368 367 74 185 105 93 196 66 166 5 20 399 56 222 465 49 17 177 460 380 237 288 413 293 37 302 481 81 104 101 125 440 292 190 420 466 187 222 4 377 197 214 332 281 203 149 39 181 474 467 80 359 474 474 371 328 417 127 472 443
95 475 287 202 375 257 442 245 477 331 78 74 490 141 450 380 5 210 377 297 257 76 187 51 439 229 354 390 418 210 138 302 495 101 77 42 75 80 210 445 130 328 132 479 179 448 439 52 292 422 80 249 143 418 447 233 485 167 107 472 47 210 324 105 321 427 202 329 314 497 451 179 440 7 499 171 429 433 298 407 378 266 97 153 158 213 349 284 248 398 405 189 243 274 421 227 406 31 334
484 110 420 338 313 110 466 377 56 273 179 244 396 317 194 249 116 425 155 424 360 85 423 141 42 379 222 293 351 279 224 300 11 157 326 62 286 271 65 299 62 259 426 421 346 313 439 229 27 396 484 433 216 308 284 221 163 54 55 156 266 465 43 494 27 307 248 156 277 180 233 118 354 486 403 489 150 225 309 496 315 162 233 142 476 436 477 452 42 229 423 207 20 365 402 102 24 4 391
103 475 496 135 176 379 473 237 25 350 119 102 486 90 48 281 167 474 21 406 396 279 499 475 88 334 265 395 319 408 115 198 424 397 91 181 448 122 111 250 58 97 311 63 207 268 280 293 238 242 499 378 109 127 214 339 135 109 276 16 4 244 360 472 372 345 173 438 323 385 146 470 82 414 189 102 64 401 82 109 292 107 141 210 265 432 373 277 260 428 283 98 289 228 401 112 296 358 372
196 443 191 116 220 41 37 228 301 118 175 70 452 21 357 160 171 405 92 70 359 321 259 224 188 137 424 77 409 319 28 459 205 79 384 95 478 95 7 418 233 444 115 448 271 158 299 486 127 356 400 452 95 346 275 398 266 333 233 429 378 293 90 273 304 241 247 28 282 106 400 97 118 91 241 366 109 57 165 244 469 170 337 302 406 192 281 277 486 71 164 87 333 430 284 469 12 388 303
207 40 95 60 43 189 196 409 313 486 459 3 166 4 131 391 242 161 16 131 220 269 84 467 24 177 31 41 170 437 404 149 324 230 461 1 136 478 476 416 21 60 69 445 128 423 128 249 466 377 22 293 255 332 129 360 326 392 91 442 79 97 109 2 329 165 374 99 56 165 481 418 220 466 17 356 188 431 457 349 45 461 145 491 149 312 215 443 72 123 10 433 323 391 24 150 216 163 473
81 273 469 111 247 334 398 308 76 460 24 113 373 203 313 176 26 455 379 218 13 257 138 70 423 40 396 434 421 137 128 297 408 265 300 400 199 337 84 404 55 361 376 147 352 319 77 412 490 176 259 322 120 78 234 409 451 406 173 15 96 199 105 89 373 133 108 32 426 98 454 327 231 443 300 135 75 295 237 38 480 5 263 390 72 398 436 166 105 307 213 2 486 310 180 106 207 175 258
473 107 8 116 224 401 466 49 282 221 153 490 92 282 248 465 140 357 285 338 38 451 31 149 232 102 81 183 433 378 391 408 193 388 109 88 85 5 258 314 104 116 161 351 272 45 153 439 181 459 368 442 75 21 120 119 326 192 250 146 287 366 126 320 328 109 331 248 377 383 485 31 23 232 55 498 30 22 204 229 89 289 167 232 399 499 247 30 392 77 367 113 15 495 91 62 410 314 116
436 224 492 47 328 339 419 258 226 319 80 91 113 362 139 172 423 70 194 317 286 21 276 446 186 83 277 278 151 317 435 109 306 498 290 324 497 143 324 76 137 395 395 423 57 454 105 361 177 198 123 290 40 71 30 493 274 280 324 360 371 146 32 247 177 90 17 434 181 148 285 326 210 28 269 212 79 68 440 139 348 5 122 301 261 462 425 466 134 440 330 64 496 458 322 98 316 398 3
474 330 287 454 441 122 7 93 283 171 39 366 298 199 406 58 58 114 66 77 334 493 64 232 181 1 297 255 29 81 431 266 233 485 187 356 42 329 228 195 378 411 312 66 246 146 231 174 298 81 247 469 18 63 25 264 87 117 374 107 397 125 384 198 435 191 324 370 184 83 455 324 340 155 54 267 144 322 80 170 158 197 288 199 37 335 476 118 335 325 392 289 498 206 339 402 374 60 210
333 371 482 356 120 39 86 194 171 64 261 375 218 73 290 393 334 128 55 464 323 421 365 195 88 193 19 497 27 147 473 120 249 359 27 342 375 234 237 39 345 411 121 37 378 444 360 156 334 418 255 84 277 304 421 491 178 280 355 83 169 490 136 240 477 396 327 137 485 421 343 101 11 193 355 437 498 71 12 340 230 100 464 21 428 369 172 100 450 146 400 162 136 218 352 76 439 375 272
286 309 152 143 7 185 202 172 475 439 197 278 113 175 334 156 293 380 500 463 288 402 102 128 198 419 62 248 251 325 326 183 146 90 423 335 347 259 348 156 208 115 188 292 128 354 427 392 20 156 265 361 357 489 10 268 329 493 150 323 473 284 164 405 359 281 434 266 308 277 340 58 452 196 227 237 415 164 213 202 279 340 268 231 171 311 487 318 235 307 218 238 381 197 327 424 224 266 4
19 172 203 498 490 252 460 222 357 98 316 478 30 184 246 410 325 470 340 130 169 375 472 265 100 479 394 160 152 357 374 210 281 495 36 450 153 277 127 60 231 38 272 4 168 396 2 329 130 22 118 212 414 263 320 434 248 168 312 390 127 396 288 452 257 497 77 96 193 81 102 173 465 291 240 190 451 128 243 347 21 144 27 195 72 457 363 371 149 247 413 482 296 476 313 237 131 263 205
213 139 102 322 312 299 155 31 249 54 105 155 155 65 31 142 487 170 381 353 82 391 229 304 229 253 433 140 116 385 59 73 243 71 78 417 312 33 275 395 351 272 118 382 197 279 129 474 155 242 486 374 473 52 204 17 360 426 213 45 425 140 236 340 366 325 271 404 178 53 281 5 66 89 242 443 183 85 457 406 467 370 384 177 145 174 391 292 52 173 100 488 308 58 130 420 459 362 88
214 330 118 59 229 23 14 397 479 215 117 384 44 385 391 322 304 484 369 271 63 500 450 227 355 306 234 67 231 333 250 17 342 12 298 414 157 493 151 413 359 221 322 339 241 153 100 460 365 373 21 20 9 460 342 287 428 457 330 357 210 218 223 142 478 388 393 164 115 352 251 25 446 41 364 379 172 181 290 232 413 447 287 155 340 195 208 229 229 261 387 128 220 110 2 26 278 68 260
455 200 119 163 135 414 225 40 366 140 83 482 112 171 477 104 280 335 446 422 254 75 370 283 120 239 157 113 484 175 236 60 353 207 231 16 208 164 199 409 37 313 282 105 295 225 164 22 360 181 185 274 133 366 12 311 486 287 300 483 292 469 308 15 330 425 347 307 274 102 192 200 215 117 120 121 410 152 198 157 324 494 119 197 318 439 481 430 131 297 25 17 363 59 467 187 225 31 394
301 181 12 360 196 192 320 350 408 370 67 14 443 272 432 367 428 144 184 13 108 477 324 373 76 365 251 250 406 64 157 35 154 280 484 75 237 289 163 311 65 129 384 253 91 457 262 340 258 164 318 444 53 199 218 469 340 417 443 56 443 137 4 346 295 332 392 393 278 381 194 7 418 395 403 208 262 175 27 290 45 149 362 343 297 371 326 185 285 300 160 278 496 127 62 475 457 473 366
370 69 39 454 114 36 84 317 339 110 90 314 42 217 351 259 213 2 488 156 35 40 468 284 493 372 460 394 61 446 412 226 312 399 77 144 33 31 287 203 157 370 441 141 349 463 367 131 337 310 226 238 461 111 482 165 156 69 394 329 75 272 387 35 324 197 271 173 498 226 108 211 59 226 156 240 150 329 241 297 437 426 204 290 439 478 85 125 348 67 82 309 287 203 270 65 44 30 40
303 411 63 414 221 442 275 372 257 397 374 250 155 413 351 2 51 106 351 259 36 219 252 169 423 152 96 125 273 41 404 402 451 118 339 469 5 58 212 255 132 292 461 387 3 407 338 472 418 288 426 237 484 482 335 124 354 200 51 440 188 402 103 5 474 9 136 111 267 457 210 110 265 174 265 240 183 70 413 1 444 286 58 311 301 303 498 442 124 147 408 336 173 413 492 242 153 147 291
493 337 56 281 220 219 464 438 41 33 244 441 284 411 436 186 271 441 404 94 333 27 85 37 98 33 210 119 49 372 2 121 270 314 388 450 495 416 131 436 9 9 94 208 459 272 74 402 400 240 295 297 279 340 207 398 287 488 342 34 145 51 250 218 147 329 442 182 76 490 267 408 447 346 72 173 193 359 60 199 271 458 368 109 214 90 489 24 288 276 292 105 348 392 124 4 468 225 313
158 471 161 413 470 316 299 490 136 230 93 300 326 464 325 84 60 32 97 56 53 101 283 300 451 232 360 9 249 125 350 370 457 66 486 394 415 369 315 231 82 203 173 377 325 32 166 65 54 310 481 178 358 445 491 136 134 344 84 51 137 240 94 128 283 308 141 74 178 483 190 100 207 103 219 397 411 87 342 77 32 372 87 386 260 70 148 290 391 144 450 373 233 65 145 48 298 316 86
54 455 265 480 284 229 445 421 57 328 495 169 132 409 476 368 244 488 138 143 217 22 334 41 214 365 42 252 388 440 424 334 306 79 218 496 356 477 343 17 103 434 77 339 55 121 155 174 182 396 337 339 303 196 183 148 498 495 384 28 491 229 351 298 455 326 325 366 121 273 78 177 495 207 198 33 382 115 396 42 361 278 119 208 195 263 431 372 172 471 114 238 238 182 227 357 192 217 113
346 41 226 399 287 452 272 170 139 397 404 20 176 157 220 41 398 224 458 347 127 457 66 416 366 419 202 304 428 229 330 206 82 40 263 68 74 207 401 89 359 332 249 415 429 340 485 465 297 117 337 93 133 190 117 260 176 237 480 409 209 270 345 111 384 499 40 190 79 1 52 311 190 12 371 209 26 220 154 18 373 274 110 24 122 231 333 31 95 401 295 166 329 428 40 265 118 74 294
168 261 53 186 73 491 496 383 412 351 373 132 103 282 267 198 236 169 191 203 101 114 92 369 252 46 257 403 44 385 18 435 191 457 71 497 151 470 445 470 339 4 382 170 383 45 126 113 287 80 56 76 126 355 70 102 144 349 274 354 378 231 355 295 330 352 251 498 414 433 474 486 337 244 476 131 452 464 393 99 114 251 49 74 272 69 100 188 102 443 272 42 321 192 442 454 103 343 138
125 406 408 279 28 170 339 81 295 321 340 487 160 64 500 271 84 132 443 343 90 250 83 382 438 208 126 289 302 476 211 101 367 394 290 363 152 136 224 196 245 211 465 203 440 11 75 473 235 129 9 84 382 264 471 295 147 86 486 167 241 188 99 255 307 244 97 329 120 52 26 83 28 312 402 264 87 445 218 348 242 310 302 466 364 25 470 399 56 338 210 111 60 367 57 238 61 230 74
65 210 92 111 120 396 202 199 494 71 184 385 491 500 499 475 212 239 440 154 340 98 21 32 470 424 304 407 69 469 194 329 85 184 251 459 105 5 165 229 235 243 235 270 158 407 450 405 131 228 233 110 187 231 374 400 427 138 87 471 42 391 29 245 261 499 415 90 421 439 353 96 272 179 14 20 210 226 201 415 258 8 156 462 32 324 350 445 34 373 273 183 256 156 195 102 203 120 245
188 65 381 428 11 328 377 132 50 174 485 212 227 330 315 468 169 41 456 332 472 8 343 393 496 310 427 495 126 459 219 428 22 176 319 252 165 165 134 345 152 40 332 49 46 50 317 500 253 60 442 465 275 43 149 31 222 170 391 39 40 167 95 32 131 442 40 448 378 76 354 250 191 218 206 229 452 494 37 349 118 406 51 246 20 139 325 293 66 237 4 133 173 52 74 444 399 376 455
197 324 283 337 132 381 490 479 315 410 314 408 93 51 310 251 241 270 383 94 214 43 384 286 495 67 457 239 81 5 50 34 138 53 423 128 246 246 80 350 352 87 17 382 364 259 118 132 229 1 207 373 231 134 142 55 292 189 249 328 140 40 421 264 57 476 25 55 365 424 252 166 39 49 266 57 364 108 208 174 319 455 395 140 428 237 189 169 16 107 287 474 363 371 350 329 347 302 480
388 400 207 296 319 350 289 469 313 82 345 220 227 82 104 460 498 212 149 265 39 13 109 187 394 416 426 262 249 234 452 327 190 433 455 494 442 364 459 18 397 372 259 15 152 208 15 286 429 211 458 32 439 460 32 332 285 14 347 168 162 1 295 84 25 40 400 376 455 483 355 296 30 415 298 418 99 71 195 125 177 354 224 87 240 149 476 79 360 136 10 210 274 161 21 293 382 337 311
372 230 38 350 401 352 43 16 25 46 131 344 202 181 340 35 493 62 66 149 242 190 314 202 284 1 248 265 171 78 432 74 24 195 312 401 313 210 416 308 141 408 149 17 411 137 180 345 212 480 145 317 47 304 46 463 189 484 233 328 446 500 120 5 312 413 245 294 408 279 430 112 449 58 50 53 228 31 356 265 288 215 434 237 76 336 62 125 277 483 463 411 422 154 254 416 300 59 100
279 249 488 422 206 481 356 91 207 368 339 388 273 229 140 140 480 134 470 449 132 368 188 102 108 165 179 389 34 436 251 48 404 321 146 44 67 266 338 335 229 31 241 456 21 61 205 257 189 256 222 143 70 199 263 102 274 210 125 350 49 47 437 126 81 105 250 170 69 83 192 417 490 7 367 36 405 30 378 357 256 254 442 37 61 60 427 318 180 88 233 131 494 249 53 287 178 101 341
214 361 391 304 454 305 228 127 413 456 427 221 84 127 459 134 242 378 124 175 370 390 135 354 25 381 397 119 450 251 69 372 97 384 435 52 160 119 283 177 226 350 454 307 230 2 56 213 428 276 420 319 212 95 456 12 446 306 378 119 355 178 230 415 359 36 138 311 470 461 261 66 246 438 228 241 231 258 370 493 373 386 491 368 393 42 491 445 421 275 11 297 289 427 432 235 138 311 430
71 31 111 61 289 53 87 443 362 460 439 143 221 438 35 194 488 46 444 133 484 192 150 475 43 137 203 163 479 62 112 97 298 166 307 192 202 290 183 476 122 162 164 295 311 67 164 292 304 434 80 101 485 76 323 107 266 452 136 234 308 446 180 241 101 43 447 103 225 91 58 245 480 11 391 223 425 229 453 64 204 357 442 139 353 168 293 30 386 245 106 412 59 393 409 20 86 157 294
282 77 265 386 28 58 251 72 117 377 173 183 273 205 183 333 258 128 202 197 264 476 455 277 166 65 171 262 34 339 223 243 251 81 31 434 236 57 118 342 476 16 452 147 464 430 199 252 442 321 31 217 258 57 70 196 100 105 326 230 237 251 312 197 455 419 342 265 93 223 61 190 261 4 379 81 172 375 336 135 8 324 165 344 278 272 266 298 47 325 22 264 55 351 103 130 69 223 271
59 493 140 292 300 493 375 289 132 215 109 415 445 406 324 90 377 441 191 265 72 162 106 137 146 214 47 436 143 400 82 424 116 392 489 71 157 140 308 397 430 360 193 204 204 182 284 4 439 478 268 147 402 280 195 254 296 360 30 286 261 460 385 170 16 444 91 463 146 135 488 283 297 475 346 143 320 23 266 386 24 107 336 128 38 372 456 343 184 355 354 394 193 31 477 198 195 71 119
491 422 70 32 66 240 338 277 219 83 252 297 430 338 10 361 331 273 269 74 172 285 179 34 358 7 161 183 55 125 210 423 194 327 429 324 226 224 36 179 417 362 399 247 321 42 402 359 213 99 150 382 80 76 8 278 364 147 77 135 178 455 100 234 296 399 56 270 58 380 500 436 73 485 83 177 127 483 103 425 107 413 255 167 161 412 270 297 450 408 270 250 124 58 320 97 72 136 399
341 10 418 279 176 171 124 89 150 107 315 101 397 61 159 38 91 123 376 93 314 191 263 218 300 369 409 64 296 38 487 215 354 337 343 182 197 493 466 263 353 40 74 243 17 304 500 76 497 99 388 277 246 335 234 209 196 129 287 435 392 93 291 356 25 265 392 186 480 72 348 6 148 130 3 122 377 315 317 167 202 275 127 488 295 143 51 307 395 14 496 142 294 31 41 327 316 253 221
215 120 230 85 333 124 292 284 412 34 436 132 391 15 370 265 62 230 225 250 126 400 299 73 410 73 138 487 157 362 407 421 245 201 24 94 496 16 258 121 78 273 433 235 173 85 249 448 247 455 262 383 405 17 405 12 393 84 32 419 423 248 306 82 47 342 290 6 307 429 471 156 2 3 451 311 478 137 186 275 210 488 475 181 424 362 187 414 269 13 185 247 222 466 303 277 423 448 335
48 435 84 385 70 218 243 285 28 7 10 214 301 384 260 46 297 68 72 443 302 95 169 323 222 196 60 414 432 352 270 180 194 435 473 480 97 468 434 71 23 275 165 277 232 68 1 341 184 165 470 314 317 179 140 273 193 180 206 103 461 124 206 226 411 44 324 236 377 256 205 73 478 222 351 323 333 408 495 99 344 196 489 475 150 408 100 428 158 50 475 25 454 281 227 151 30 378 81
238 47 134 324 414 186 481 47 230 198 439 453 379 49 197 238 90 62 432 348 338 6 344 491 186 365 210 377 339 94 86 156 370 75 92 315 191 449 454 177 40 120 38 394 154 98 295 263 281 447 491 224 86 459 386 53 476 106 347 26 148 473 38 92 132 210 217 315 426 281 197 464 439 303 429 468 181 153 180 314 68 244 170 235 473 124 125 461 123 137 182 350 321 477 111 467 137 31 38
317 92 47 143 43 369 426 165 104 175 76 293 7 398 181 2 334 313 231 352 495 183 233 67 26 438 375 403 357 96 451 402 100 408 277 431 151 140 34 85 394 116 274 178 55 183 302 259 368 399 482 387 337 211 459 349 79 467 73 266 285 460 273 335 74 113 462 212 363 362 193 241 315 289 483 348 347 12 492 58 445 483 56 421 170 209 338 49 30 458 269 379 7 226 439 119 208 251 348
176 34 324 194 135 201 248 31 430 84 271 158 273 319 469 497 364 97 281 250 213 479 378 314 369 94 75 133 51 102 351 240 68 453 267 66 43 192 461 370 374 166 65 461 177 18 117 70 29 271 170 370 84 323 180 240 220 36 39 75 492 362 134 290 182 372 425 135 215 219 400 141 494 78 190 341 305 46 16 161 462 110 70 423 261 202 128 426 302 471 360 465 332 232 25 307 73 32 310
99 13 53 287 84 286 197 426 435 214 126 311 69 380 276 362 343 274 293 29 360 243 491 482 200 111 206 428 41 255 276 197 64 337 64 325 273 149 87 258 281 448 430 67 74 249 304 211 289 382 462 138 41 184 116 474 329 21 304 96 362 282 388 208 286 288 332 347 230 251 499 36 284 228 324 221 399 411 310 54 310 266 172 183 439 85 428 65 69 439 45 306 167 223 322 121 87 415 223
497 136 281 203 140 207 381 36 415 413 136 479 348 453 86 405 323 251 337 90 327 77 91 336 163 261 326 103 160 348 259 500 395 158 439 193 389 253 79 112 49 215 184 468 125 427 249 251 146 298 200 256 493 273 235 311 104 24 383 448 165 110 436 107 401 254 96 129 357 10 273 97 15 121 66 319 434 323 491 402 213 225 200 73 370 248 361 262 101 138 113 218 402 487 282 181 96 389 131
234 426 342 29 319 38 29 433 60 270 211 290 78 117 79 59 35 250 80 200 408 26 42 381 465 325 228 293 11 205 313 26 381 485 259 245 45 263 76 131 192 414 435 109 107 166 334 431 270 297 88 396 89 113 171 194 451 277 68 432 321 13 83 81 223 426 242 177 434 293 411 51 405 330 159 285 109 416 425 161 463 471 385 219 24 116 434 236 379 378 47 276 447 105 218 104 491 244 110
189 139 277 344 163 167 99 449 40 114 359 71 139 133 422 423 311 356 346 209 205 403 153 203 144 73 325 480 3 201 346 254 477 16 10 405 4 450 498 373 329 102 108 12 88 281 187 158 334 487 327 471 253 186 178 96 343 64 269 192 184 31 297 218 461 441 2 452 363 398 445 418 171 360 422 426 180 149 443 288 408 331 397 237 330 286 378 126 426 241 28 197 134 384 152 191 289 369 490
96 105 492 332 100 330 292 227 401 280 244 276 75 482 224 109 85 61 376 346 438 345 287 477 373 267 401 103 159 328 30 381 189 176 135 442 64 365 412 340 331 117 66 142 224 337 304 454 475 335 248 338 78 404 480 395 206 480 162 153 299 499 308 88 281 289 267 209 234 496 32 30 431 26 253 177 68 117 291 27 337 230 95 20 272 262 333 376 217 422 326 459 119 450 304 280 188 205 470
422 193 258 311 482 218 294 475 89 13 385 435 371 280 118 151 461 57 77 252 237 255 366 238 95 305 492 244 487 279 346 327 36 321 472 32 260 48 471 292 32 18 488 460 28 201 404 163 292 199 248 362 409 275 249 373 275 350 332 406 284 401 35 383 59 205 228 39 100 327 108 176 131 461 117 33 483 17 108 473 12 498 366 86 368 431 12 420 197 142 380 407 500 102 300 257 276 219 66
111 198 328 406 16 271 351 253 439 174 282 426 353 389 23 110 205 373 339 190 27 433 172 399 186 337 438 489 45 449 494 365 33 399 176 311 232 291 250 266 332 93 29 119 280 25 143 201 145 303 201 34 119 173 343 134 24 242 378 380 105 99 52 288 332 4 66 112 259 184 9 468 432 68 299 35 366 236 40 398 181 5 62 392 84 246 455 232 189 330 382 202 147 267 465 358 349 441 222
405 90 54 197 76 28 498 386 270 27 174 61 134 236 288 352 494 495 89 50 300 117 135 210 355 307 213 159 346 306 110 318 67 438 165 43 177 158 461 150 174 25 144 265 70 400 48 476 311 282 137 189 483 117 61 497 226 492 181 469 322 395 437 44 374 271 439 482 408 202 348 388 342 39 309 393 285 138 31 426 83 94 291 303 260 240 35 26 213 461 434 447 21 347 97 36 121 149 233
493 473 397 135 7 420 39 205 92 159 494 24 469 27 399 399 465 154 255 385 214 43 473 10 55 280 289 280 17 406 122 347 142 21 158 304 286 429 74 341 184 288 11 321 500 124 491 55 350 351 133 61 194 153 457 104 368 477 210 118 164 79 213 399 122 329 1 206 132 227 259 31 347 366 367 155 47 115 18 105 434 14 373 275 15 25 353 307 101 439 118 271 328 176 331 368 496 233 151
334 80 336 389 64 17 450 425 61 135 60 365 29 172 282 415 78 68 28 374 423 284 145 135 370 386 457 218 344 149 485 351 163 331 220 350 255 131 132 16 163 431 23 285 108 91 306 500 481 377 418 264 237 135 203 84 49 417 159 346 479 148 301 141 33 98 89 158 381 285 440 352 123 237 330 278 371 323 312 415 345 234 391 342 198 21 366 195 411 217 356 442 88 271 12 60 223 242 13
325 455 315 429 15 65 230 272 340 40 50 335 347 404 459 278 216 155 79 432 477 427 410 422 7 102 13 1 442 362 198 135 432 176 487 298 298 460 29 270 410 154 180 129 290 215 122 100 421 330 48 56 55 3 46 191 426 29 174 106 221 439 276 375 151 458 469 203 129 130 160 221 132 144 333 280 50 427 16 406 283 376 215 302 3 131 354 441 332 401 147 248 79 311 322 81 246 291 406
