99 99
457 109 131 406 212 480 73 295 133 324 198 411 231 291 76 150 119 460 299 357 88 223 466 287 72 191 477 260 205 18 62 277 138 472 387 249 66 436 136 216 483 255 256 186 286 499 456 144 193 308 497 276 315 153 386 205 203 146 9 444 73 328 106 112 166 184 94 92 209 265 272 210 89 441 308 115 341 421 423 455 48 176 263 370 244 280 342 163 170 428 167 362 384 105 348 109 161 345 342
59 48 468 474 232 347 489 447 260 408 469 112 137 390 93 254 442 13 132 477 283 435 241 235 33 10 30 465 79 89 156 62 302 1 243 27 194 108 130 426 170 453 300 18 432 351 351 92 404 136 475 268 252 273 42 262 485 47 203 155 457 463 200 300 56 499 146 63 428 157 253 40 390 63 193 440 226 91 262 290 401 204 466 68 215 192 237 344 69 391 339 445 441 36 180 236 25 402 170
480 442 406 381 21 265 127 315 313 248 61 450 243 467 46 467 225 31 259 210 315 25 265 308 222 340 7 311 257 276 264 86 58 236 247 267 360 494 342 191 203 11 200 69 101 35 158 129 263 86 195 434 327 442 118 289 333 330 358 275 102 386 27 75 403 451 171 318 285 264 278 257 81 479 90 158 458 76 214 476 442 96 278 192 274 267 92 276 142 373 415 296 72 196 425 93 301 56 272
185 9 293 475 133 448 117 32 30 244 251 288 323 469 23 308 288 136 348 61 196 481 125 343 415 125 420 63 307 150 284 500 102 460 24 499 128 334 86 372 106 250 219 157 321 112 240 385 281 181 450 266 99 354 89 455 115 468 392 106 33 427 65 281 464 408 371 123 420 456 18 99 439 432 453 353 87 481 331 35 494 246 4 133 336 386 53 295 458 28 48 401 81 176 417 327 416 237 324
254 50 11 385 233 418 306 197 14 369 489 446 191 252 360 345 125 361 459 359 300 164 450 181 374 470 71 379 316 25 388 488 407 36 498 92 456 361 202 416 301 280 45 132 411 375 264 485 438 494 289 499 247 152 400 92 453 221 157 307 65 414 484 420 163 205 436 490 49 460 187 399 263 344 214 420 364 357 269 131 262 442 302 101 480 28 59 36 269 253 278 420 493 338 276 365 391 381 51
364 353 104 252 127 161 404 317 145 330 487 340 438 163 80 208 51 123 98 487 214 166 393 163 1 18 343 482 494 2 184 413 6 405 205 222 454 419 461 289 261 116 254 299 472 237 262 152 134 279 245 205 448 8 270 305 309 224 473 189 3 383 151 413 147 117 78 207 67 397 365 432 472 152 129 366 80 195 52 105 155 102 366 118 393 58 480 277 90 213 364 358 38 162 339 333 468 422 257
414 285 124 231 249 147 471 171 242 356 336 328 298 114 199 45 107 113 362 241 6 151 459 395 261 69 296 251 326 39 463 443 431 302 215 148 82 360 287 115 382 32 100 270 73 410 144 195 207 243 153 61 88 28 225 289 198 315 320 450 320 121 348 236 68 243 279 400 339 17 197 299 46 136 451 453 368 146 370 257 177 261 274 489 213 87 230 67 172 401 146 66 416 115 46 379 366 346 319
425 141 267 443 85 317 167 59 354 368 60 193 282 336 227 71 278 324 368 143 116 178 386 500 138 9 310 401 126 377 5 112 11 468 408 328 75 324 445 216 210 35 337 382 438 330 159 467 132 121 440 63 138 435 205 406 352 233 275 20 377 499 178 441 202 307 62 389 149 143 67 349 465 316 317 110 352 257 242 338 363 466 215 264 283 232 274 167 421 224 408 440 52 329 446 24 200 316 328
499 117 454 371 343 322 351 389 83 54 371 27 472 69 257 496 230 232 415 454 100 450 198 430 276 121 244 490 377 80 411 474 25 495 452 195 219 74 450 105 79 100 495 163 107 71 343 381 86 213 80 374 8 42 300 226 209 79 292 443 274 269 227 62 331 277 385 348 245 275 166 20 388 261 132 215 138 313 275 369 338 458 416 327 312 105 140 78 157 475 399 255 395 497 76 120 143 265 474
67 195 188 296 400 318 12 297 238 244 490 386 102 381 323 276 162 300 442 66 270 70 408 426 313 345 466 379 102 338 25 139 455 38 193 213 51 239 240 372 172 182 48 33 454 478 60 120 154 185 450 4 149 331 500 381 418 55 164 110 316 378 263 100 335 40 216 345 69 384 341 106 301 276 440 224 156 490 444 411 99 168 89 493 471 180 71 273 500 266 370 169 4 176 250 66 125 377 204
171 171 105 324 100 196 484 365 299 254 200 270 216 284 18 286 96 289 327 460 337 422 171 355 435 2 125 210 14 429 102 390 432 83 223 144 342 53 399 374 208 263 469 223 471 151 306 197 309 237 367 54 352 271 130 383 155 153 294 448 329 198 169 429 92 459 72 138 88 157 153 123 14 43 445 361 394 248 60 275 366 320 229 414 313 12 35 265 280 168 128 65 356 438 422 364 485 111 123
19 129 290 289 387 67 320 405 367 1 397 200 206 252 49 488 370 236 17 399 87 456 138 203 286 307 457 187 311 219 88 313 320 29 483 276 339 31 327 209 101 449 69 394 253 130 485 295 128 261 472 336 121 207 278 265 40 405 3 455 93 443 296 18 303 83 428 210 11 300 240 183 144 165 208 105 481 87 496 34 487 136 236 396 483 339 99 175 250 272 340 285 264 217 430 472 159 347 302
63 164 84 42 440 232 422 487 282 56 48 82 378 217 117 153 144 319 171 71 329 212 444 327 369 145 338 417 40 219 340 488 482 134 352 398 154 419 253 35 445 437 134 189 430 61 93 107 296 218 91 495 262 338 146 143 38 124 196 385 121 368 339 156 138 430 133 2 168 67 117 123 187 190 25 163 93 147 219 79 44 98 35 351 385 384 5 324 375 64 310 25 465 136 454 316 78 442 411
427 414 136 141 113 287 81 404 145 241 275 196 162 274 319 264 149 60 393 290 335 8 227 99 306 290 479 104 82 21 30 336 480 409 262 117 468 386 36 329 14 374 285 378 373 273 322 117 85 192 251 339 213 53 364 157 197 392 248 259 425 301 162 266 56 444 473 481 289 26 332 55 80 241 168 391 459 280 278 389 420 264 96 436 88 477 491 384 4 420 63 352 343 373 386 136 173 430 239
418 498 75 160 37 429 463 280 339 161 104 293 381 220 380 214 297 331 343 332 263 382 182 326 120 343 296 274 260 12 387 172 9 343 356 383 165 318 206 415 165 285 447 102 494 274 159 441 224 159 312 171 394 436 341 391 260 351 458 190 403 115 297 139 449 333 228 350 324 367 485 32 429 458 455 54 179 356 361 458 238 133 98 311 280 344 32 434 178 261 147 304 404 198 86 354 433 160 399
311 396 441 222 149 483 184 87 459 406 196 4 473 166 373 112 435 455 496 175 383 65 246 217 342 456 133 299 328 459 264 307 365 463 244 29 187 266 369 441 248 489 307 491 456 127 435 236 94 117 476 330 152 69 49 198 63 62 198 286 297 224 150 430 98 305 208 83 164 380 286 296 456 461 25 94 449 372 482 412 160 67 206 95 399 219 391 122 131 415 188 227 81 314 219 303 98 463 114
459 454 295 464 487 107 181 217 399 327 56 268 364 287 140 148 457 259 140 224 472 196 296 476 154 365 392 305 97 26 392 343 48 101 205 86 148 414 62 181 353 367 125 478 497 438 352 62 5 232 277 102 178 97 320 289 134 312 303 494 440 74 48 226 173 25 241 374 405 149 99 337 45 385 326 140 363 433 351 453 335 357 467 55 342 25 100 138 54 283 428 22 127 69 172 277 307 472 327
225 494 465 191 202 365 50 386 155 434 45 374 425 18 12 310 66 479 53 475 92 266 95 237 323 18 309 42 498 243 354 205 223 280 387 376 137 206 121 34 289 386 196 350 256 295 299 91 257 154 85 442 77 214 225 360 282 410 230 498 452 2 474 328 463 13 130 273 317 466 285 27 304 397 208 80 200 365 11 413 363 212 492 210 281 147 469 12 296 187 418 186 430 492 100 445 166 300 407
10 210 110 1 66 367 19 495 340 343 73 443 410 319 443 457 274 130 81 303 390 50 386 111 422 462 288 262 261 437 102 282 85 390 150 440 71 322 389 163 377 491 452 360 114 93 58 410 55 291 382 110 189 26 416 206 33 341 41 303 8 39 46 150 100 423 474 485 390 93 312 393 480 220 456 39 58 276 265 114 298 426 245 279 58 158 36 177 354 486 477 395 342 268 482 240 65 160 445
216 452 408 260 464 369 460 337 248 493 151 19 245 497 461 40 118 471 85 169 100 298 45 449 263 201 350 289 497 325 298 192 42 320 462 155 489 97 90 277 83 185 271 306 38 243 313 173 277 317 457 56 32 441 406 346 208 79 469 413 162 468 264 10 97 346 73 379 27 141 57 255 393 220 219 126 379 309 485 89 85 43 291 150 434 459 480 93 316 481 366 187 260 113 144 222 366 247 237
94 191 328 313 93 168 219 478 245 54 344 167 431 193 41 150 400 478 188 98 295 391 95 403 79 346 85 107 486 165 209 385 80 336 39 165 428 343 223 110 308 119 218 199 243 22 135 437 14 218 420 159 177 207 183 296 251 34 376 361 269 472 167 89 340 408 139 478 307 158 113 239 387 460 335 248 138 215 217 490 190 145 185 207 119 491 51 367 7 410 478 166 448 261 489 156 201 190 252
262 487 122 160 21 213 384 26 400 139 493 35 298 162 10 256 400 285 447 437 301 327 136 94 320 71 100 48 446 144 73 222 488 376 108 424 37 112 216 139 460 234 179 213 277 235 471 144 12 463 74 275 31 389 438 129 393 255 4 291 242 384 33 113 99 426 402 177 437 140 5 358 227 350 125 403 483 8 487 397 367 64 39 254 387 118 104 276 305 334 12 12 161 183 242 411 75 337 122
494 133 307 11 219 138 192 209 271 187 258 461 65 488 220 269 357 232 342 35 166 141 198 424 429 49 13 246 447 169 101 159 330 17 305 399 281 330 354 248 408 78 49 401 323 437 23 138 99 415 351 269 105 142 152 252 215 3 48 81 108 123 392 314 130 356 431 196 480 286 448 370 130 327 440 93 126 13 169 361 35 381 413 57 489 355 20 221 47 295 28 38 403 101 88 198 316 451 483
157 193 363 201 111 131 388 111 452 244 383 465 5 440 286 15 38 149 402 320 47 53 233 125 188 129 403 147 453 257 500 245 338 441 146 207 57 114 349 435 127 381 355 193 199 72 249 465 273 29 346 401 163 85 488 167 151 130 302 59 412 52 212 346 253 343 95 334 242 68 382 146 420 444 13 464 309 415 389 246 162 190 272 471 300 470 186 205 470 17 204 224 285 46 251 464 49 70 83
210 234 348 480 182 363 258 343 32 336 161 173 135 459 420 149 337 257 40 423 330 499 357 167 350 239 241 353 488 462 199 191 157 382 329 29 363 440 343 300 132 382 198 215 53 185 254 447 379 386 43 70 11 151 291 13 346 484 496 363 82 224 447 106 253 294 111 264 355 209 145 422 87 16 10 136 461 483 309 77 444 14 410 128 328 196 159 288 407 16 142 487 456 108 129 237 172 239 103
22 491 403 375 348 237 13 35 475 113 170 362 139 351 236 409 23 340 61 411 95 255 448 377 131 60 47 447 189 350 42 35 375 61 225 69 444 293 452 131 146 52 70 349 362 492 432 126 455 264 461 65 299 417 437 239 289 127 340 327 457 306 324 319 491 306 420 455 382 128 293 288 99 474 497 48 43 375 472 234 469 174 292 128 138 72 85 20 107 291 9 178 390 164 339 378 42 365 7
57 299 474 2 389 307 217 345 130 15 453 301 296 140 337 96 67 85 133 245 458 245 16 29 436 33 424 228 448 206 305 191 470 66 241 141 295 180 140 165 209 182 292 62 403 242 192 456 442 417 430 494 367 117 191 435 256 436 337 249 325 395 112 422 137 466 438 91 84 447 172 450 227 17 259 199 25 380 127 399 232 379 432 9 255 404 436 405 382 200 131 259 205 9 248 354 420 273 362
289 47 484 98 373 218 110 98 7 141 45 453 482 299 8 453 73 299 52 428 310 339 58 450 65 491 89 83 496 230 172 45 257 493 311 448 239 212 357 434 74 68 296 279 429 299 34 241 107 234 13 182 157 131 310 400 362 91 375 453 209 432 43 297 62 113 27 107 134 389 202 190 218 24 421 366 412 417 468 406 308 336 368 220 453 182 483 433 409 394 136 364 205 192 473 164 112 396 68
26 229 463 354 191 448 100 125 97 219 242 110 237 348 14 359 82 73 231 283 283 267 229 126 482 384 46 241 127 294 414 285 193 427 494 236 276 356 22 60 65 482 285 345 247 13 254 148 236 12 94 487 332 195 257 299 126 24 308 100 450 113 283 74 402 449 175 420 39 409 357 177 177 308 106 95 131 401 75 319 482 42 443 261 482 454 123 174 451 353 337 100 386 92 260 101 12 464 271
124 56 493 84 174 141 491 186 420 95 385 137 257 95 235 423 284 189 158 328 257 10 320 182 400 479 99 379 94 346 117 88 418 330 352 438 421 89 166 296 367 43 404 367 157 436 484 249 133 218 376 25 420 96 468 441 250 164 219 138 389 498 217 353 47 130 376 399 19 304 76 248 153 26 279 426 497 36 314 413 366 158 321 488 424 415 194 279 457 330 99 256 283 300 41 460 481 44 324
371 156 31 103 361 372 406 28 54 381 418 250 107 348 48 53 470 176 200 133 365 266 363 184 72 456 469 72 208 213 228 338 401 446 335 407 489 346 308 416 402 403 348 71 265 24 355 151 472 319 183 4 230 188 430 244 184 366 221 352 19 40 404 437 179 188 233 458 300 391 44 295 450 223 461 167 414 84 192 179 346 198 78 259 239 412 365 122 168 256 93 474 253 319 53 73 23 6 336
454 92 479 394 468 419 373 133 17 456 383 448 459 455 365 299 37 350 394 101 315 418 374 287 220 491 236 351 162 451 499 488 495 440 146 21 56 255 373 217 388 329 185 229 199 285 217 88 399 109 326 48 487 276 163 403 80 459 127 194 258 320 430 294 1 189 240 267 419 325 178 498 115 34 449 469 159 276 93 43 312 113 329 115 394 293 16 122 221 282 12 207 318 235 301 84 107 123 367
57 238 395 195 333 283 492 137 158 269 141 497 344 195 269 14 173 28 52 55 272 456 321 495 237 478 83 250 406 366 20 373 373 424 189 351 343 373 285 150 14 156 458 453 128 430 155 147 371 265 276 121 50 237 102 256 474 114 288 369 245 423 172 273 311 37 471 60 26 369 456 166 101 462 222 379 400 278 342 183 161 9 415 354 319 264 255 421 6 332 499 445 248 287 179 184 114 122 183
289 298 67 473 113 225 181 419 126 415 427 257 381 368 82 100 274 394 95 84 419 42 342 296 384 134 63 73 293 334 212 19 340 263 179 330 442 76 330 67 68 20 158 72 307 197 179 336 64 123 427 436 475 297 45 393 366 136 180 476 139 472 243 57 358 254 326 441 398 415 363 477 21 61 70 114 343 250 355 158 114 407 319 120 382 245 450 322 114 53 77 78 268 108 270 64 107 77 105
285 73 172 235 241 367 145 66 276 457 393 312 303 154 374 311 449 207 425 419 192 385 248 28 16 386 345 289 90 85 220 155 274 313 340 291 458 324 11 450 331 112 204 130 229 211 74 330 79 23 367 17 497 55 293 420 361 437 470 19 413 66 383 197 315 117 87 433 302 411 299 383 310 114 355 64 310 310 126 475 87 123 147 93 309 96 401 445 15 226 480 112 95 256 3 439 343 369 351
104 436 155 150 296 486 75 181 446 455 222 430 129 413 426 249 164 29 183 97 85 293 169 194 425 70 324 45 416 19 339 490 411 160 94 138 74 156 61 438 464 143 414 141 270 113 237 338 143 457 282 224 87 242 341 346 131 496 30 180 344 452 111 431 168 299 16 157 407 9 121 371 39 357 428 319 286 437 391 294 382 410 309 305 53 462 466 426 60 227 86 26 494 262 263 226 34 445 250
386 469 403 154 122 258 358 119 93 214 461 58 445 365 485 336 233 162 221 433 57 253 36 322 80 134 300 148 91 154 44 475 212 250 154 494 241 485 82 197 351 302 303 84 247 86 86 378 276 235 12 475 240 63 145 137 315 339 4 159 499 299 12 418 296 387 318 285 3 57 23 24 92 305 476 450 238 398 357 480 155 179 260 414 407 143 433 5 234 265 387 339 427 170 36 180 393 78 103
263 62 177 313 256 354 487 471 330 135 155 185 278 273 433 8 278 290 222 350 351 370 493 395 136 86 70 228 149 329 419 150 346 196 496 313 188 254 422 185 51 96 383 341 452 376 231 420 338 93 390 76 33 225 1 337 402 212 361 341 446 456 237 226 186 476 351 409 436 302 117 289 63 13 216 260 70 391 326 460 359 237 46 414 423 127 58 115 323 362 411 137 84 342 88 190 495 229 397
452 314 83 299 443 436 340 462 120 35 140 83 114 490 225 174 236 215 55 297 91 14 243 402 61 480 480 346 39 358 311 261 424 120 101 7 104 484 444 260 36 86 126 322 391 151 323 440 94 357 309 26 246 311 151 498 438 93 337 375 83 423 300 67 31 315 49 421 93 456 87 27 185 45 198 453 487 269 99 304 269 236 87 182 15 444 267 463 215 89 41 482 99 234 302 234 396 130 315
77 9 81 217 231 414 195 301 444 431 465 458 205 228 151 69 51 138 410 405 148 269 304 210 1 457 247 384 400 267 149 94 237 254 417 254 189 371 286 34 75 282 97 282 280 137 110 247 9 169 341 341 383 216 144 190 38 458 160 317 188 1 460 355 135 58 415 127 245 161 489 276 75 95 408 337 42 215 371 480 180 212 344 140 325 204 122 458 429 237 421 296 458 175 15 234 251 229 72
351 124 444 207 416 376 471 59 218 445 103 388 366 63 180 35 159 452 332 434 20 68 384 150 500 70 413 481 401 328 324 190 95 81 485 333 228 44 97 121 202 79 231 319 331 351 412 357 130 453 57 219 283 434 335 391 186 248 477 54 64 435 231 330 326 313 217 365 378 44 314 41 230 265 223 236 51 360 476 127 270 295 199 358 484 415 182 44 187 94 391 293 188 108 208 103 441 152 160
366 201 327 120 282 63 313 70 418 244 324 55 330 197 236 159 66 71 224 336 31 183 88 283 242 225 405 111 279 1 275 376 272 354 393 264 417 156 375 203 134 56 436 462 83 492 491 53 141 273 160 336 414 125 150 374 165 346 73 122 42 168 206 209 484 407 406 181 78 16 328 444 294 133 154 474 486 110 34 104 233 271 4 218 236 475 492 175 96 233 76 38 499 465 409 314 491 64 169
244 420 6 470 200 289 93 19 308 376 422 259 370 471 46 314 73 223 118 72 398 313 316 296 462 234 309 456 50 196 128 391 450 356 10 372 393 155 298 221 139 366 284 63 67 15 461 296 68 283 247 264 358 95 305 25 66 365 487 39 11 469 447 101 450 66 484 103 285 183 261 405 213 270 411 187 308 386 294 490 82 469 473 344 225 375 209 49 455 301 408 212 380 380 124 21 104 95 164
170 254 261 279 297 186 136 348 356 402 239 170 279 427 243 131 151 374 166 7 490 25 390 381 372 282 486 50 328 342 459 44 436 420 242 411 439 390 370 259 209 19 151 271 187 137 478 6 143 188 120 409 42 138 401 199 302 375 222 402 154 446 416 120 130 367 186 345 195 150 168 478 187 401 296 149 140 336 30 483 63 159 304 457 350 447 46 157 175 38 320 164 165 374 361 336 33 130 404
66 180 78 312 436 333 56 416 219 122 290 388 19 10 329 384 483 148 406 111 55 446 385 194 423 209 342 441 470 423 318 157 52 248 6 177 428 218 275 104 145 397 234 45 104 274 112 260 209 156 29 365 382 387 113 63 136 16 86 384 115 474 257 27 79 448 34 224 233 260 323 347 213 443 477 194 148 334 206 279 480 284 149 405 451 256 325 481 380 305 126 84 156 92 492 139 95 228 145
62 406 99 446 447 277 299 100 271 469 68 200 401 386 139 43 99 432 413 79 279 376 137 40 413 420 384 261 308 24 40 367 109 349 256 459 179 143 173 226 72 485 22 89 150 247 351 79 239 370 341 171 311 390 120 317 258 50 246 366 59 463 140 477 47 74 280 304 357 231 47 176 339 402 185 399 313 385 249 185 189 358 207 458 106 106 42 414 7 472 271 244 127 191 101 93 189 464 11
269 270 131 1 2 146 128 4 403 226 257 326 72 123 335 376 112 260 408 175 415 418 371 180 151 367 462 11 419 132 441 248 409 124 289 333 181 132 250 246 390 261 151 489 333 241 384 395 156 186 246 443 39 224 344 469 499 15 172 307 368 95 154 223 50 441 259 145 59 115 289 21 130 139 260 480 41 338 13 470 273 457 351 13 16 124 74 116 53 443 240 460 270 121 91 17 57 158 50
38 385 348 342 493 416 109 313 195 271 103 239 58 329 56 477 448 468 465 233 309 465 448 255 174 27 341 439 9 41 58 162 303 44 202 185 54 338 25 6 204 252 284 477 197 162 462 397 228 429 328 265 320 224 63 310 420 336 498 357 160 118 399 384 484 447 6 299 429 435 409 247 334 91 392 346 20 58 421 454 60 40 417 88 323 398 424 380 14 308 169 33 318 464 398 450 450 476 256
481 418 357 437 40 434 257 300 63 8 328 71 227 372 101 195 151 6 356 58 336 413 424 77 138 67 163 302 189 446 416 28 347 333 65 175 269 382 50 407 473 340 269 36 48 387 216 372 399 54 180 156 331 467 319 392 470 494 413 460 27 341 123 44 24 200 63 434 441 297 300 202 291 275 228 12 21 217 291 243 6 399 487 500 388 417 264 443 331 76 403 313 458 71 228 228 146 28 438
166 84 159 408 124 393 407 66 319 112 83 118 142 186 14 253 330 399 164 310 483 286 143 464 105 152 72 72 137 12 30 366 415 142 463 122 197 421 92 47 202 56 358 358 208 296 496 27 336 188 432 446 261 104 332 100 286 293 222 248 41 442 12 53 487 320 380 132 198 51 225 117 125 472 46 40 213 422 380 73 223 111 415 171 492 461 103 451 339 166 401 227 470 238 240 180 382 410 133
238 6 153 499 318 47 25 425 410 52 465 60 297 290 257 163 375 261 332 468 409 231 183 432 45 130 494 456 272 256 413 243 158 451 309 212 186 415 148 38 277 179 69 307 337 44 14 498 426 461 405 110 38 7 42 124 362 231 50 450 479 476 395 362 224 389 480 412 33 383 260 42 433 357 138 93 341 219 236 20 452 138 29 323 435 364 415 398 186 45 339 492 154 376 219 207 158 339 499
215 402 111 180 402 264 385 45 443 487 354 147 424 439 66 203 102 249 356 171 278 78 435 238 3 218 396 430 164 301 411 345 313 170 50 74 270 271 188 368 120 25 146 486 322 76 11 420 300 19 111 157 146 24 271 134 103 431 224 7 458 353 254 456 407 316 318 205 23 277 292 104 477 199 360 96 430 334 8 495 480 146 50 204 283 428 225 222 103 193 80 186 119 217 431 41 357 393 54
35 4 59 426 289 497 471 464 180 464 402 350 24 412 379 475 204 365 350 403 294 87 329 309 300 449 215 180 258 207 345 141 108 471 113 102 272 136 12 285 230 195 26 283 149 172 174 50 381 132 286 216 452 27 211 35 272 444 154 34 457 463 260 260 208 110 187 428 161 486 268 376 392 243 88 408 361 59 468 188 60 281 462 163 455 468 343 491 421 5 265 175 134 378 34 245 3 65 81
345 124 407 342 201 178 259 6 81 92 329 316 453 264 269 483 74 486 194 433 352 294 433 378 74 466 285 277 149 171 301 2 417 83 164 137 308 482 263 495 377 241 247 476 443 312 478 245 57 437 296 143 244 298 236 44 64 216 179 369 313 277 124 460 124 394 26 201 44 456 230 316 65 97 176 415 109 355 74 111 363 78 136 382 369 98 56 451 208 393 86 41 91 186 72 182 49 434 218
238 51 471 193 116 57 454 441 351 439 476 181 452 37 181 492 451 336 409 102 17 312 306 26 420 297 478 135 106 362 479 170 11 282 440 148 332 412 208 290 75 52 130 105 397 295 463 430 191 101 165 89 188 235 301 115 386 138 348 165 392 50 405 213 454 146 360 495 429 368 96 57 375 356 26 492 87 232 153 497 92 332 146 371 445 128 426 337 293 78 489 264 240 258 97 230 419 96 457
397 34 265 320 136 55 439 385 2 90 133 216 105 301 347 211 266 229 88 462 161 101 425 98 312 479 362 149 299 266 352 265 296 231 457 126 490 422 484 428 380 419 249 116 3 127 221 190 113 467 355 156 77 26 210 284 152 51 98 79 468 307 284 446 195 188 490 13 312 344 464 397 492 404 170 166 262 388 148 216 19 480 419 147 281 60 112 368 471 190 203 344 201 6 129 45 142 499 438
127 270 75 275 388 398 30 337 148 187 437 282 340 130 225 461 49 325 183 261 180 343 331 444 365 29 251 133 219 123 308 66 140 308 273 219 222 495 425 95 332 138 390 449 247 157 460 239 138 255 148 344 389 178 429 242 39 422 308 146 487 195 14 335 425 263 394 442 187 106 430 420 292 43 196 170 271 135 67 85 141 85 394 367 129 288 326 103 152 189 125 182 142 124 303 50 101 272 279
4 256 48 163 234 73 432 411 425 308 229 247 431 49 179 168 499 476 433 325 18 313 472 365 458 498 270 36 11 282 353 444 210 135 473 284 264 189 274 13 175 300 344 294 262 287 451 142 485 224 440 309 328 193 252 228 173 80 179 81 263 208 184 253 349 4 439 216 371 154 474 10 77 309 455 388 212 309 270 332 190 24 255 218 365 70 390 334 300 354 21 337 235 10 235 448 315 196 401
20 123 279 190 104 407 318 7 14 241 327 297 319 387 442 88 402 196 30 187 79 37 50 441 42 135 423 115 440 278 105 74 178 475 50 354 130 485 197 216 74 297 116 129 426 25 222 35 238 334 248 396 268 209 299 365 325 483 66 252 112 439 399 74 59 411 122 203 419 254 336 98 155 369 206 368 123 48 308 50 479 433 372 421 150 315 139 432 43 385 398 174 465 51 249 316 202 367 328
124 188 219 203 155 305 171 398 253 347 115 421 443 213 422 413 370 291 222 424 62 128 290 396 28 208 96 205 381 295 351 148 421 219 363 32 438 377 107 324 387 481 230 487 148 244 282 348 128 396 318 482 451 216 343 460 109 318 354 44 147 124 111 226 343 305 216 387 46 277 13 411 344 246 192 254 322 392 269 442 54 404 104 299 395 356 76 159 225 48 273 55 123 35 3 265 213 458 456
375 62 109 137 211 329 366 190 399 143 317 204 99 405 169 392 77 173 20 206 203 34 345 286 150 69 333 297 42 178 378 98 173 59 463 4 324 330 438 312 351 93 59 173 300 294 263 475 224 334 349 486 102 270 298 468 232 216 121 448 88 285 299 478 449 412 463 431 377 57 80 441 430 292 480 109 53 456 361 386 484 376 200 230 348 192 329 129 469 465 210 137 29 214 171 491 77 176 409
447 350 267 132 35 153 152 358 465 144 330 460 32 48 294 306 229 489 204 271 386 211 454 4 51 68 321 363 147 5 481 193 69 392 386 28 195 80 13 172 125 477 114 355 489 382 197 94 44 372 28 81 422 316 150 100 422 488 249 77 409 332 108 252 307 232 412 320 132 161 497 195 184 83 466 44 455 59 343 256 4 400 443 255 420 379 81 128 389 91 220 296 312 161 431 443 37 157 343
454 265 121 237 105 214 8 299 143 135 215 166 342 453 242 394 425 395 198 45 50 205 45 14 472 20 171 462 83 320 313 224 493 358 191 483 27 419 20 382 303 96 384 418 115 288 112 405 403 190 28 260 483 430 220 67 299 261 466 461 175 427 385 277 243 440 88 174 397 250 428 244 82 306 299 55 454 315 369 394 289 213 275 109 355 135 483 467 182 173 473 185 57 112 187 454 231 126 336
240 319 132 2 467 243 472 500 131 425 315 167 268 319 269 96 45 67 360 272 290 38 437 424 331 66 103 316 400 104 448 137 198 137 118 421 400 383 185 292 434 249 393 179 406 228 119 148 128 241 193 38 265 326 179 223 83 36 209 113 300 417 94 384 131 319 167 411 19 68 198 260 138 17 77 439 238 447 38 27 151 437 287 443 137 222 380 90 127 342 199 498 433 185 246 299 474 175 254
148 443 178 211 499 417 225 394 205 64 181 124 301 364 333 203 422 425 348 238 252 344 263 321 321 390 29 172 220 78 133 423 287 385 316 415 103 486 254 327 47 114 170 369 74 327 389 357 207 181 322 407 264 226 172 385 13 278 489 268 262 384 246 277 193 182 382 34 83 295 398 367 344 84 147 343 500 180 357 220 343 354 187 5 18 20 63 158 404 191 376 275 389 101 419 200 106 415 89
181 115 251 359 196 314 386 195 421 462 494 452 6 253 111 248 302 281 61 352 213 468 346 112 291 323 149 198 120 106 126 258 30 407 392 190 389 497 119 308 476 301 189 483 11 348 94 63 51 237 171 202 212 187 359 52 235 68 475 488 93 488 339 378 313 112 125 285 180 337 49 110 66 211 466 439 34 127 462 463 299 230 130 318 364 230 280 280 278 412 42 406 406 297 55 260 319 103 21
49 5 181 328 185 328 340 108 261 40 445 358 302 129 184 255 254 367 444 432 344 146 75 391 5 493 76 209 267 202 364 303 453 439 186 284 185 194 174 323 470 358 287 445 48 7 241 61 175 176 144 217 447 307 371 296 213 371 413 312 476 54 196 46 264 480 402 102 17 40 404 44 240 13 364 319 223 249 294 448 190 203 465 365 220 278 290 163 201 55 271 31 66 129 402 366 369 482 23
300 57 172 146 417 211 10 41 332 74 128 268 330 131 319 345 300 174 93 112 471 459 242 445 97 432 9 342 127 93 276 252 71 44 75 59 356 175 351 338 64 461 315 77 26 245 440 335 334 248 222 99 497 443 431 276 44 75 45 120 221 498 307 208 151 202 212 139 118 11 373 233 222 13 326 262 128 385 51 424 102 339 218 387 169 224 341 232 393 92 353 314 382 223 445 295 322 228 158
245 343 463 220 135 324 335 441 228 138 296 23 110 214 183 69 282 479 360 421 225 419 126 159 120 197 226 256 223 442 12 159 352 201 100 353 493 22 392 399 402 287 406 48 319 71 285 37 40 169 240 356 401 376 161 228 306 350 486 174 97 425 202 55 269 304 169 216 121 263 184 338 123 30 257 461 67 419 75 405 337 136 39 38 413 29 407 494 405 306 12 487 246 209 321 358 100 72 364
328 454 75 123 85 380 258 127 34 456 302 267 277 476 311 418 295 324 96 117 449 380 174 367 499 296 416 422 252 65 164 196 95 448 422 344 205 298 100 403 105 411 94 161 115 236 15 108 273 129 204 241 269 110 330 165 373 3 241 387 39 284 428 185 101 401 463 296 47 256 104 215 461 94 414 443 169 114 293 485 178 340 212 239 238 407 375 45 138 279 383 164 215 203 472 449 4 447 318
189 2 452 461 431 172 197 232 335 237 232 148 107 218 338 230 387 438 114 349 46 279 121 17 446 9 338 412 440 437 240 170 17 123 76 53 57 164 494 273 22 311 4 384 264 361 95 480 44 201 204 231 73 492 370 286 430 250 393 405 225 222 360 164 461 401 354 424 219 172 326 287 439 396 341 35 446 79 29 76 429 333 465 391 486 42 151 235 216 206 101 412 344 41 10 338 6 183 72
192 255 123 204 72 135 331 327 152 365 143 108 193 135 141 323 53 327 188 468 293 454 173 453 238 167 364 132 52 462 51 446 316 391 448 43 314 339 45 291 100 233 164 330 241 25 283 430 183 427 253 480 425 304 168 235 466 75 169 138 269 298 317 381 265 72 478 417 169 475 188 348 474 283 110 498 289 19 76 100 385 348 249 1 31 192 123 351 356 293 137 212 336 34 51 391 254 311 332
223 225 307 239 346 431 442 106 485 39 194 257 147 97 307 210 49 229 195 408 74 449 101 157 143 218 5 298 224 207 485 62 32 242 214 99 313 317 192 86 488 358 275 74 479 33 148 355 333 485 359 449 416 158 13 266 133 211 447 197 102 443 116 31 104 403 373 213 476 487 375 42 354 294 80 87 265 86 357 138 296 405 168 304 384 463 293 131 355 55 234 107 393 480 223 317 61 227 462
358 234 201 437 226 321 13 342 77 264 25 211 108 310 460 447 175 231 347 30 489 406 338 72 409 40 410 307 373 36 12 104 244 26 339 188 333 337 95 407 296 254 380 397 124 109 185 205 393 108 130 394 62 404 445 272 17 238 464 93 145 392 72 421 459 382 124 490 405 96 18 46 186 132 335 445 428 204 164 235 494 321 192 469 463 55 461 192 31 438 143 473 204 268 389 431 381 361 466
355 409 364 176 368 262 112 443 431 72 254 394 412 299 291 133 131 370 347 100 479 154 50 467 87 280 289 361 407 452 216 468 146 409 333 133 77 341 217 268 464 298 275 295 424 433 422 61 80 311 170 61 383 474 285 49 493 318 76 98 466 422 432 427 289 49 274 374 68 448 114 413 185 429 427 41 101 338 392 306 71 358 465 296 111 44 471 178 234 406 381 197 152 82 199 290 271 190 146
154 100 208 445 302 444 452 459 125 391 241 128 208 282 291 357 245 361 466 60 224 148 197 412 479 341 403 417 463 495 335 196 24 453 379 296 321 5 132 320 488 28 470 191 225 184 302 372 331 320 217 256 47 197 11 308 456 380 136 231 186 424 238 156 112 359 126 477 448 85 31 194 192 340 14 131 113 174 448 164 196 43 291 493 252 436 249 276 159 159 23 15 296 24 288 134 364 32 310
349 329 249 105 412 352 462 156 414 288 426 87 119 299 163 189 180 296 65 71 448 403 471 77 94 431 330 236 322 16 6 202 415 405 308 269 287 372 55 154 127 280 116 442 62 379 478 134 217 163 345 399 388 287 349 44 143 162 162 422 93 6 5 9 358 376 494 408 399 492 192 266 121 396 463 321 171 242 350 361 282 498 44 414 492 389 89 42 8 107 124 88 348 106 175 104 460 497 37
100 273 379 320 69 275 97 411 18 282 127 182 499 237 208 294 466 122 299 222 344 73 166 329 389 282 439 372 348 66 366 468 9 276 355 83 372 272 453 68 395 222 423 151 469 181 197 322 83 460 277 131 123 126 71 136 469 397 195 211 310 473 474 242 250 329 394 220 267 479 428 409 278 468 141 223 372 220 370 364 487 45 187 346 221 453 228 484 317 473 68 496 394 366 358 39 237 312 235
475 469 292 86 154 206 81 96 153 406 382 14 317 399 484 261 64 286 222 10 353 110 118 405 268 100 29 146 116 452 13 291 338 111 192 155 358 4 61 53 255 313 68 223 496 476 9 474 63 438 33 234 105 83 289 154 339 255 51 14 81 137 253 358 104 431 482 293 276 452 65 132 375 61 188 4 198 125 232 437 384 314 247 239 151 155 290 91 456 180 440 82 54 377 16 150 458 139 408
157 289 381 283 466 168 113 472 168 37 172 43 372 365 319 330 429 77 100 384 279 20 370 326 281 415 384 184 123 92 494 349 279 267 408 291 110 2 95 445 235 74 166 234 152 297 119 197 95 276 179 431 23 419 212 317 212 275 182 21 330 404 280 237 125 323 354 316 133 359 219 451 315 435 352 296 353 474 340 456 52 196 470 214 14 231 27 428 139 53 128 48 53 329 310 478 391 342 36
49 13 496 127 205 252 274 53 449 449 364 177 350 236 291 151 310 48 93 41 217 73 110 417 46 296 341 178 417 463 251 475 158 412 207 233 129 209 405 476 48 256 353 120 181 341 425 24 447 415 478 2 1 234 276 322 139 154 297 240 403 402 278 491 455 47 396 182 481 15 164 461 284 285 246 279 23 403 296 361 483 34 455 48 390 406 209 425 335 417 373 488 161 105 79 262 275 108 295
313 351 10 83 224 162 345 147 249 360 246 90 380 493 61 136 134 187 335 405 130 410 284 401 312 416 55 267 221 89 254 76 16 256 162 237 294 435 416 169 369 169 204 277 394 360 54 143 105 350 161 180 160 166 105 284 430 415 187 138 364 298 50 127 187 436 369 224 316 169 112 265 418 67 127 138 183 291 322 371 471 99 120 369 359 78 184 204 442 441 155 146 458 76 64 433 286 225 301
168 282 364 325 430 435 458 2 439 3 222 165 14 45 149 308 475 110 486 139 377 336 469 38 332 155 385 402 46 207 129 30 20 249 433 173 306 223 93 6 217 62 332 368 472 354 18 129 321 452 184 425 32 459 354 437 414 173 484 383 277 428 452 306 201 52 296 25 66 181 258 141 327 181 301 190 319 351 187 6 169 147 422 457 236 25 404 214 371 96 464 216 73 179 342 233 82 178 440
432 419 302 98 32 198 231 51 392 211 135 27 132 191 129 394 266 408 95 39 292 238 59 341 363 87 389 490 175 336 495 352 369 121 464 269 377 122 285 24 455 160 416 393 250 17 342 377 201 273 461 496 188 101 182 393 492 494 446 374 206 443 104 60 443 275 265 308 398 235 244 376 187 238 127 491 383 11 399 411 235 437 260 249 281 157 150 383 403 156 109 310 33 483 153 408 190 148 466
319 350 393 158 241 112 483 352 202 386 36 365 30 176 189 105 292 1 330 422 232 238 444 144 48 7 402 305 289 338 273 93 449 183 24 231 139 217 200 290 318 183 41 181 66 476 308 388 8 328 244 214 50 83 491 439 340 170 146 93 188 145 481 356 457 117 234 69 218 421 463 57 329 344 440 491 371 142 359 208 233 211 246 311 83 162 312 331 462 113 47 184 364 428 9 68 368 109 445
82 474 438 180 487 127 484 496 318 371 310 199 13 315 156 192 313 433 465 51 404 150 363 486 186 308 236 445 446 177 397 143 206 296 230 34 88 157 236 45 401 79 467 50 297 296 281 459 377 91 330 102 40 481 175 273 287 44 23 129 156 490 221 105 65 347 185 326 108 106 476 372 248 89 382 233 271 286 165 284 67 258 85 232 429 108 303 428 135 365 313 173 195 212 201 35 344 363 71
287 283 311 231 167 219 192 448 230 130 404 155 68 166 441 499 22 55 405 360 487 94 196 431 142 470 35 365 224 316 75 264 298 77 212 137 471 333 431 232 284 350 186 251 152 254 24 350 169 475 404 31 83 87 166 344 248 125 115 73 191 314 38 52 159 358 416 177 405 261 36 96 258 86 150 201 99 191 23 295 407 239 85 326 118 349 83 251 250 40 289 129 45 270 317 162 393 449 285
373 114 66 146 149 370 404 166 355 404 352 429 309 48 216 144 68 186 435 134 32 478 146 469 107 200 39 230 74 107 149 460 296 145 150 497 113 369 300 184 303 45 35 132 223 308 283 1 54 220 296 32 400 356 175 150 147 140 249 447 332 442 410 173 498 398 446 335 397 477 103 449 69 272 72 95 129 427 406 429 280 311 209 214 29 456 445 320 60 283 36 291 287 497 273 409 416 411 140
476 426 79 377 262 346 141 406 189 474 188 244 321 57 15 125 171 39 427 150 118 470 338 207 159 128 396 109 432 434 416 225 319 138 308 235 103 491 448 468 489 58 27 68 427 212 56 203 459 2 485 327 318 428 77 261 209 125 206 308 139 148 416 169 91 486 444 339 133 476 199 78 215 494 350 179 162 204 101 61 333 119 251 288 418 134 474 164 477 237 83 253 352 134 485 342 133 406 48
151 181 197 261 385 26 95 329 189 499 127 345 130 493 25 121 494 219 215 266 305 182 135 38 102 11 232 431 54 431 402 196 178 237 198 375 163 21 203 363 407 396 369 492 379 70 122 212 271 237 394 2 465 230 5 389 328 103 388 465 174 429 147 101 206 134 99 104 213 294 339 247 3 206 355 420 457 377 365 244 465 27 54 277 445 151 389 215 497 53 456 53 242 368 252 79 108 180 404
321 336 394 483 470 76 461 419 235 220 255 234 153 184 318 138 50 160 350 222 463 227 140 236 305 5 387 466 80 10 94 288 260 110 144 61 404 296 253 364 86 253 164 335 61 236 331 391 460 134 451 372 425 48 363 240 244 183 348 44 406 148 363 374 325 477 282 420 445 178 470 85 17 193 453 155 464 84 82 454 324 382 373 106 68 483 305 246 376 153 318 387 374 343 198 286 423 148 53
99 493 37 222 387 236 484 331 446 128 98 458 378 372 159 137 104 319 394 117 500 388 393 470 310 328 183 314 70 423 127 92 274 17 272 195 21 209 207 103 338 381 305 190 108 207 454 43 23 369 364 204 450 300 490 384 285 90 254 219 202 151 37 199 3 220 106 333 403 222 125 276 422 451 463 410 170 105 266 221 116 360 225 195 333 13 268 321 493 266 54 422 189 155 12 127 410 186 42
90 321 140 289 101 159 42 256 181 124 401 271 148 364 202 159 310 379 28 229 422 457 316 435 342 351 210 195 262 154 327 185 6 142 247 391 136 158 344 187 55 3 129 158 455 202 490 177 45 387 423 361 259 203 401 334 160 168 316 2 293 26 184 463 2 203 330 176 102 486 130 143 301 96 436 30 358 129 230 45 82 93 499 33 334 341 223 325 229 178 313 486 95 497 298 182 339 359 20
222 343 156 409 274 461 320 182 110 225 438 218 497 343 80 29 282 493 482 215 134 373 87 378 398 220 403 412 213 293 479 436 121 265 37 25 164 413 179 186 36 103 59 446 174 384 351 181 103 44 466 495 184 257 56 188 167 468 218 500 268 455 313 224 367 415 400 426 350 469 404 478 233 90 487 266 144 496 9 56 164 455 76 365 421 185 217 245 448 72 116 294 227 255 328 47 256 200 372
70 266 42 99 384 378 347 95 103 228 103 308 286 16 184 318 242 379 285 450 485 215 380 455 70 159 41 130 246 87 61 473 115 233 22 263 123 310 335 336 161 41 224 460 445 380 170 153 183 151 87 404 6 410 121 300 466 150 322 94 423 274 119 98 424 36 477 278 289 237 322 263 231 455 116 84 145 267 142 55 441 237 301 132 241 103 404 261 130 300 251 309 488 245 419 489 241 281 265
343 238 447 382 312 476 278 19 401 145 7 270 242 460 369 103 298 312 149 427 298 411 278 20 38 281 37 500 295 180 459 179 157 267 123 30 193 394 329 387 134 86 3 227 470 76 477 385 482 460 192 214 43 337 210 338 144 321 327 253 381 248 471 97 382 448 129 307 393 311 258 265 228 125 95 110 492 397 229 128 325 340 266 479 425 434 241 383 446 140 279 186 428 321 450 432 62 30 434
135 23 16 307 416 7 473 12 252 270 480 366 230 314 184 201 324 472 436 385 236 130 405 15 356 245 110 331 194 443 437 139 260 138 276 73 480 337 416 469 403 318 473 58 269 301 93 84 387 49 489 447 222 372 107 400 458 370 198 262 295 404 466 268 389 407 414 86 468 200 468 59 271 272 47 433 363 309 293 260 42 77 464 199 426 285 52 6 256 304 492 177 266 356 250 176 479 32 467
10 478 103 214 320 409 481 72 347 431 375 271 41 217 79 205 328 23 234 304 138 396 299 353 52 368 470 141 100 383 202 74 445 278 230 360 101 313 425 317 156 236 42 47 204 358 198 116 132 452 68 175 500 347 65 89 322 36 5 109 164 207 356 239 50 500 2 115 430 368 446 280 334 330 340 228 283 159 395 334 54 156 119 177 127 175 491 79 481 162 207 109 234 394 289 32 70 210 429
334 224 198 349 395 26 105 458 70 44 143 127 482 139 92 395 62 304 145 71 18 487 86 144 218 246 278 384 32 261 120 198 255 19 9 3 402 133 488 461 11 241 202 345 248 304 37 327 7 211 33 494 57 79 472 498 483 392 466 169 285 315 151 190 424 363 356 169 101 158 166 308 293 173 245 104 356 290 78 390 28 272 448 329 105 11 156 434 134 363 268 178 57 199 425 137 318 86 477
