99 99
238 170 301 396 225 444 472 133 206 476 100 429 72 77 444 422 177 214 48 100 466 467 383 470 110 153 441 298 362 87 265 146 169 80 381 370 393 314 292 288 132 330 339 385 158 128 50 302 130 415 391 351 367 340 412 169 271 19 204 240 151 329 449 439 48 6 220 303 332 51 29 62 29 72 426 453 122 456 462 493 151 372 70 470 160 82 321 59 2 67 59 6 34 287 34 45 18 174 131
140 1 395 255 97 459 226 349 11 233 277 111 121 195 323 76 434 40 290 285 220 309 7 137 426 295 338 396 304 428 37 253 214 48 23 17 119 116 320 489 411 393 172 442 257 378 450 153 331 176 49 420 85 452 207 426 311 428 47 387 373 460 274 8 54 100 253 352 374 287 204 492 397 186 441 386 78 329 353 110 478 41 453 355 257 110 280 29 229 388 257 173 161 11 183 22 123 40 100
466 416 375 130 114 385 421 195 289 10 482 230 165 373 197 161 176 208 81 65 289 47 275 375 336 295 232 24 16 413 253 321 439 421 472 333 201 80 11 112 304 114 345 10 242 491 169 183 270 191 79 424 479 96 293 104 1 426 171 465 16 206 168 458 44 38 289 144 308 432 396 21 44 406 219 394 487 15 109 66 121 134 127 188 297 217 259 357 220 297 459 354 77 297 23 470 290 31 219
328 88 359 191 236 355 365 379 99 395 288 280 351 245 85 309 466 492 90 286 50 378 392 478 356 275 255 264 176 124 405 296 135 35 212 119 489 424 68 289 80 77 355 261 28 53 369 330 87 357 60 406 206 256 415 403 112 449 227 301 323 4 486 415 230 407 57 323 186 345 297 472 346 155 231 195 189 236 292 397 213 208 171 91 349 372 177 86 178 44 244 395 446 173 295 305 424 57 269
141 430 396 215 429 321 190 354 67 161 189 338 275 196 457 132 55 366 365 423 37 48 169 308 373 360 415 95 404 446 457 279 191 455 395 210 118 500 419 258 473 259 134 383 30 328 132 319 302 438 280 125 260 82 287 64 453 492 138 407 244 388 221 465 2 13 54 1 230 477 15 137 19 307 111 454 448 484 31 249 344 365 91 172 211 109 374 37 144 451 308 456 207 129 186 212 268 26 102
272 457 229 209 427 344 314 258 326 71 21 14 114 270 117 316 349 140 265 252 143 38 243 480 89 179 492 379 369 429 428 381 24 432 379 59 387 465 254 11 94 193 376 90 372 283 316 263 143 103 421 357 42 88 153 24 440 161 43 367 63 267 340 414 388 341 221 296 154 385 247 112 270 377 121 48 106 405 475 423 338 112 65 214 75 113 365 411 120 249 100 229 106 15 417 451 375 492 10
417 79 465 414 178 181 372 163 402 424 290 363 7 185 362 426 85 316 85 463 27 344 165 337 59 499 89 293 132 107 87 194 239 493 178 388 166 55 150 316 403 192 482 373 43 112 406 140 460 368 66 253 492 135 98 90 213 104 320 13 406 210 114 165 236 151 151 20 206 384 79 131 474 218 185 342 21 160 456 338 346 445 84 407 314 198 349 250 87 293 47 67 299 300 75 392 144 352 414
91 395 331 263 154 164 124 445 66 354 379 200 273 194 28 140 268 240 407 416 393 216 210 438 88 194 396 466 357 336 456 346 268 134 441 292 192 78 372 257 289 329 49 242 213 312 251 438 469 443 204 456 352 188 280 113 148 236 468 212 254 458 240 80 119 31 192 474 299 36 458 479 438 197 58 422 184 348 215 302 211 177 163 66 207 484 248 145 124 123 243 66 217 19 18 126 300 33 138
88 152 30 391 313 434 448 257 90 73 101 456 77 226 332 136 435 153 331 174 16 100 392 473 316 146 365 73 269 500 153 101 316 268 2 60 357 253 138 185 20 98 84 464 100 146 279 164 157 500 434 62 76 420 212 365 258 382 298 331 84 251 75 434 347 453 429 72 219 148 170 353 198 471 476 297 266 86 411 119 166 161 433 43 335 205 236 254 109 10 297 261 467 418 165 192 134 481 265
146 384 226 484 74 69 223 350 275 347 44 336 341 296 448 101 378 472 36 12 451 126 101 217 175 259 87 3 439 359 54 323 277 297 443 351 135 314 412 209 479 221 123 353 324 331 466 360 11 355 174 154 94 371 452 145 416 11 363 389 169 52 63 292 203 68 403 360 126 365 213 412 201 234 104 437 478 379 404 196 89 234 414 93 16 326 47 307 102 236 335 391 312 357 450 352 23 250 449
187 247 427 319 19 148 138 440 249 432 95 119 334 369 23 424 219 483 499 320 151 36 491 317 455 172 114 97 383 31 215 138 408 94 305 76 272 232 127 416 436 229 473 356 287 261 447 65 448 31 472 329 189 326 408 207 252 38 220 321 86 56 58 99 112 393 129 14 291 232 321 302 99 296 138 493 92 319 462 65 470 467 485 82 203 436 282 294 460 89 452 319 243 83 8 250 469 51 31
40 283 455 303 174 374 69 484 328 314 372 277 429 284 32 116 367 24 452 85 122 210 245 428 225 496 404 367 239 226 432 477 446 298 163 289 320 115 454 440 117 50 490 231 478 157 10 261 408 326 473 166 72 125 46 152 230 393 226 25 234 479 90 200 283 389 177 138 428 275 51 170 486 341 476 456 46 204 102 169 261 342 76 26 270 310 416 123 370 21 61 140 489 29 462 361 51 176 160
224 297 396 384 38 28 296 277 93 481 237 358 27 3 200 80 423 330 305 425 475 322 285 307 359 1 118 115 187 107 201 188 269 75 395 102 382 478 121 457 90 56 198 288 172 122 31 282 360 142 193 115 212 97 463 147 9 211 174 319 255 52 285 478 289 70 498 458 310 293 186 390 146 83 349 185 195 121 277 273 303 82 121 295 50 401 175 193 498 481 434 288 336 67 352 190 330 421 240
219 346 24 40 235 243 345 65 484 394 460 10 380 131 487 292 16 11 465 498 392 199 156 71 210 245 405 292 45 401 127 66 156 136 163 469 259 214 318 277 377 257 133 338 408 3 156 476 209 335 225 425 325 19 283 88 215 245 124 279 57 305 65 438 391 389 494 131 314 145 286 139 62 178 23 133 192 174 351 453 475 86 185 12 124 64 473 249 161 211 32 115 216 434 453 389 484 172 51
474 402 14 466 12 158 22 111 185 374 70 409 212 355 492 330 65 320 383 374 219 323 373 5 195 495 499 184 332 135 194 162 338 173 43 383 225 140 174 31 301 4 182 375 179 181 36 427 401 308 408 57 23 289 383 412 498 396 34 347 460 213 84 125 25 205 12 427 304 86 383 452 159 19 226 333 223 93 11 136 67 438 423 249 404 164 331 274 171 365 149 17 112 207 211 453 92 242 195
99 36 188 21 237 108 474 387 378 128 385 249 105 315 458 246 340 145 368 91 353 49 298 453 28 178 28 444 362 217 222 197 297 481 24 314 64 434 320 28 107 164 70 17 87 41 99 140 376 73 318 183 228 86 63 494 71 397 482 309 474 335 279 150 113 68 35 247 190 335 482 441 438 43 185 221 23 361 183 198 322 314 160 353 496 277 153 224 37 61 147 56 35 147 63 294 156 167 471
234 7 259 116 13 256 249 88 129 249 207 449 144 300 425 222 82 356 311 384 419 413 400 181 94 141 115 490 30 199 41 179 156 32 409 278 47 486 399 61 205 333 288 28 196 175 348 489 463 329 148 193 168 262 284 187 367 350 49 13 274 164 493 117 155 242 78 159 14 351 72 307 20 409 360 462 38 329 471 425 237 383 104 225 296 117 123 29 288 80 28 471 481 478 429 275 215 132 437
464 246 442 274 122 258 222 336 26 366 432 172 139 227 306 400 179 112 161 220 441 74 357 351 226 175 117 348 406 228 282 464 282 377 340 465 126 498 275 358 408 72 363 455 383 455 155 124 225 356 150 179 278 22 73 164 425 246 234 79 454 200 480 68 8 70 302 71 489 216 241 372 143 70 396 83 133 40 438 162 153 454 167 399 367 254 273 264 59 49 437 86 168 459 372 398 264 89 31
68 202 25 427 50 446 390 55 429 283 468 377 172 410 152 35 335 395 2 217 195 115 423 400 209 221 257 195 344 477 103 213 177 170 293 283 6 144 187 77 156 50 77 58 205 324 306 141 317 494 486 353 278 27 227 300 302 265 31 384 250 470 447 41 239 110 58 59 341 138 76 225 379 108 485 55 35 83 101 35 366 349 389 486 452 174 117 1 428 498 449 483 426 335 109 34 85 291 312
252 319 15 71 160 228 35 338 85 352 3 214 379 77 317 12 167 260 107 476 442 203 366 334 327 363 319 470 407 291 52 265 97 344 63 35 273 271 2 313 399 490 399 462 390 5 60 283 153 378 143 152 481 57 139 168 361 394 408 283 300 290 269 46 336 341 22 142 9 242 400 288 280 366 221 206 39 454 215 497 433 494 436 488 163 162 211 266 119 451 389 381 126 246 217 153 309 293 388
208 323 173 98 285 210 231 281 492 133 29 422 260 287 182 396 79 371 311 89 227 263 162 240 292 409 73 45 249 293 111 494 13 257 386 206 299 165 98 109 406 68 399 387 468 321 491 361 346 112 381 383 228 167 215 270 438 101 396 391 374 185 228 387 240 39 253 100 407 158 295 363 417 164 247 248 137 275 19 326 31 327 267 374 296 105 478 159 18 456 280 250 488 232 278 50 185 112 354
281 443 43 202 434 400 437 356 13 281 145 490 414 112 20 334 19 60 113 57 322 51 400 340 142 101 105 289 456 269 378 420 56 178 455 158 179 341 131 280 304 339 71 45 431 276 230 481 193 440 67 31 236 499 455 430 194 117 179 65 231 60 401 62 471 42 254 204 72 384 308 322 315 465 211 184 265 278 170 182 70 67 398 100 490 232 238 361 364 449 141 201 181 414 14 51 320 303 104
459 403 223 494 398 209 411 353 243 339 393 151 239 177 132 456 99 118 329 416 460 335 318 341 91 332 459 290 410 141 276 455 215 37 480 227 266 425 173 133 325 335 29 48 207 114 310 381 228 273 375 327 41 146 264 499 390 458 109 192 44 309 57 193 227 95 461 284 89 455 472 176 308 110 225 341 471 316 479 414 444 43 35 136 246 257 338 66 211 492 131 2 83 35 111 410 123 381 78
189 255 472 101 407 202 90 442 264 55 265 427 57 284 148 458 288 395 228 352 486 478 378 352 156 491 377 107 231 414 253 426 434 441 326 224 370 425 446 194 328 202 287 290 12 292 9 460 125 397 122 182 246 310 349 138 376 240 145 236 413 494 144 237 390 287 128 496 291 191 23 368 497 279 364 96 163 296 459 483 293 384 328 292 195 62 412 277 239 28 91 169 302 204 229 466 395 160 49
454 148 465 373 221 150 409 27 486 391 360 105 477 75 234 149 401 484 368 184 232 269 375 427 500 463 159 110 192 261 139 26 363 276 493 10 57 378 196 478 339 298 122 80 256 398 223 378 456 283 370 187 244 220 472 255 145 459 238 89 201 271 390 104 217 106 246 374 133 106 101 71 315 327 276 181 440 53 247 366 225 261 134 481 264 464 203 499 199 166 111 46 231 187 257 364 473 208 279
482 42 478 108 363 369 92 475 334 293 183 181 109 456 472 421 316 183 277 347 474 347 256 230 39 279 328 96 206 246 15 160 62 379 123 112 396 355 240 451 457 42 27 255 395 113 288 237 408 318 339 41 13 27 327 98 319 176 411 226 97 461 168 424 262 117 117 297 484 167 74 223 266 345 487 213 166 364 291 388 455 401 79 462 419 405 286 427 442 81 377 367 95 422 275 403 146 46 246
386 172 225 423 325 350 102 19 455 80 483 197 458 201 316 475 294 252 75 284 370 100 486 389 446 93 212 178 412 13 34 101 57 24 107 217 3 419 272 92 288 104 175 403 497 27 401 204 372 399 396 477 191 362 117 103 490 279 326 268 336 287 198 156 202 125 187 144 375 206 314 219 221 193 397 138 413 113 169 285 500 74 172 341 446 266 75 97 168 223 165 391 277 438 28 135 333 319 149
187 108 338 163 329 394 345 186 489 24 130 246 347 259 258 256 242 384 473 418 429 120 221 77 158 12 196 89 250 405 3 500 447 320 494 52 464 376 422 126 162 173 96 321 237 175 169 94 53 252 408 90 72 215 343 440 285 282 183 365 428 406 369 369 312 238 28 495 202 27 202 344 392 240 316 152 212 265 330 469 348 355 437 68 432 141 15 28 126 97 221 228 171 111 422 358 138 54 12
338 277 33 131 46 461 67 430 437 455 264 393 240 426 215 244 403 474 279 135 301 150 248 291 426 288 335 2 387 494 279 309 58 33 305 349 257 135 278 401 171 32 192 58 194 78 339 156 187 405 188 404 60 31 36 26 133 374 387 426 69 121 403 11 293 265 461 203 110 5 191 318 379 114 281 476 134 429 219 221 322 93 318 420 368 19 247 157 243 228 439 376 429 461 141 192 10 387 245
389 360 264 150 290 353 128 464 168 21 161 245 100 290 481 64 440 174 441 278 185 49 64 242 236 96 333 306 403 32 285 173 30 82 307 146 467 198 458 394 486 111 303 482 157 384 123 383 360 316 359 418 311 474 242 58 283 340 286 189 101 118 445 65 483 338 414 69 289 341 361 152 495 419 183 312 155 74 168 12 69 100 255 225 450 413 193 454 278 363 450 80 400 48 86 415 263 139 380
77 467 361 64 165 179 306 433 132 364 9 288 161 384 186 218 92 465 339 468 152 377 387 66 287 80 490 156 48 7 390 459 10 276 324 423 168 165 178 67 437 267 349 243 460 322 292 424 336 373 363 393 44 316 402 378 404 57 114 437 148 288 37 113 108 200 95 425 66 360 106 462 134 260 388 378 278 412 266 209 429 491 325 186 188 149 260 287 452 285 108 497 476 236 483 373 234 287 267
457 483 61 485 265 42 129 386 36 250 149 478 251 180 133 482 108 152 104 197 36 492 260 196 223 125 390 259 314 289 459 439 171 166 176 174 455 172 215 52 104 205 57 88 139 98 489 39 308 273 127 111 271 401 109 199 167 69 214 374 33 439 101 32 279 464 95 90 478 62 325 112 165 222 151 433 424 247 17 107 491 198 79 43 87 182 352 327 275 92 90 447 115 192 328 16 442 498 1
60 315 457 224 80 248 246 431 357 6 168 363 112 257 231 237 380 435 280 472 465 47 155 187 27 434 341 351 260 195 495 202 105 49 234 262 384 296 48 484 33 275 174 429 16 213 156 222 208 213 81 3 492 388 495 401 275 355 67 465 152 439 90 424 127 156 127 433 317 329 270 313 44 439 203 102 260 237 256 446 323 354 81 258 431 500 262 393 282 2 31 27 215 103 448 208 457 129 479
215 121 96 352 373 271 398 99 156 263 295 402 348 483 446 165 63 440 341 28 14 388 35 76 340 319 307 9 200 433 291 254 68 8 399 14 248 441 181 62 420 375 188 25 400 134 294 127 182 316 378 131 170 301 324 165 460 363 221 71 108 1 70 237 193 47 3 425 150 434 42 416 37 389 358 69 19 214 86 56 455 454 28 345 349 34 282 312 388 92 58 395 343 465 480 150 122 296 435
314 254 40 204 384 136 7 321 257 304 404 462 23 117 484 284 141 5 25 219 75 362 62 284 73 400 181 356 388 391 214 379 313 371 234 362 150 384 58 488 144 215 267 325 411 254 244 84 315 130 256 442 451 321 414 276 208 171 276 253 319 500 387 370 495 287 54 248 325 38 110 315 458 336 221 223 358 24 9 293 79 308 88 335 170 214 332 301 447 241 470 419 494 214 270 498 311 408 18
443 405 104 128 181 314 313 60 482 276 290 476 181 214 415 286 326 439 89 252 490 491 375 78 162 249 43 454 184 16 493 428 223 56 52 424 7 108 8 423 249 46 246 389 194 339 228 322 145 100 251 442 468 80 448 303 57 293 493 16 226 21 195 37 240 198 162 399 158 152 67 240 370 330 409 37 96 61 404 465 197 486 378 372 451 91 295 341 19 34 46 491 495 11 389 343 65 86 311
149 153 251 136 413 49 242 53 218 48 299 461 401 197 396 181 176 281 345 182 318 344 154 39 70 35 155 131 135 444 437 429 135 117 136 348 353 463 95 487 206 385 222 399 240 429 267 280 162 424 86 229 171 234 442 283 449 312 150 277 253 311 292 22 7 95 177 121 42 416 362 492 407 176 283 235 45 67 366 222 173 241 470 416 87 487 291 295 343 144 147 169 125 15 150 248 286 308 156
210 28 160 458 174 6 367 182 450 200 101 261 274 34 245 437 480 290 183 282 204 27 173 196 391 355 230 200 95 299 494 247 411 197 262 376 16 469 30 417 420 472 395 444 377 379 57 80 321 256 82 469 252 370 342 451 64 477 398 73 267 322 351 108 467 425 106 242 121 388 304 33 15 107 338 10 74 445 388 178 349 396 328 440 210 326 52 489 147 114 459 81 246 231 397 84 400 153 42
380 427 80 49 190 485 11 278 290 48 467 392 285 62 242 206 456 173 273 480 241 129 17 76 87 67 311 27 327 72 178 160 47 305 241 62 236 161 422 307 196 299 185 360 244 67 125 198 34 131 386 332 190 430 284 351 242 176 200 94 326 140 275 237 218 360 161 443 176 120 88 476 313 254 115 6 79 40 125 43 195 51 115 15 304 105 8 315 165 278 9 105 206 272 56 364 230 298 119
50 8 122 152 367 364 65 390 347 154 106 25 434 340 393 412 219 272 280 301 157 28 250 109 488 250 423 454 119 42 222 408 39 66 412 435 43 448 281 340 360 409 151 285 224 394 325 285 115 2 107 406 205 311 289 277 239 356 435 410 147 389 500 87 324 494 342 483 20 220 128 8 370 121 30 457 308 268 99 372 127 129 472 322 343 235 407 108 5 234 420 202 465 305 99 2 273 166 470
370 3 179 186 54 116 61 191 237 56 55 387 476 9 184 444 227 160 333 452 9 395 342 330 215 173 169 144 452 352 150 94 8 125 93 432 185 157 451 3 12 307 331 389 176 461 302 447 459 282 379 493 259 339 443 28 231 259 457 378 467 205 424 86 175 136 302 437 91 283 38 445 467 202 315 499 498 379 61 457 291 253 385 453 83 138 307 277 424 242 42 104 326 278 212 446 201 96 367
101 78 314 9 385 480 465 274 108 209 196 405 304 467 273 333 133 103 473 276 24 165 57 166 167 160 313 331 452 196 284 353 391 70 196 493 6 78 117 106 245 397 394 453 169 305 404 297 313 321 168 498 253 281 335 388 65 82 264 40 387 397 162 97 307 404 137 413 430 38 440 400 218 458 366 162 417 195 292 453 246 259 191 48 462 401 276 367 275 493 79 448 263 178 102 376 59 151 44
252 395 141 358 361 87 122 109 12 158 409 106 105 43 78 422 293 28 489 50 227 74 15 220 401 412 50 240 413 431 31 466 152 264 146 249 367 118 436 487 130 195 46 398 302 193 45 11 235 123 306 295 71 52 168 73 284 163 61 175 469 497 135 176 4 59 114 260 431 11 201 277 439 425 296 128 420 451 483 241 491 468 378 366 162 158 24 371 53 319 31 403 445 324 236 11 339 389 60
126 341 1 64 193 493 193 357 309 353 296 493 125 43 93 446 155 446 486 255 387 196 373 4 208 90 265 11 241 232 268 181 8 127 335 263 28 155 421 117 203 469 493 354 40 379 101 224 148 96 453 490 489 357 109 429 365 95 350 308 423 325 410 105 12 25 217 13 459 116 360 251 169 286 209 287 301 16 247 353 189 383 357 127 328 148 113 34 291 206 388 140 161 264 260 107 97 483 17
233 393 354 492 312 260 12 269 363 42 7 248 27 388 407 235 196 131 235 441 138 86 382 463 189 205 333 204 403 268 298 164 145 204 356 252 142 496 126 380 466 393 79 142 205 42 364 55 365 146 227 12 161 117 308 423 43 302 465 431 154 458 352 434 108 188 414 350 22 395 362 323 329 241 354 58 2 39 55 147 126 22 199 344 462 102 308 163 41 142 96 381 458 216 444 357 388 187 362
207 250 23 85 440 449 412 243 154 407 118 48 96 34 292 323 147 100 398 331 139 430 113 231 184 309 334 480 306 52 431 148 53 330 446 302 2 387 140 93 7 6 338 333 441 454 107 160 278 2 262 368 160 54 48 179 197 106 28 307 364 333 220 84 494 274 460 441 373 347 105 243 458 438 366 298 279 458 431 218 421 83 403 349 99 128 114 135 202 370 409 354 344 390 323 250 160 483 387
79 338 447 417 497 207 255 189 479 148 351 101 114 434 295 462 215 348 109 410 162 189 385 312 411 194 272 400 170 500 300 397 166 15 67 362 128 377 321 270 424 456 234 393 46 491 142 327 141 288 268 308 28 388 270 206 343 126 35 434 406 485 470 248 332 497 366 362 273 455 302 202 413 161 62 63 273 285 381 32 19 95 328 54 408 467 167 360 167 252 179 166 67 445 391 327 378 283 206
285 436 434 195 384 420 334 398 244 304 432 371 42 47 92 325 444 61 322 284 5 23 305 210 132 264 418 272 129 74 269 407 452 141 488 53 211 483 321 143 316 298 390 386 176 327 97 226 379 126 411 403 106 82 261 385 397 252 149 182 244 277 30 120 324 469 170 64 56 476 222 281 248 413 184 137 442 496 416 97 250 423 419 265 54 200 106 457 76 408 288 491 352 174 414 453 279 167 359
66 467 479 125 329 272 297 374 310 217 23 69 112 234 189 154 40 164 495 86 79 185 195 26 463 133 317 92 321 72 217 239 287 95 358 160 59 376 384 288 296 398 54 412 359 249 260 239 498 289 216 211 208 22 159 350 247 177 316 222 35 25 10 47 261 392 109 49 401 464 164 27 61 222 437 399 149 448 260 53 385 300 46 52 132 266 319 204 479 497 83 449 52 218 107 335 221 335 81
147 333 449 17 27 289 264 207 22 389 173 155 232 262 347 12 421 15 282 434 267 134 432 332 213 12 148 456 498 254 336 410 325 160 310 229 451 231 441 266 289 340 149 384 429 386 103 264 54 349 368 331 220 169 421 57 421 274 482 394 222 168 419 413 13 192 449 475 362 405 291 370 382 45 79 282 306 116 168 315 268 96 448 98 31 273 7 123 157 38 289 251 37 299 93 215 196 258 140
474 185 399 130 38 222 420 181 210 110 384 448 426 117 348 177 481 322 48 65 315 82 30 370 78 481 171 103 283 327 187 235 265 150 76 279 127 316 225 219 54 88 148 433 182 38 399 351 436 378 460 93 385 254 277 342 87 380 489 293 111 387 431 390 336 12 294 313 177 176 208 331 378 268 14 182 437 486 33 445 45 314 331 116 497 143 193 350 207 46 82 39 77 137 347 227 488 406 435
483 439 50 162 376 248 472 66 135 109 238 435 269 267 95 136 98 105 432 415 251 98 41 5 360 232 98 340 188 180 159 480 180 454 178 112 498 304 11 305 159 136 123 201 66 205 141 477 348 15 389 39 296 25 468 315 398 354 479 130 206 204 312 386 52 403 184 90 427 139 54 378 348 213 396 12 335 437 433 74 309 348 147 448 210 227 35 358 206 119 57 223 165 196 169 340 482 298 213
415 329 209 22 476 437 461 157 224 497 78 300 309 473 71 333 260 216 386 356 122 50 309 102 403 478 197 421 219 184 224 199 477 219 319 65 361 293 493 175 324 92 340 402 16 422 171 263 183 53 104 479 456 300 125 493 145 44 353 35 273 233 280 318 326 24 303 434 218 172 444 110 38 174 114 18 244 329 442 304 449 55 212 26 386 195 381 201 439 282 262 26 57 62 353 127 249 345 249
45 384 378 160 165 174 241 448 440 120 292 492 468 385 263 362 182 408 472 337 27 31 415 359 191 146 289 11 407 102 303 487 93 147 175 371 163 98 418 166 137 227 162 213 102 444 86 301 439 72 477 84 209 193 333 210 336 173 180 473 212 49 31 264 220 209 391 310 318 197 50 229 102 48 29 163 126 381 80 71 495 125 481 296 87 38 74 283 225 160 257 71 295 316 323 463 31 267 370
260 52 177 274 394 356 440 103 240 72 431 382 307 78 217 242 141 448 397 166 140 153 239 363 458 213 369 68 305 111 408 7 437 425 404 486 500 90 211 306 216 163 188 395 271 239 267 385 386 203 450 248 361 144 319 488 199 492 203 399 386 475 274 344 249 325 147 182 11 60 308 281 157 377 99 50 204 192 198 50 190 130 253 296 277 181 496 215 147 341 192 384 88 237 399 215 294 223 186
322 39 200 244 449 490 454 397 223 81 418 302 333 302 103 241 54 256 54 337 112 329 42 70 324 115 433 262 446 319 435 292 76 21 403 373 494 35 36 45 273 338 421 22 224 327 111 179 359 410 285 100 471 146 163 56 72 461 325 289 15 397 273 178 182 23 393 329 112 51 102 337 498 108 116 336 54 80 34 237 285 500 482 400 329 257 133 494 92 240 215 305 236 335 299 214 246 311 99
180 39 237 465 43 423 149 4 13 382 50 270 164 84 254 45 186 80 384 178 161 497 312 449 59 320 147 453 370 17 375 28 90 283 163 72 293 154 443 175 307 377 117 93 134 201 169 239 253 265 490 482 302 320 348 87 7 118 167 226 248 221 40 190 478 356 308 79 149 209 15 453 121 479 93 186 330 234 178 54 362 67 69 118 369 178 24 166 313 446 473 103 367 390 119 351 218 348 427
54 489 404 285 74 161 333 55 471 95 356 242 140 91 158 371 345 200 19 162 320 186 381 316 144 264 258 12 95 274 74 201 210 35 477 406 13 460 311 146 228 153 237 135 339 224 6 168 247 9 483 211 15 348 458 386 382 215 140 27 433 404 206 295 88 260 94 262 99 9 151 148 215 443 165 223 28 69 474 75 213 257 83 293 307 486 44 120 471 397 265 275 355 265 295 54 335 419 76
91 441 383 142 358 176 473 121 477 108 460 178 117 269 27 244 126 164 89 289 81 107 96 354 368 27 384 17 366 61 30 105 454 252 394 430 446 24 125 207 60 163 326 367 169 497 64 231 66 267 340 78 238 319 205 358 349 481 175 490 496 195 141 500 331 97 21 12 487 156 322 115 12 265 488 425 203 261 429 381 292 81 251 240 244 219 212 368 106 448 431 76 433 183 49 483 100 11 423
44 423 339 294 92 481 459 41 336 128 175 183 219 36 373 81 200 444 316 472 439 228 377 336 188 260 436 327 22 397 213 280 77 443 76 306 97 36 12 375 496 391 143 351 113 305 309 38 58 196 123 361 186 27 226 356 211 138 80 473 31 88 25 321 309 333 206 28 11 453 109 329 111 59 437 414 305 220 2 451 239 322 498 475 369 145 328 53 276 111 71 270 269 101 373 445 324 85 420
71 358 168 33 80 235 242 122 409 373 439 155 409 329 87 320 36 109 255 83 358 351 228 480 23 418 473 200 454 9 428 357 457 53 446 402 298 193 293 180 431 94 410 320 295 419 352 342 300 311 69 119 63 410 320 487 447 81 61 319 464 500 51 468 137 368 490 163 254 181 274 220 93 436 175 162 291 457 160 335 383 30 213 63 16 130 131 369 383 269 274 128 297 309 36 104 435 206 153
277 314 489 328 274 496 313 69 253 378 441 346 46 3 283 468 453 489 197 386 121 281 126 467 396 62 82 289 36 417 252 50 475 294 5 431 419 208 337 219 384 87 220 79 330 245 142 214 227 303 15 60 171 412 411 447 471 328 322 262 179 442 188 2 73 209 82 144 85 408 482 390 80 267 118 371 105 298 54 396 401 167 429 329 173 361 41 306 134 495 236 485 38 463 472 396 419 66 219
332 239 322 392 434 129 226 71 402 275 288 224 361 21 432 165 413 143 295 320 76 67 108 338 328 190 383 287 366 122 106 13 296 253 308 190 346 162 451 132 75 400 286 151 21 423 298 426 462 488 209 276 407 205 461 286 384 170 151 405 271 497 224 172 145 171 124 102 408 485 17 46 293 278 454 278 155 69 484 89 188 416 289 321 479 5 244 267 458 342 177 73 94 195 326 461 214 304 303
197 144 395 66 16 262 361 60 244 223 211 215 436 21 90 57 500 289 459 472 321 346 335 227 364 359 121 121 2 388 8 411 192 208 482 117 344 161 335 319 377 496 431 131 310 70 136 457 67 433 397 369 228 211 335 296 342 39 355 306 296 428 311 148 408 494 472 33 63 86 299 194 305 207 460 87 394 236 455 382 316 419 39 272 414 221 206 51 165 44 418 186 314 107 341 185 498 83 18
28 219 353 78 114 190 369 158 157 489 408 315 334 281 454 192 151 6 486 96 310 32 344 478 318 363 464 115 350 407 65 165 275 470 181 475 323 316 390 246 453 257 181 239 172 37 415 31 354 24 479 293 72 25 433 343 468 422 231 89 374 205 13 115 465 131 172 210 400 275 463 191 160 136 458 415 190 152 475 192 211 137 311 447 397 449 183 16 462 218 2 288 346 16 378 265 213 20 176
48 281 66 354 87 418 392 269 440 163 19 434 141 69 104 207 156 5 173 245 379 172 253 344 63 391 312 266 370 394 342 198 366 371 477 255 4 305 465 456 129 262 393 434 107 50 267 309 187 224 204 247 298 210 366 500 487 6 83 368 146 358 366 403 415 384 437 158 375 458 248 373 477 111 429 401 479 281 496 482 90 418 458 378 178 233 220 79 267 182 465 357 29 42 198 411 176 79 210
200 424 303 135 321 31 205 348 248 130 171 330 95 161 460 163 247 386 216 16 234 494 37 262 395 249 33 229 296 226 9 439 219 310 7 215 382 100 48 414 357 229 241 80 453 280 475 27 429 500 383 191 374 45 289 272 382 240 254 19 30 131 447 213 14 309 409 492 370 342 170 312 188 113 222 73 308 18 131 427 373 135 291 272 375 19 136 284 243 77 344 65 342 379 224 77 19 485 44
442 261 211 449 172 282 232 22 336 464 385 57 107 366 405 10 231 98 193 59 80 279 349 18 278 496 463 390 470 172 453 21 362 205 59 187 357 152 470 363 491 232 239 299 313 163 153 182 191 376 45 433 290 354 463 126 363 462 41 210 25 324 78 60 438 87 277 350 354 34 198 215 161 269 28 494 118 232 20 33 236 275 358 416 221 101 92 177 56 293 297 266 368 38 294 488 314 410 159
313 64 163 443 77 73 413 209 157 421 266 488 468 118 1 310 335 110 443 33 495 218 393 185 379 412 234 342 498 38 154 268 100 98 11 466 133 168 51 188 260 38 117 52 448 95 66 255 468 217 443 455 55 51 387 4 300 384 364 465 134 494 233 72 242 437 192 415 157 242 269 58 261 109 202 128 183 268 409 470 376 23 90 385 254 266 120 465 298 149 293 359 444 139 249 22 21 379 391
403 176 389 496 388 139 287 376 9 271 155 217 47 267 389 260 439 93 342 402 440 343 153 424 410 472 120 24 389 312 95 355 20 360 429 266 444 20 121 41 67 301 366 171 111 315 272 3 326 261 475 122 486 142 465 44 204 404 145 435 36 400 20 164 118 235 337 34 454 121 96 445 178 79 155 174 200 229 481 79 128 367 302 371 170 39 327 428 400 21 124 39 180 136 255 244 165 139 417
389 479 231 202 85 415 252 318 279 14 404 444 239 217 171 363 281 245 373 76 218 441 273 317 116 10 13 259 1 262 453 28 332 155 261 363 253 205 490 49 416 470 379 203 51 97 68 77 263 19 418 133 2 4 89 296 252 262 279 279 487 339 417 444 310 364 328 128 259 455 357 392 461 218 205 252 19 304 191 135 126 467 106 307 211 249 69 274 492 70 2 313 185 12 420 448 497 490 31
420 305 377 367 59 379 303 77 37 470 329 363 455 34 388 317 448 82 170 43 201 16 480 236 442 195 128 380 143 165 484 164 490 259 403 465 424 436 214 399 201 120 115 146 190 263 360 109 278 426 274 438 96 95 222 52 241 294 350 413 410 36 144 249 299 413 6 367 303 282 456 316 486 377 83 33 155 52 38 54 364 320 311 274 109 109 285 116 450 305 119 224 475 109 113 241 130 491 415
463 303 396 203 415 153 215 56 215 42 153 257 159 82 90 468 416 447 89 312 25 104 44 76 95 76 351 41 441 141 399 90 193 234 48 472 238 175 318 421 176 168 222 449 365 76 382 196 423 251 8 213 442 35 493 74 155 375 327 232 11 116 310 261 134 79 199 454 444 58 267 352 443 349 21 239 270 277 310 434 252 135 188 128 164 350 68 261 153 14 338 308 485 210 117 186 181 182 12
57 86 271 498 60 5 499 201 105 483 28 6 23 423 475 433 32 58 487 81 492 414 167 156 346 469 418 343 332 440 11 80 431 107 16 103 168 158 260 261 464 25 90 365 58 395 398 196 3 66 307 237 96 102 288 201 365 321 350 335 400 170 7 84 292 447 113 318 249 126 430 415 286 35 490 134 479 228 84 473 86 394 8 463 53 264 402 177 397 72 155 351 147 145 362 332 297 6 222
60 299 275 142 253 156 77 344 72 461 36 416 368 276 86 33 236 306 124 318 464 329 456 425 157 160 299 300 240 252 336 142 119 353 308 417 74 354 111 443 478 37 113 105 313 431 261 265 268 71 42 324 53 268 325 228 482 183 208 321 330 104 373 265 308 139 66 183 301 311 227 231 106 174 49 186 192 324 350 376 386 94 200 107 440 78 14 116 175 455 11 174 76 464 56 227 130 439 164
404 406 46 500 63 183 331 407 186 221 411 120 235 12 107 151 62 120 406 482 443 361 78 242 394 363 322 25 473 93 488 169 425 446 294 130 442 381 90 124 60 58 43 112 151 227 27 491 244 395 38 471 96 489 172 137 189 86 90 335 301 469 179 393 92 419 117 188 292 341 313 225 21 92 106 478 137 42 489 232 304 14 274 44 265 345 395 311 468 222 288 309 137 381 55 485 66 14 241
426 366 255 467 408 129 449 177 83 51 61 337 319 426 499 22 202 414 170 95 167 440 292 349 497 142 266 107 198 254 35 151 46 278 76 467 330 59 234 385 24 385 280 247 377 388 138 337 156 351 491 49 498 194 362 470 280 100 495 190 120 291 139 492 203 195 294 330 361 320 192 130 486 353 239 282 283 164 311 246 31 499 345 117 187 380 5 270 228 459 123 80 366 140 50 142 409 454 372
195 115 324 156 246 340 333 4 385 60 448 308 256 359 362 69 393 72 293 412 94 83 71 52 221 94 77 360 95 162 132 343 253 97 167 189 343 50 40 368 10 271 269 10 212 108 472 371 253 243 110 364 246 282 46 2 5 67 384 453 60 396 22 342 152 63 297 448 485 260 3 48 402 152 405 94 348 66 269 91 443 101 25 83 142 425 78 7 323 150 71 345 211 329 197 253 374 134 220
150 312 160 162 255 283 455 276 142 266 179 444 493 377 58 176 468 448 138 413 288 80 293 430 165 18 458 488 107 182 174 236 282 350 114 476 349 169 138 279 312 298 193 455 500 306 89 414 128 373 40 141 137 380 322 496 129 198 459 122 241 319 142 126 267 369 319 2 52 369 262 297 158 366 5 285 309 430 420 406 32 5 283 249 91 379 275 128 33 160 189 19 200 339 373 142 106 207 114
419 314 428 461 257 439 301 13 443 463 202 239 211 141 441 465 437 101 299 231 347 348 126 461 208 50 377 189 52 133 361 186 169 443 364 125 2 293 109 118 400 397 382 169 116 191 30 486 324 227 402 345 363 457 8 219 474 213 244 411 242 481 456 383 262 346 157 393 478 280 252 159 205 381 481 283 22 364 325 329 481 94 354 173 193 214 435 20 79 416 316 40 312 412 278 272 337 3 477
437 36 58 445 202 317 392 123 238 287 295 306 494 398 94 387 45 355 326 364 477 295 295 275 286 76 346 385 248 491 116 500 344 84 456 151 437 217 101 43 288 11 429 449 95 44 451 346 365 137 109 343 390 15 37 206 326 7 331 67 351 128 270 214 68 320 481 252 451 384 278 267 312 177 335 500 357 371 80 83 269 492 416 162 68 324 447 304 220 24 273 221 135 466 381 262 114 438 457
458 454 143 410 107 265 93 203 331 155 220 121 226 263 35 488 227 423 178 389 244 248 349 495 391 395 469 489 474 29 233 105 108 157 228 303 179 486 84 359 107 148 139 259 285 120 411 35 176 497 442 469 346 267 400 409 74 420 308 203 389 184 195 69 486 266 274 255 59 416 224 207 299 297 256 66 113 491 42 182 50 125 421 82 38 130 318 141 423 36 80 151 105 456 264 474 399 353 34
266 123 174 348 389 55 356 466 337 358 461 166 234 107 238 305 378 137 108 109 358 297 265 289 157 139 79 433 371 372 176 176 72 441 281 33 307 227 223 482 98 177 178 306 71 209 98 46 258 450 280 96 17 126 184 348 413 150 291 435 51 296 50 301 165 259 420 129 180 132 59 89 354 159 40 374 293 261 495 159 123 46 296 303 290 34 2 3 14 28 140 376 9 251 92 49 145 244 160
162 328 20 373 330 410 245 84 21 246 32 211 466 305 445 168 472 413 252 238 45 120 193 447 371 433 437 155 106 238 1 196 336 282 249 461 67 208 454 327 461 225 259 326 474 283 4 227 278 481 461 131 259 72 127 133 482 45 133 125 178 157 242 195 150 62 388 331 167 41 405 268 193 348 242 38 27 152 144 131 414 459 423 282 64 82 418 79 331 124 157 89 395 42 440 23 372 117 129
438 407 111 368 98 176 497 115 323 434 433 51 64 337 140 148 335 386 75 279 354 257 447 167 126 119 469 456 123 93 288 358 30 66 450 326 127 171 313 460 293 41 276 7 61 286 285 30 195 318 175 153 466 358 147 442 243 158 481 82 428 39 84 299 326 455 35 296 365 103 207 119 186 19 268 336 122 331 39 257 190 479 220 148 318 322 85 285 427 293 268 189 116 428 158 369 149 233 424
139 485 201 291 28 181 197 420 124 322 237 439 390 28 439 371 69 162 411 184 396 386 13 29 437 57 383 480 4 480 410 469 146 9 43 154 167 45 235 210 268 263 468 392 64 374 184 295 4 31 133 327 220 495 273 115 199 85 486 451 126 198 81 128 402 37 360 409 97 63 362 82 18 172 392 26 19 142 247 352 45 52 90 468 251 421 9 281 38 477 29 37 286 121 52 220 462 368 117
152 264 481 37 32 354 454 218 440 30 425 195 305 70 77 437 90 61 224 481 418 415 265 313 240 344 62 113 419 357 143 2 78 144 190 332 474 455 307 33 313 386 327 190 248 351 357 221 68 177 358 268 422 222 134 39 413 409 403 400 7 434 480 282 52 328 144 187 441 382 475 436 205 104 122 298 66 167 27 298 156 492 397 21 420 102 152 313 242 172 63 254 346 500 142 269 347 27 156
131 403 75 484 395 286 146 215 173 204 460 248 20 180 27 46 71 265 86 386 364 159 300 40 478 488 330 375 357 462 237 3 205 196 382 389 340 153 254 107 206 444 50 489 143 479 484 344 281 494 403 50 419 352 371 51 106 433 30 96 206 430 384 255 463 498 389 54 38 472 486 199 352 465 33 354 263 317 386 284 142 152 193 55 332 164 82 434 353 165 400 270 136 40 456 462 52 106 253
480 339 327 75 116 163 359 384 499 311 96 429 187 193 159 223 491 30 54 3 163 359 161 355 44 338 103 27 482 412 70 315 450 390 407 338 415 309 115 450 276 279 224 439 226 30 122 186 146 386 170 214 213 177 3 68 226 169 188 32 285 419 409 495 476 413 8 120 187 373 219 215 459 208 150 244 212 38 191 309 218 168 469 402 24 118 145 352 237 126 485 483 6 57 424 455 3 415 55
51 281 126 184 407 408 461 361 419 165 238 469 330 88 38 379 301 45 242 380 91 48 315 452 464 187 148 1 166 31 118 82 47 405 361 465 345 227 171 207 360 265 73 149 38 188 94 40 460 51 286 495 172 474 404 186 306 219 445 175 365 210 148 424 92 251 312 226 323 486 132 313 251 250 451 103 492 167 355 359 283 398 373 482 426 3 429 74 302 258 42 71 117 109 370 326 210 370 214
457 136 441 364 107 78 27 474 127 217 384 2 385 46 311 255 66 361 347 137 22 169 158 226 228 153 291 16 286 347 73 266 456 449 118 179 329 441 388 80 499 206 246 202 89 12 468 347 68 297 359 116 416 26 66 412 326 449 156 457 500 46 271 455 277 353 27 248 375 351 215 104 382 454 355 213 256 228 245 85 91 105 70 271 96 324 31 58 160 308 134 231 385 13 325 225 38 423 400
301 12 73 497 114 342 105 393 162 26 491 123 270 266 8 200 35 288 156 176 175 22 306 3 11 158 286 113 385 106 305 423 492 490 200 112 279 175 418 406 327 319 312 145 381 245 39 265 61 377 395 271 259 357 223 210 461 189 35 487 482 332 402 397 40 457 50 71 146 58 173 30 470 171 30 23 459 179 29 107 5 471 196 257 246 52 197 436 406 194 254 119 202 224 308 277 314 424 239
262 328 114 132 74 401 266 318 140 383 265 66 237 225 86 14 57 239 434 462 286 22 129 449 38 73 80 434 34 484 345 50 46 375 360 65 255 142 108 259 332 249 109 496 129 154 115 81 221 283 467 45 377 12 236 96 38 285 68 116 266 244 469 277 215 89 361 479 66 75 249 178 209 224 246 179 326 130 41 325 451 202 223 408 43 257 103 99 133 329 137 55 137 488 322 114 275 8 373
52 357 154 178 36 437 119 400 253 48 404 39 205 124 478 255 356 394 377 484 62 112 149 134 243 25 123 406 182 489 433 287 66 382 308 326 338 414 119 249 69 197 5 299 253 246 334 213 466 473 67 103 287 126 185 435 238 106 363 333 331 444 428 67 265 246 380 91 475 65 299 300 184 313 294 181 139 53 471 157 472 446 306 103 489 294 292 52 194 494 197 262 417 484 368 318 336 348 428
55 201 107 71 250 235 363 61 265 168 175 467 23 297 181 357 272 305 496 386 249 215 69 335 222 303 113 407 287 400 325 152 246 281 273 400 223 460 228 415 251 195 438 256 428 319 40 341 285 145 181 359 73 309 88 54 142 311 341 410 234 265 131 88 115 212 400 129 24 254 25 288 491 21 103 269 182 320 94 316 326 483 442 96 255 237 377 224 236 167 37 419 384 31 98 305 313 454 273
284 62 189 36 442 429 234 424 163 385 385 430 21 486 377 248 214 52 363 81 455 415 197 111 50 84 222 396 167 172 172 146 256 409 288 357 382 173 92 236 91 372 176 174 59 488 80 267 340 314 450 441 107 430 52 284 465 162 458 196 475 196 38 316 101 231 439 264 376 162 9 69 273 89 281 239 409 411 356 39 233 183 388 241 406 277 287 464 63 366 10 328 467 272 298 288 166 320 475
230 329 427 285 346 494 131 40 378 414 284 382 237 370 398 22 348 332 55 86 49 116 71 171 207 6 233 256 479 174 284 251 149 107 16 198 173 496 231 70 422 500 173 8 395 135 46 144 19 327 101 341 112 243 171 497 256 312 494 399 108 160 6 355 373 101 277 355 157 230 177 250 216 287 344 449 481 54 147 129 320 158 483 144 497 20 249 256 275 305 135 395 357 153 341 25 170 40 485
322 126 185 470 123 32 485 74 281 426 73 388 97 217 497 374 52 324 331 428 124 459 98 353 44 490 146 367 301 21 432 479 146 360 441 21 251 51 108 267 458 71 92 428 429 392 470 213 320 134 181 248 348 268 3 144 133 47 355 59 267 101 367 457 9 32 216 157 64 470 24 310 84 491 49 274 27 499 296 76 164 312 230 395 231 325 429 430 206 301 262 484 365 490 133 340 393 234 408
22 400 132 411 212 102 169 184 472 77 56 487 231 348 449 264 161 249 435 403 283 152 201 427 369 385 120 417 131 379 173 279 21 58 122 129 345 485 422 342 141 176 467 152 412 482 193 365 71 299 418 286 299 83 112 327 236 302 128 249 186 450 412 137 86 457 471 202 10 348 444 245 92 285 38 240 213 399 35 304 296 427 414 148 58 29 128 86 308 262 470 199 241 186 149 367 437 160 26
