99 99
273 268 78 245 81 157 192 435 233 433 6 460 297 287 379 496 371 359 454 160 187 371 487 20 322 377 436 100 148 174 15 188 82 415 343 241 347 471 452 99 320 455 216 477 142 206 249 22 306 406 308 322 260 413 458 119 97 411 119 255 26 218 400 265 318 330 311 343 237 216 78 173 410 402 310 82 202 136 146 250 138 342 215 34 10 116 405 138 22 469 352 474 412 403 353 287 304 271 174
66 65 86 463 90 497 75 146 496 262 3 421 188 479 463 310 336 103 138 37 133 109 145 107 172 270 237 226 160 311 200 228 98 311 342 58 77 150 380 403 328 402 92 191 42 223 106 206 285 57 285 339 340 280 155 402 485 373 259 471 415 428 10 279 257 290 135 158 447 29 433 475 279 354 484 459 234 432 148 137 419 172 97 127 364 404 58 68 66 356 269 99 207 245 170 59 352 15 214
67 441 154 17 469 130 293 476 450 234 180 421 489 20 28 270 251 322 33 9 6 25 362 274 17 175 479 425 445 480 386 91 211 133 148 106 182 290 399 393 475 165 157 491 223 433 190 399 415 84 383 138 199 286 245 148 109 377 245 179 24 188 175 245 442 438 346 318 431 85 81 452 394 443 425 27 366 353 261 498 77 237 360 248 420 467 485 174 313 328 408 349 34 442 53 238 378 66 437
497 172 151 15 268 64 254 379 378 98 419 272 341 432 309 153 405 88 332 71 458 327 374 485 100 352 416 217 45 142 96 10 281 333 283 210 215 273 274 265 233 358 296 73 237 34 11 424 42 63 455 434 50 380 397 74 471 484 170 498 101 208 267 495 240 345 184 124 433 433 54 300 273 432 452 347 114 379 146 486 69 387 243 221 423 210 336 189 186 150 259 395 311 250 144 26 304 366 498
394 384 262 438 380 443 494 268 176 262 16 394 34 164 207 340 259 15 448 271 187 6 461 281 446 356 101 9 430 99 300 446 303 29 62 68 143 165 68 128 483 324 440 214 149 302 484 463 342 41 165 453 398 196 296 394 62 222 256 497 309 451 89 431 449 130 457 413 137 318 76 131 89 285 169 98 188 47 165 178 69 142 397 139 259 144 399 35 115 308 50 89 433 341 382 84 427 165 414
107 70 277 258 344 458 100 66 387 123 229 231 192 223 229 106 379 481 74 72 458 67 320 321 77 213 353 1 302 165 268 207 382 123 96 280 360 211 346 181 22 243 456 321 90 247 416 130 194 134 409 96 241 125 485 271 97 247 38 306 99 308 146 40 196 244 217 57 227 328 190 194 454 124 478 491 235 383 271 416 189 135 112 120 345 19 404 292 388 254 278 196 131 188 356 489 456 70 119
257 451 427 355 275 88 107 238 220 378 435 242 167 43 340 224 287 40 144 114 289 135 248 233 480 395 181 163 433 87 381 134 446 487 265 269 79 34 154 442 338 292 342 360 121 492 476 324 114 288 493 155 41 389 471 370 20 429 275 254 379 388 278 435 325 313 225 239 278 148 349 369 118 424 130 167 21 123 57 482 279 185 306 111 68 238 423 300 157 112 436 84 349 339 262 101 320 480 431
210 66 172 335 433 472 173 264 258 410 453 454 49 42 417 227 373 455 226 52 488 319 260 259 492 278 170 433 424 355 95 400 182 35 350 178 206 69 390 456 27 438 23 387 11 473 127 405 401 485 71 112 315 361 142 239 125 441 368 460 86 496 355 91 24 62 114 340 312 218 106 420 29 213 20 370 140 233 479 41 164 172 135 126 193 140 420 385 47 196 186 22 428 259 329 487 364 464 443
285 114 82 328 237 472 352 237 17 384 241 399 342 230 348 318 456 280 482 483 103 440 418 296 43 348 37 33 408 482 459 401 419 314 207 354 396 100 55 267 219 365 236 45 218 207 130 41 252 208 387 441 383 423 468 30 382 151 253 447 216 303 246 309 453 159 468 366 481 348 238 18 311 276 361 3 19 241 461 87 9 84 364 412 439 314 187 50 265 344 218 389 451 353 99 3 301 23 432
147 299 2 81 381 118 135 241 406 443 170 105 416 449 195 213 266 302 235 322 31 177 257 38 418 30 304 53 198 249 260 499 165 136 257 281 202 93 460 295 252 40 75 335 447 132 459 215 361 23 468 186 368 53 345 50 382 216 237 390 470 6 255 303 138 39 457 212 111 118 396 386 483 473 208 37 148 339 177 216 393 417 161 202 373 226 471 124 136 122 264 125 320 482 149 107 226 450 287
338 389 142 80 138 22 110 110 416 435 465 243 327 325 435 72 342 355 28 29 223 390 82 124 27 385 29 414 207 200 379 418 351 461 11 468 431 105 34 267 362 457 323 348 47 220 390 64 267 230 384 345 448 424 392 475 92 186 375 322 244 378 63 222 312 210 479 66 105 11 19 277 356 52 57 167 276 414 477 279 391 403 36 344 26 339 154 26 433 306 400 272 406 94 45 479 273 60 347
193 101 448 266 491 410 321 158 291 215 16 154 161 86 165 177 72 358 132 295 174 163 108 194 217 84 340 122 11 134 400 363 383 186 181 472 291 28 344 52 441 394 361 471 26 265 212 143 208 428 118 453 121 291 417 315 316 73 368 302 260 458 462 60 493 235 237 154 359 355 245 442 138 47 238 5 212 135 95 22 388 361 303 294 42 168 20 140 6 145 406 1 127 330 392 494 190 446 136
59 225 81 126 23 178 96 337 460 48 107 26 324 476 32 98 379 24 359 70 285 454 311 62 272 161 200 209 14 460 408 297 387 383 500 433 353 35 101 281 101 258 65 162 478 21 378 324 73 237 163 488 379 263 41 497 85 374 113 463 91 29 358 39 37 451 55 163 462 448 183 417 101 329 53 227 447 357 125 254 360 168 267 481 498 133 125 126 294 348 202 484 348 307 10 298 332 159 382
230 148 76 414 469 185 385 464 85 48 281 454 46 308 377 263 197 278 340 224 261 65 16 491 150 497 451 254 68 310 76 244 234 90 244 16 253 294 415 166 400 25 214 111 242 489 210 149 86 30 243 398 472 401 139 482 246 354 93 216 186 418 270 422 52 419 294 490 80 219 495 270 268 309 211 112 338 27 487 365 9 493 401 64 39 355 153 24 165 160 157 119 326 468 243 190 351 42 480
397 124 397 440 201 18 233 114 258 102 125 278 279 35 357 135 391 408 129 135 469 176 149 397 102 279 223 406 233 258 211 4 371 223 206 248 43 374 26 445 197 315 343 293 391 25 349 54 41 60 32 485 56 244 471 257 11 125 86 415 355 243 119 72 122 279 470 221 386 243 22 306 408 181 347 116 409 224 43 158 382 49 189 416 326 345 423 456 417 177 10 226 146 277 477 45 130 140 120
253 500 297 267 135 156 15 41 61 35 191 324 343 131 433 499 451 423 224 69 239 225 82 22 193 284 161 173 6 475 333 193 381 147 324 334 422 350 305 409 382 289 138 127 417 158 357 35 319 79 169 311 197 171 135 118 252 96 267 496 88 93 94 23 74 1 399 332 274 151 106 362 471 486 67 220 150 321 46 325 84 468 132 438 9 99 50 431 402 217 448 371 443 428 12 269 87 370 193
186 481 254 73 78 271 210 119 51 246 237 356 489 73 182 285 303 196 15 375 182 145 13 10 77 129 302 491 349 482 357 30 145 189 304 180 203 60 94 188 252 170 484 169 134 242 81 206 484 105 416 59 337 82 151 454 77 280 314 369 174 96 68 111 470 500 74 442 238 404 73 193 36 158 395 4 227 389 152 236 34 294 453 348 249 455 464 196 451 93 419 403 325 356 170 196 358 386 5
302 357 473 324 412 49 488 368 211 14 486 311 339 188 242 422 497 40 259 231 392 435 190 231 412 307 279 303 267 376 16 201 493 371 231 117 432 118 10 498 482 282 499 386 10 446 315 488 115 435 425 246 231 11 135 232 466 251 219 223 52 384 345 295 147 29 395 319 127 139 119 229 90 7 31 6 61 492 129 113 40 452 356 141 122 444 495 266 236 209 11 413 489 313 183 180 140 23 453
307 450 159 383 27 402 56 1 344 100 56 476 261 359 94 429 170 298 264 7 133 345 355 33 436 259 100 277 477 223 75 43 342 143 225 407 430 160 435 21 266 197 497 88 135 19 259 317 214 26 253 349 84 326 376 217 299 78 8 284 30 82 182 234 295 337 362 494 172 258 443 181 317 70 255 33 393 465 61 470 128 344 383 150 42 325 325 32 81 401 324 381 102 215 191 169 67 467 339
39 410 359 265 329 157 160 92 280 326 441 276 241 313 150 131 54 156 187 140 421 397 109 46 40 151 406 287 449 320 261 93 240 439 388 162 186 360 495 337 441 120 88 186 1 485 432 88 404 322 263 321 387 317 67 274 233 2 227 60 185 287 399 224 200 448 473 30 369 304 486 325 97 413 428 397 357 138 66 313 232 24 184 328 151 194 278 357 414 10 249 298 482 1 308 457 132 193 354
62 61 229 118 405 189 243 268 146 371 4 456 139 140 272 334 253 309 434 429 74 138 80 262 283 195 189 20 118 245 17 19 69 493 450 360 311 34 95 284 372 38 133 349 388 195 305 155 366 221 479 324 104 113 389 269 293 173 250 377 158 195 108 391 394 215 242 488 426 158 437 221 448 149 86 30 75 3 53 68 57 488 428 427 282 459 169 497 122 330 96 381 42 180 84 275 425 436 87
73 167 87 226 8 146 219 98 87 196 256 479 392 16 351 183 356 467 277 39 475 390 113 105 466 241 216 270 178 362 162 386 318 39 455 238 267 348 393 197 99 14 319 84 76 193 422 131 10 99 230 345 20 349 431 274 365 251 131 282 473 484 144 404 327 302 237 158 387 397 122 35 232 253 312 283 362 311 239 484 38 272 327 410 323 259 401 182 447 256 328 71 144 481 152 406 421 185 92
151 289 156 435 463 394 402 65 381 251 426 128 257 464 388 119 488 1 75 451 31 79 210 381 270 427 205 220 215 279 337 188 491 19 278 461 414 468 202 198 166 403 92 29 165 81 210 441 479 76 143 258 84 22 366 172 60 364 271 341 331 64 486 40 349 241 120 400 467 125 484 259 29 269 328 422 46 85 329 369 213 177 269 374 269 445 267 378 14 178 426 260 210 307 298 12 204 40 12
472 152 350 492 294 323 124 381 238 377 253 388 258 15 109 108 83 51 56 391 497 398 62 88 463 106 203 98 106 444 471 179 449 268 408 46 361 446 151 232 473 137 217 104 394 255 218 22 454 486 482 326 14 358 120 451 424 225 250 4 411 319 228 231 149 281 319 303 43 359 376 275 438 49 304 180 116 222 172 69 296 38 379 291 193 28 131 479 127 139 254 308 406 488 322 391 141 137 296
185 483 441 401 277 377 157 376 240 98 497 426 129 207 178 40 268 47 211 128 311 91 214 8 77 366 325 313 395 26 257 78 209 347 315 218 410 462 324 436 112 321 416 73 461 235 28 227 179 251 87 400 217 307 270 388 218 302 326 417 448 98 123 25 103 144 35 96 418 228 434 86 132 85 305 474 460 93 241 281 369 351 11 173 160 72 344 302 11 179 153 456 266 316 401 254 163 250 357
473 373 366 209 324 280 93 439 218 330 212 146 341 477 323 132 235 89 101 198 193 12 463 12 92 71 126 175 355 351 151 490 225 308 172 217 443 489 375 215 414 38 467 492 259 330 448 450 62 53 60 164 21 313 259 219 42 300 378 446 343 168 399 490 75 330 457 295 255 441 327 121 203 30 291 33 417 279 384 78 402 54 479 407 499 423 175 117 148 212 293 237 315 443 299 477 195 273 257
47 263 82 467 176 410 359 172 375 464 97 174 291 363 336 149 293 215 381 276 254 397 199 361 405 238 65 383 61 94 394 169 284 135 162 186 338 238 292 309 263 101 379 38 305 457 407 484 185 169 297 91 376 418 182 365 89 410 132 406 267 125 299 210 477 99 375 445 132 244 165 479 311 489 481 66 157 394 167 258 281 463 444 380 158 9 176 217 141 301 418 129 479 61 309 87 497 65 139
153 142 246 419 335 363 160 302 304 29 342 274 212 32 53 487 47 269 299 222 394 46 7 50 122 229 33 44 30 293 25 271 334 428 262 101 102 435 261 483 79 21 205 191 271 80 330 94 17 482 361 489 206 301 316 58 17 276 217 313 393 142 306 289 408 395 90 393 490 40 484 470 154 64 77 445 238 308 182 210 11 57 370 2 170 160 253 26 429 456 241 422 482 12 328 384 376 293 243
158 403 73 418 253 362 312 278 209 178 479 488 9 301 232 456 338 209 450 73 159 328 341 220 439 228 160 292 397 103 227 212 243 52 44 295 356 91 2 408 62 192 74 376 156 398 423 299 281 23 470 136 95 100 165 371 387 297 234 254 15 456 321 52 5 89 17 471 449 110 380 171 48 5 188 184 467 426 277 364 350 33 379 285 168 31 60 34 62 26 63 281 444 157 285 295 450 382 225
273 300 231 186 5 455 60 358 365 131 303 106 115 96 28 90 254 258 292 47 265 342 314 432 305 373 323 497 390 351 137 103 23 20 123 26 450 31 469 142 406 27 459 26 3 145 397 456 32 500 255 337 305 112 23 399 147 309 377 174 94 36 326 276 443 218 235 301 303 337 9 73 147 319 296 477 195 132 185 213 120 15 72 311 15 7 22 297 123 291 409 374 94 482 379 404 142 227 322
32 161 283 72 60 170 389 127 244 260 67 263 24 62 443 38 397 34 113 392 52 116 309 445 49 438 425 415 294 341 415 394 80 134 2 183 316 303 128 488 53 89 129 144 439 480 224 496 177 499 336 26 379 351 495 477 277 51 142 303 181 132 74 345 378 193 319 452 275 139 221 34 419 391 342 463 318 101 220 259 88 500 389 159 139 190 476 43 237 100 261 229 381 430 488 373 409 213 251
8 451 395 325 214 383 180 315 347 141 140 137 461 446 49 397 383 122 217 238 471 491 60 420 383 442 317 184 361 392 149 142 31 340 354 456 246 468 386 258 127 219 195 389 276 63 255 287 6 422 189 307 75 39 118 304 413 464 486 46 30 404 68 443 199 352 347 405 42 84 216 402 261 11 121 454 398 150 349 384 338 64 483 431 397 161 4 2 337 141 266 283 365 68 109 209 103 405 209
111 320 290 39 298 414 154 130 122 419 122 264 310 218 301 469 153 343 59 486 12 105 209 172 414 376 208 259 450 164 466 498 279 270 399 155 455 246 7 391 498 285 389 372 305 500 237 392 294 275 256 55 144 373 305 59 10 99 196 352 361 180 429 255 195 339 114 242 439 410 297 50 104 143 456 26 251 429 283 270 412 320 373 480 33 261 298 422 33 471 70 278 460 382 182 239 453 56 347
235 116 430 308 101 318 66 418 270 389 83 41 439 444 396 286 369 141 497 150 275 480 345 376 391 95 256 251 44 281 247 261 411 282 445 100 312 171 121 15 31 473 302 25 473 220 127 429 21 261 100 238 130 196 171 495 313 99 29 351 304 143 479 255 463 203 335 274 197 463 325 254 188 123 493 321 78 299 198 496 417 281 143 412 376 167 411 372 233 58 74 300 77 405 247 123 384 479 312
366 443 411 464 252 178 359 291 202 458 162 449 50 313 97 330 152 362 89 46 452 21 333 53 468 209 314 428 418 410 240 301 343 174 388 284 379 112 430 354 173 266 335 60 399 141 476 402 57 365 235 144 468 4 323 45 80 206 186 243 466 272 346 115 186 282 107 337 384 165 368 444 392 333 231 242 119 423 149 331 481 174 332 77 159 380 117 307 95 375 357 109 105 235 169 171 54 445 391
18 447 446 240 355 413 416 61 141 320 97 331 119 58 330 244 287 353 435 68 338 457 67 235 248 269 136 95 55 292 337 76 126 289 464 416 416 27 489 398 179 469 176 387 315 39 222 389 352 378 11 390 176 337 228 480 449 351 189 21 323 63 153 383 269 72 62 487 207 366 223 455 373 4 53 94 337 329 305 41 68 128 29 380 218 278 328 148 102 307 191 420 121 436 236 274 369 439 300
454 130 223 124 16 171 373 261 375 83 492 467 234 198 26 83 454 227 293 370 44 274 211 489 393 71 16 245 39 440 138 273 66 144 470 429 218 402 323 118 458 345 469 78 313 124 129 404 199 320 213 9 437 201 128 202 176 57 197 161 180 259 419 436 66 340 87 17 380 300 354 472 214 470 229 120 344 173 372 265 339 311 320 149 233 109 75 227 3 254 228 200 155 90 203 446 186 166 348
319 365 37 488 404 425 148 30 240 430 366 358 225 350 110 207 296 226 390 321 50 140 18 40 271 262 48 421 187 467 228 87 359 214 227 136 442 103 410 238 26 223 433 412 361 148 321 71 390 452 356 279 89 99 214 478 371 98 221 356 439 287 295 6 2 113 358 497 77 207 339 46 261 24 53 215 59 180 176 254 63 434 444 332 174 245 315 360 133 353 21 421 361 345 121 373 184 165 380
69 46 356 126 107 282 132 365 368 84 376 443 79 482 500 425 220 431 131 68 209 263 234 293 306 403 423 190 206 426 269 188 234 126 77 269 410 192 470 243 296 463 159 27 462 282 467 46 325 348 263 460 466 459 129 216 483 181 159 296 258 154 54 142 445 262 327 158 335 96 86 382 483 260 155 269 180 71 453 471 151 403 413 52 1 94 124 99 88 302 425 10 178 311 92 459 92 15 123
51 36 129 332 327 332 470 106 225 495 196 315 249 6 436 363 90 371 166 15 490 374 60 329 279 195 456 58 20 404 204 134 291 258 38 79 124 479 106 449 8 55 450 362 237 270 414 388 371 302 335 418 157 181 236 331 83 14 323 419 403 242 92 389 220 18 123 470 145 367 402 28 477 449 72 439 145 69 352 274 172 233 270 47 227 174 74 313 429 74 493 285 392 73 358 373 97 361 436
489 49 295 33 247 426 493 83 3 141 12 171 262 319 342 40 444 21 305 419 289 195 190 21 131 468 137 276 46 37 497 53 146 74 146 242 407 340 468 36 253 496 222 275 206 74 452 341 165 315 312 274 401 187 387 441 43 498 430 428 108 328 452 201 36 413 40 75 473 275 69 212 380 288 499 240 43 107 164 270 380 274 31 451 348 171 28 205 138 176 27 144 365 29 351 96 429 481 358
108 391 387 206 372 193 294 105 149 247 142 91 213 500 250 396 397 405 488 240 334 172 9 280 106 276 148 358 498 149 245 12 401 439 228 154 184 139 468 10 375 77 88 293 315 360 113 329 451 428 22 4 354 313 220 24 129 260 130 334 462 58 322 258 366 45 204 234 432 272 343 79 166 243 32 188 3 279 31 314 429 484 27 207 200 274 407 314 212 465 374 215 412 60 66 427 430 6 214
241 411 494 365 478 335 373 387 407 274 309 151 112 72 361 129 256 49 110 53 279 236 216 251 239 460 230 217 90 156 63 290 423 298 260 408 212 186 276 87 297 10 33 424 463 350 304 299 262 196 408 253 171 165 281 45 123 238 316 7 381 77 270 320 457 305 164 418 87 91 210 479 312 350 271 199 176 271 180 271 61 387 290 254 120 54 30 41 429 357 500 314 201 401 274 443 237 197 11
132 49 93 212 144 74 24 145 155 165 37 180 44 284 61 490 377 65 468 298 73 144 314 172 78 380 375 436 213 273 428 203 191 426 17 284 7 302 169 29 447 437 299 468 168 422 179 172 105 40 80 89 361 149 207 351 125 13 411 90 484 345 327 388 173 437 239 147 44 107 480 316 285 24 46 243 444 425 370 457 126 286 139 141 30 37 204 302 205 340 259 154 157 369 480 228 246 201 354
433 166 342 356 217 496 499 487 139 197 483 367 99 154 455 483 315 181 178 446 79 467 376 441 7 265 263 381 350 215 470 482 301 255 433 486 22 435 284 176 247 344 327 155 68 41 392 335 243 168 103 448 181 257 479 23 342 57 312 367 492 352 158 188 32 389 259 287 155 274 91 382 326 252 340 470 147 387 487 146 173 234 32 73 284 367 313 433 267 401 129 131 274 48 55 305 307 398 165
128 154 99 186 186 433 249 412 268 209 259 264 30 51 202 315 318 362 463 442 367 402 428 398 324 314 475 118 163 414 162 446 284 128 224 343 388 118 167 447 187 5 361 500 454 490 312 41 206 259 306 9 2 357 410 377 16 439 362 224 276 283 302 466 494 56 106 136 351 24 325 142 186 244 183 499 116 286 438 473 249 131 290 253 236 471 143 89 437 291 448 396 12 174 12 164 108 320 247
38 145 470 459 232 497 228 228 256 344 159 425 221 346 4 345 74 400 299 263 124 329 175 159 293 366 231 33 219 281 75 66 234 163 224 267 128 80 352 83 222 198 194 6 37 23 445 174 225 149 419 147 424 191 226 100 29 493 314 279 336 334 339 78 192 157 229 11 217 419 120 500 354 222 13 4 184 375 188 102 220 307 423 189 28 290 458 418 348 386 17 95 381 21 327 177 185 113 366
202 421 253 86 487 123 254 27 496 495 93 173 372 495 443 297 312 6 18 288 347 127 373 244 480 49 58 290 2 438 290 418 268 308 352 469 80 276 99 11 245 153 82 219 331 147 341 259 383 485 217 288 8 231 99 491 146 339 371 403 3 443 469 343 160 139 255 211 183 348 367 361 147 128 323 176 266 208 260 247 246 101 389 14 57 324 94 71 37 344 234 313 188 88 366 49 203 398 346
41 283 341 68 161 375 370 72 272 114 239 99 324 150 350 346 237 403 205 275 75 323 53 432 229 380 116 69 495 291 151 478 142 492 40 71 17 267 156 105 438 137 420 490 226 428 164 356 109 232 131 8 85 274 405 153 406 118 258 209 152 220 391 124 84 31 137 164 46 209 332 139 75 30 398 344 402 79 110 403 59 163 456 445 382 454 161 276 86 496 11 300 424 71 127 307 109 89 378
182 111 35 87 33 458 204 105 272 266 368 241 209 77 57 76 306 429 448 119 7 395 456 139 10 413 8 260 51 188 464 340 348 44 73 175 115 472 129 340 215 343 98 340 37 273 139 4 85 139 347 107 412 72 73 125 255 290 473 467 238 304 263 250 341 330 209 125 248 114 64 17 296 290 462 453 424 443 2 358 80 180 376 116 260 420 11 152 278 259 495 346 327 134 375 94 377 448 458
280 122 427 287 20 174 271 405 37 349 349 64 459 353 297 403 64 48 436 450 289 67 184 390 461 421 266 475 368 493 359 47 365 261 39 24 44 487 121 190 277 485 258 434 193 19 28 152 177 219 103 188 449 472 194 463 353 260 282 71 368 344 173 297 156 71 475 29 62 31 116 464 107 180 438 14 407 13 437 339 400 39 64 144 394 54 132 179 206 326 469 430 155 427 145 100 429 388 350
53 269 234 432 29 334 180 20 191 16 196 160 62 65 192 90 158 2 420 255 496 125 124 359 82 131 350 145 437 226 420 96 188 194 85 433 187 142 262 199 151 439 327 399 15 456 146 481 237 274 46 482 219 459 173 42 351 86 212 381 377 80 96 45 217 438 258 392 495 491 297 159 33 394 311 400 292 14 417 466 406 472 288 307 100 11 321 81 20 165 152 373 430 216 227 214 30 101 104
324 294 23 300 331 273 483 31 256 233 92 114 393 199 82 226 74 201 391 29 311 355 135 284 108 56 358 364 35 279 417 374 128 18 229 133 84 387 182 62 260 432 66 258 242 172 94 36 454 379 334 329 178 218 479 14 473 217 291 97 142 228 198 121 274 378 326 299 267 472 413 427 457 23 314 240 76 324 5 128 428 400 353 395 43 40 439 461 124 114 403 447 263 39 363 307 14 209 293
455 176 18 281 269 426 383 382 132 373 488 115 38 83 90 164 171 52 1 495 197 98 31 157 449 491 274 110 492 342 337 135 498 405 42 188 107 50 61 152 109 91 142 126 57 464 248 352 36 34 166 392 247 499 19 374 410 177 178 221 432 142 413 204 235 80 448 361 189 268 32 2 207 251 157 7 448 10 426 17 124 80 319 22 381 329 150 412 111 296 416 358 190 39 462 434 64 86 436
276 479 350 264 442 358 240 256 1 391 247 245 187 367 376 364 381 159 423 488 154 25 494 494 497 82 427 451 224 344 332 375 329 139 380 89 198 375 25 175 441 248 36 244 161 188 361 73 256 481 207 440 170 387 222 425 100 336 109 43 213 459 444 456 202 153 464 300 18 180 154 94 209 466 382 180 225 337 356 95 265 160 7 43 342 91 55 218 100 364 243 84 413 238 87 389 419 305 46
69 323 15 403 158 170 178 480 485 293 66 76 41 319 500 291 324 383 391 308 289 499 210 234 189 376 336 362 491 492 113 336 312 62 149 418 152 26 211 476 38 104 386 496 159 64 325 113 387 342 53 440 324 282 336 476 426 48 279 49 169 246 124 288 191 248 53 397 349 369 231 256 190 375 253 177 456 91 462 127 404 8 396 156 154 270 87 168 46 144 208 422 461 86 313 429 423 394 235
180 81 179 378 122 125 223 121 416 79 496 78 150 466 351 22 163 5 420 154 196 33 174 15 66 224 117 461 201 62 274 117 13 299 204 27 42 320 391 302 496 106 353 343 470 60 220 47 387 179 232 40 203 299 467 271 224 24 115 109 301 113 451 397 87 128 226 120 418 132 54 163 109 3 189 318 150 480 45 487 406 491 322 58 378 91 35 343 430 213 35 474 69 291 52 131 495 272 335
105 436 19 455 102 59 440 286 345 431 28 330 345 70 441 422 46 167 101 139 226 78 124 429 354 184 28 109 207 458 54 269 255 317 353 275 9 17 333 29 247 326 464 52 479 355 412 342 99 285 370 271 69 382 214 144 106 4 238 119 447 9 376 255 253 356 237 136 487 62 291 488 427 452 252 57 352 451 459 180 355 121 272 482 158 137 170 157 374 194 41 468 164 126 113 9 208 324 201
449 325 278 272 29 45 263 193 410 225 452 40 474 347 393 205 330 35 454 176 115 384 60 300 324 102 482 333 66 239 142 499 378 283 362 463 398 490 269 483 225 64 349 79 11 244 434 182 236 368 396 393 297 60 378 322 53 357 335 266 18 310 184 437 450 416 4 319 358 126 13 328 279 479 149 185 413 380 82 57 84 188 34 160 7 460 258 437 456 471 404 456 368 421 4 55 303 396 267
289 39 231 333 306 232 94 63 322 471 211 144 169 242 95 87 58 72 15 425 470 292 495 18 179 326 272 279 375 431 46 18 38 301 349 286 417 10 33 270 2 68 397 45 497 358 109 316 480 305 144 227 1 221 58 371 380 120 427 115 117 301 161 101 364 413 138 182 440 358 432 431 74 242 12 59 137 428 456 457 278 161 216 309 195 342 202 124 344 198 492 487 297 156 195 27 82 449 50
240 328 142 247 77 36 384 161 131 13 237 76 477 97 99 464 209 268 89 332 347 391 387 333 332 305 264 405 447 140 415 395 370 252 297 368 316 107 282 423 13 156 23 57 94 467 286 369 51 432 359 329 206 246 445 125 81 183 134 241 478 217 98 426 490 73 335 183 131 475 319 304 7 321 263 117 330 346 15 395 238 175 76 100 86 252 210 269 173 254 122 404 476 243 74 5 328 474 320
109 290 249 215 375 428 193 372 343 413 443 210 464 56 326 384 420 98 289 302 192 186 91 445 208 107 26 463 323 173 283 28 212 418 124 335 59 243 458 155 31 482 40 155 29 31 25 177 341 325 332 317 77 36 483 255 230 337 240 410 321 228 488 316 128 221 186 156 130 408 175 497 467 26 357 216 137 8 485 187 132 367 184 20 391 3 141 290 427 44 342 355 103 279 216 223 471 136 34
34 302 448 445 12 64 174 190 49 329 97 117 153 110 18 42 138 224 263 291 32 355 86 87 443 358 203 489 371 400 480 319 328 168 367 361 311 267 236 183 296 321 384 252 476 385 72 79 45 409 244 363 111 67 378 469 186 394 498 399 94 11 62 234 205 238 39 291 320 473 105 61 487 371 270 228 89 259 291 23 62 358 451 32 420 500 79 113 382 12 489 234 462 418 337 433 392 153 48
92 19 136 324 467 419 58 468 126 99 425 367 307 190 243 20 124 241 423 408 388 380 320 368 337 259 434 206 235 282 63 102 173 483 131 222 165 254 367 74 482 368 124 5 295 222 477 53 341 98 465 218 161 340 59 41 271 308 383 270 10 359 223 15 67 29 38 4 140 143 162 158 377 30 138 130 291 241 431 435 136 362 342 23 246 95 162 104 486 232 11 340 304 104 185 23 202 117 39
110 489 132 451 376 127 145 397 467 409 317 245 25 13 299 152 203 368 108 117 395 494 488 219 203 236 497 265 400 222 59 144 282 137 84 466 305 456 196 57 81 497 157 35 375 259 198 203 162 65 393 439 452 399 396 210 220 435 402 178 303 50 277 327 276 454 213 153 286 248 411 376 183 420 306 290 32 136 397 3 454 315 406 298 443 392 37 101 92 44 330 170 132 214 307 258 166 349 211
94 92 373 269 235 76 129 351 469 161 394 377 276 175 241 482 19 145 57 190 261 221 71 82 355 307 444 137 421 183 147 15 326 411 61 94 202 294 365 18 148 443 51 73 449 347 486 228 320 297 350 40 380 160 210 261 297 436 463 277 402 372 474 214 276 240 340 185 309 457 295 88 389 265 279 362 227 61 313 428 276 380 237 305 404 374 293 107 182 440 242 15 24 335 412 287 308 93 426
422 62 473 62 499 435 6 402 411 216 63 423 341 463 211 216 147 133 264 211 57 428 17 37 154 18 319 429 201 430 129 271 184 431 6 128 177 164 201 145 103 196 59 459 147 217 311 492 356 159 67 472 482 321 19 132 52 372 152 337 111 399 214 67 1 470 227 379 152 376 289 337 468 49 6 462 257 143 25 229 115 200 55 244 236 436 145 155 177 420 172 209 221 174 458 380 70 145 107
331 175 68 109 405 377 184 493 122 5 363 299 439 354 423 413 407 129 411 495 240 43 167 154 185 164 134 106 402 173 394 326 465 258 491 222 156 484 89 392 9 462 161 123 367 66 426 400 432 366 168 295 337 3 73 466 155 343 210 142 29 261 154 344 402 81 469 371 231 157 355 440 390 320 216 341 159 277 389 430 335 344 149 186 50 369 77 188 34 73 28 313 142 236 399 61 370 353 240
56 281 227 21 184 434 198 362 363 471 498 263 207 103 186 99 399 177 211 462 227 246 202 250 289 27 287 334 405 98 498 319 444 66 77 239 296 196 25 475 473 305 202 383 263 408 165 267 131 407 167 92 335 131 61 82 454 246 213 68 483 363 18 48 115 282 488 135 316 217 90 239 191 411 232 219 180 110 136 309 22 250 338 103 126 51 348 150 281 344 437 388 38 426 438 62 366 114 236
464 218 25 260 439 395 12 500 44 14 1 313 478 216 264 130 42 462 434 69 498 103 500 409 59 396 323 385 257 293 335 21 4 481 311 64 154 408 338 471 28 60 68 194 434 489 430 110 108 127 186 375 353 8 126 128 252 312 213 215 4 51 140 229 222 52 490 118 35 268 152 194 429 54 380 177 94 254 33 60 423 475 388 173 81 213 265 61 406 327 368 427 128 128 260 351 173 323 246
434 93 405 247 211 283 395 201 119 500 87 113 387 174 144 464 307 345 475 376 93 338 147 163 284 418 465 304 426 182 399 113 357 2 191 277 95 494 486 454 70 271 459 341 105 121 287 436 491 31 426 84 426 42 381 319 5 255 489 451 249 379 485 71 370 150 410 286 50 24 206 176 304 433 136 356 373 243 434 173 466 265 241 221 496 394 408 330 352 347 474 221 301 242 270 298 228 443 114
500 337 240 255 350 110 50 64 230 318 430 160 371 81 343 125 446 180 177 213 453 394 324 414 119 211 40 442 400 453 367 458 53 367 328 180 101 423 493 478 154 437 363 406 96 366 391 20 321 18 145 132 371 416 21 201 321 259 295 83 90 94 143 56 334 484 394 245 158 190 154 59 152 12 1 495 428 243 326 26 346 112 400 256 202 386 355 218 239 125 62 371 204 471 138 446 163 464 356
209 261 266 397 412 131 216 287 111 93 428 39 479 249 422 425 97 395 70 207 292 202 239 22 296 296 315 18 26 349 208 279 28 245 256 172 395 215 210 172 183 172 139 164 447 181 45 113 201 415 151 426 289 412 338 172 498 24 454 175 36 162 137 202 56 48 181 307 78 352 496 484 377 293 201 132 381 361 329 340 213 76 433 422 9 404 347 484 10 116 342 88 105 497 34 209 208 216 371
123 370 22 397 159 245 145 438 384 493 470 331 202 324 500 98 472 76 432 85 479 102 27 287 214 92 170 21 415 53 186 376 331 78 2 64 457 330 189 143 489 146 376 191 420 169 17 17 398 177 402 15 259 196 265 497 427 89 278 487 43 410 341 17 310 49 355 116 89 86 494 194 286 240 325 331 73 195 111 140 424 4 332 8 49 116 364 24 125 235 430 444 297 221 344 349 38 408 401
280 276 360 24 119 156 224 124 425 376 261 195 438 371 475 405 366 48 309 266 3 127 103 55 498 5 232 292 85 406 81 141 293 148 23 48 23 409 355 68 396 157 498 83 427 243 471 51 249 171 244 20 176 339 225 421 51 67 55 226 415 483 136 278 254 116 295 16 11 462 481 378 323 294 46 280 359 143 172 63 84 227 98 83 492 286 273 456 355 98 362 314 242 343 316 403 386 390 112
500 252 40 207 71 66 159 270 85 53 297 285 35 171 40 87 403 312 306 325 190 6 485 228 201 405 441 168 105 187 315 106 224 391 364 338 159 87 175 327 461 480 371 92 370 24 312 20 254 84 300 451 47 128 225 170 8 451 216 211 390 25 32 325 392 410 156 292 132 392 320 273 336 139 399 241 59 105 470 475 421 353 407 420 211 396 186 145 365 418 499 91 317 276 345 188 209 284 26
21 497 274 473 359 333 349 330 490 420 350 478 210 271 395 40 500 490 127 434 151 289 99 487 29 54 399 356 148 184 4 211 440 42 402 279 499 312 427 497 409 451 166 377 75 93 110 42 494 12 237 126 2 493 244 426 366 440 359 305 446 93 366 497 406 250 467 301 367 246 192 497 498 11 54 207 494 116 473 330 1 471 362 322 249 28 483 23 18 70 497 117 77 322 438 136 206 368 488
475 267 72 443 123 487 120 468 476 281 447 27 433 93 379 130 347 495 229 62 325 241 483 239 414 4 334 412 377 440 206 359 356 231 487 400 246 252 485 41 298 485 406 484 144 280 270 149 421 357 493 465 388 243 325 57 401 190 280 86 28 455 347 323 276 53 21 227 260 13 173 213 324 456 464 189 445 94 470 45 212 152 391 496 378 18 392 239 188 482 257 187 52 461 317 88 415 41 413
31 135 249 176 208 186 454 76 166 257 346 295 308 297 422 393 363 390 199 118 276 184 72 433 178 203 81 294 473 296 182 484 122 233 438 411 125 489 451 434 143 382 177 193 222 183 171 160 230 207 493 222 157 239 32 494 298 322 185 2 213 243 365 23 91 17 168 117 85 37 474 136 317 41 128 121 330 496 491 76 312 390 25 99 273 19 250 496 128 306 377 214 356 454 332 198 168 405 133
207 16 364 336 232 124 327 212 177 73 143 299 203 1 194 190 490 68 282 468 173 473 4 77 335 275 40 274 258 332 215 336 409 175 216 160 231 24 463 145 2 392 251 458 265 409 51 119 222 494 461 116 417 233 414 298 326 207 269 234 81 31 34 321 457 379 208 225 117 234 244 276 464 492 104 10 410 405 409 157 405 406 248 166 149 418 52 76 261 3 15 205 395 26 386 80 474 165 330
53 5 83 393 343 419 385 118 281 326 362 31 488 404 216 456 225 64 344 160 359 138 379 405 186 222 194 440 78 379 154 484 400 4 61 227 99 52 225 115 342 180 289 283 449 448 298 16 185 499 394 260 132 223 173 36 143 7 449 476 458 437 262 292 450 347 174 465 247 163 23 331 1 361 186 307 283 351 384 471 370 122 78 80 308 163 249 151 304 451 36 21 115 346 50 307 343 52 354
443 50 334 492 202 252 354 299 37 461 366 361 100 431 470 426 454 492 238 302 188 460 342 66 1 223 368 204 384 474 407 3 446 155 110 313 455 80 64 73 300 258 82 465 106 21 152 200 207 279 86 102 428 130 225 111 433 249 243 478 219 202 270 311 360 233 385 213 254 224 326 404 180 46 180 383 490 209 152 222 96 254 374 47 321 241 289 400 304 316 301 217 342 410 437 128 18 260 52
296 85 415 336 446 300 495 25 194 174 318 10 479 222 153 100 192 174 342 450 393 478 216 210 231 270 124 308 246 410 131 204 183 343 497 306 433 231 254 297 242 112 270 18 490 134 52 349 62 352 295 454 447 480 106 87 268 226 64 245 223 494 317 126 160 96 105 460 361 8 294 87 26 290 423 351 401 66 439 441 441 157 404 440 89 431 404 463 10 22 218 457 232 261 451 200 405 408 123
404 270 32 434 123 339 426 403 400 99 26 169 65 403 96 13 55 325 147 394 455 44 55 75 123 352 18 430 109 317 1 209 190 53 288 299 454 309 233 404 416 64 364 318 178 203 446 176 437 34 352 439 316 238 183 270 23 30 251 392 181 165 473 10 314 443 75 499 491 342 176 388 13 44 286 19 21 332 155 286 325 328 446 210 197 239 206 466 20 187 110 26 138 35 13 285 142 268 43
140 84 40 237 102 325 287 484 303 105 55 434 9 18 388 452 94 316 368 148 460 222 434 245 347 112 477 178 158 473 313 69 347 372 233 260 134 188 323 173 200 261 373 290 450 354 444 381 249 404 5 254 98 92 480 102 140 274 270 497 456 366 71 404 368 276 270 77 211 155 348 234 318 54 175 212 197 419 384 35 348 305 155 106 498 31 439 411 311 29 30 191 400 428 455 213 421 46 470
15 115 487 267 99 480 271 34 124 243 191 230 30 38 143 481 165 214 93 311 407 410 26 288 486 72 255 359 262 185 55 207 1 90 463 117 341 315 282 286 186 266 466 217 181 358 216 63 368 104 165 439 129 131 130 485 192 310 182 76 294 142 136 341 180 251 139 151 294 176 335 150 295 4 242 227 235 321 171 396 138 270 419 492 376 85 73 300 89 15 90 385 216 18 165 349 320 389 446
299 36 123 184 288 79 415 123 309 248 14 422 173 100 37 412 288 317 253 198 402 459 499 256 225 16 471 239 289 428 296 278 160 280 238 484 243 144 231 332 128 327 180 310 372 255 394 143 378 474 394 444 414 466 95 146 451 303 410 309 158 243 132 24 125 60 205 191 100 272 140 54 269 379 42 401 157 290 140 112 434 466 44 64 480 493 85 82 362 166 81 129 171 223 254 433 319 11 322
306 382 81 324 314 20 324 12 185 76 449 450 124 27 176 497 257 221 244 151 275 149 80 7 400 187 324 450 253 105 71 172 493 27 338 54 185 457 335 76 302 164 447 493 234 292 46 58 344 211 375 126 403 284 277 286 388 269 65 310 96 110 229 461 1 17 167 455 83 15 10 167 139 365 131 264 317 204 250 10 494 460 324 427 210 25 277 333 298 217 395 290 305 491 115 327 320 277 308
337 349 498 41 479 222 134 214 458 70 322 212 479 198 390 208 281 133 444 131 456 338 258 417 346 380 120 366 405 133 260 202 17 347 281 171 171 366 33 284 394 214 500 297 427 68 414 18 91 254 164 422 166 301 222 405 157 201 157 435 287 431 46 214 169 495 311 1 460 386 419 173 325 17 22 237 398 28 14 217 65 119 90 346 344 185 285 295 55 406 109 33 478 199 108 183 344 139 418
160 63 460 179 487 69 80 400 450 194 60 128 176 477 420 464 55 373 305 125 455 340 288 69 297 111 299 188 467 339 333 247 153 276 12 461 224 355 324 92 405 153 295 153 448 354 14 357 221 232 387 286 35 359 297 199 309 242 186 217 141 72 492 21 84 182 386 114 500 151 442 387 249 372 210 409 236 426 486 166 423 365 383 266 115 31 419 375 368 87 207 19 306 45 164 461 462 193 83
45 72 332 72 39 202 447 354 465 140 308 27 123 116 493 77 44 96 142 72 41 276 42 94 69 433 494 138 23 388 311 442 426 460 290 364 31 324 94 359 99 135 343 274 150 308 291 7 384 211 47 411 320 74 245 351 115 350 36 358 372 294 151 445 343 386 166 264 470 224 117 242 484 289 306 407 222 305 178 178 362 247 19 110 221 395 186 442 336 143 439 372 15 136 106 172 262 157 317
335 22 33 359 68 79 130 290 313 293 173 315 153 247 23 69 275 22 463 342 82 294 297 175 73 426 81 51 102 393 244 298 414 446 126 479 473 76 394 111 5 140 438 160 100 66 206 89 318 475 308 452 483 425 324 410 167 409 160 467 436 303 241 36 498 479 435 110 187 63 453 374 51 44 76 187 374 5 225 189 221 319 35 500 173 281 12 243 378 56 273 132 167 176 368 482 491 418 380
163 364 369 218 30 98 342 215 69 357 497 173 460 323 499 439 320 493 126 217 499 124 75 393 425 288 357 317 409 53 120 434 491 85 114 282 66 382 430 307 36 78 492 234 192 156 445 476 17 125 153 93 216 454 262 76 349 434 25 233 466 474 463 413 443 408 146 101 196 490 432 486 153 368 51 130 242 83 325 279 384 336 408 469 68 280 467 316 336 205 277 187 334 437 71 480 408 68 200
102 83 338 111 369 252 339 258 31 299 305 346 476 159 207 19 483 148 420 71 187 14 328 422 318 354 368 86 352 158 14 163 487 358 211 16 273 367 237 99 305 69 360 81 145 252 31 15 8 6 20 483 274 123 45 262 269 209 393 280 245 404 43 217 385 31 443 430 350 471 15 316 451 109 439 161 9 275 278 264 115 331 292 424 488 454 135 415 177 100 251 351 48 235 358 131 264 237 479
357 227 427 363 478 194 78 270 8 177 204 114 154 377 149 176 386 306 36 346 443 61 138 462 134 489 488 303 95 173 493 18 441 170 213 294 396 473 301 108 100 103 446 53 279 138 118 284 56 453 162 156 10 74 198 116 201 428 415 279 37 304 451 174 346 335 42 441 377 204 38 445 482 159 48 135 204 384 13 151 237 56 276 136 90 419 295 420 383 412 74 378 181 42 208 219 143 45 89
9 420 431 8 447 185 266 54 278 439 215 357 240 141 366 432 147 497 25 188 87 464 162 496 306 462 325 193 286 401 490 64 21 106 281 394 316 129 70 251 50 191 30 1 410 135 176 492 143 177 170 4 19 349 121 331 118 60 198 410 328 348 475 217 220 236 353 377 99 38 494 73 303 20 10 182 468 464 438 406 440 224 276 138 159 427 488 499 141 239 141 461 324 449 97 403 215 60 136
337 303 339 397 223 131 370 248 488 55 115 488 55 158 470 239 251 86 193 385 386 454 491 113 365 59 311 240 82 87 111 334 154 450 70 336 73 15 38 106 86 206 500 175 332 42 264 443 231 458 376 322 352 255 147 164 222 201 291 75 272 474 406 191 241 364 37 134 463 152 55 436 272 139 75 363 166 302 183 498 240 193 57 347 291 181 390 397 394 258 413 144 479 384 53 194 427 183 170
469 60 455 284 347 264 98 172 162 142 449 338 148 499 272 89 128 341 81 132 52 110 408 7 491 134 6 413 427 60 174 173 291 258 26 356 392 199 196 126 300 14 105 354 195 10 300 399 301 122 108 140 436 421 279 287 154 459 496 245 190 454 234 341 2 398 378 91 381 376 226 450 379 134 36 148 130 354 50 337 341 299 116 343 126 184 141 396 453 184 296 301 105 486 37 355 343 464 492
401 87 186 481 143 71 55 313 378 313 47 369 28 245 280 107 253 215 348 186 231 363 245 214 463 159 272 172 396 372 410 314 467 223 459 21 431 205 175 114 300 465 5 188 253 139 71 295 2 88 239 60 368 478 31 334 319 88 461 485 30 194 401 464 156 201 60 412 471 235 293 132 158 432 239 245 416 386 65 267 430 243 296 177 423 259 394 178 25 290 49 6 154 285 372 244 248 268 278
