99 99
387 266 77 414 294 54 280 44 432 57 386 143 134 371 353 355 231 170 487 384 146 62 258 187 148 96 134 9 133 197 415 46 459 449 316 360 158 475 316 94 107 5 355 2 318 196 58 57 194 473 163 481 176 154 147 452 198 9 32 61 176 403 351 313 126 389 265 159 399 82 27 488 180 134 393 63 34 208 202 294 74 383 473 389 250 212 321 152 130 271 228 73 275 20 210 125 236 151 403
207 420 233 58 246 271 144 353 290 203 164 345 3 322 166 286 138 387 436 326 457 482 112 295 41 60 379 158 220 323 477 465 181 475 252 445 72 393 157 98 336 435 460 20 9 161 39 486 496 227 150 136 242 470 146 163 284 304 132 487 373 27 375 258 150 266 29 451 135 467 1 427 273 80 460 147 267 32 319 236 166 295 31 24 148 251 181 413 42 455 315 240 496 68 206 15 273 305 442
278 98 495 460 311 128 30 106 138 153 18 68 448 320 31 396 428 450 355 469 234 275 238 363 360 227 366 156 399 495 498 399 161 459 189 74 45 74 213 276 361 56 223 254 286 151 116 403 473 300 234 6 387 62 67 348 264 428 357 494 86 422 366 148 460 298 410 117 39 458 55 395 234 199 178 392 347 400 263 112 30 390 312 72 28 267 493 142 309 311 17 100 158 53 365 57 125 133 483
347 488 209 474 422 30 339 179 472 338 342 157 137 448 428 120 410 297 217 138 380 436 308 329 427 471 451 157 422 261 196 425 310 11 382 317 176 489 174 273 153 188 190 386 403 297 456 344 224 416 160 357 117 459 478 113 397 398 6 65 124 19 150 474 444 32 323 168 73 280 298 90 85 231 11 49 237 195 270 4 282 388 360 373 335 357 382 89 148 463 165 48 204 22 366 385 156 119 219
454 495 279 439 331 380 345 16 149 20 335 187 320 463 360 282 70 357 440 369 147 248 366 382 434 125 346 404 411 219 349 301 36 388 17 23 406 31 257 176 134 150 433 117 26 74 413 50 358 141 19 343 265 424 29 79 235 114 215 480 435 288 248 488 269 118 130 166 88 425 418 411 270 388 451 485 384 84 1 126 459 241 190 314 237 458 9 393 474 39 88 154 394 414 31 474 73 250 427
341 274 155 7 499 433 332 201 229 432 71 406 282 463 62 275 491 88 480 347 84 108 239 128 231 303 268 91 334 30 4 408 437 170 271 486 8 427 424 449 405 163 241 484 389 162 209 418 385 217 416 374 50 81 106 311 348 52 336 311 284 95 39 161 31 164 86 332 68 364 126 268 457 11 62 480 469 386 460 472 100 203 272 453 353 99 402 15 54 56 8 424 488 316 461 463 306 413 392
440 41 200 202 55 39 1 168 106 242 193 423 478 398 243 302 56 312 97 292 482 69 293 309 419 424 259 11 224 79 228 210 17 314 41 239 403 255 485 363 12 332 233 296 64 297 4 327 105 256 152 257 490 20 479 82 84 312 57 468 227 118 373 343 390 419 484 109 48 136 157 323 405 77 61 450 221 367 168 322 164 281 183 375 352 154 82 320 32 116 221 32 316 37 25 314 161 90 79
187 152 379 152 27 54 422 421 323 403 412 185 230 493 302 250 68 41 83 224 426 472 80 358 183 341 262 261 492 192 80 4 330 166 443 203 194 136 409 318 381 464 242 445 489 8 201 33 415 390 206 398 359 89 128 7 104 323 328 171 360 423 301 66 186 245 71 157 476 279 124 467 136 137 246 361 293 487 214 213 457 270 65 350 458 273 430 334 75 284 375 175 483 55 324 302 219 307 218
105 340 144 144 289 246 43 429 229 79 444 288 295 61 225 279 335 272 113 336 279 123 146 284 322 217 47 217 246 116 299 21 319 50 189 254 141 380 263 441 328 213 338 148 224 302 141 480 43 150 27 322 394 183 141 396 461 41 382 64 10 165 385 459 266 12 13 113 74 228 177 337 15 298 215 303 132 3 28 433 5 112 407 89 457 387 238 486 345 307 57 352 427 127 355 498 309 181 140
65 365 283 308 492 367 188 368 476 52 238 495 99 222 182 199 33 287 44 446 463 468 243 137 474 156 32 73 84 205 113 140 32 154 212 353 417 34 291 200 273 397 144 69 208 23 368 410 454 349 215 87 454 114 214 365 339 498 416 461 361 470 173 78 465 98 108 141 452 378 328 158 237 298 232 24 316 423 398 224 344 302 448 128 404 233 223 492 79 347 365 348 135 132 205 409 366 330 381
369 387 28 155 215 301 40 378 171 248 313 22 83 225 341 490 350 45 269 42 340 361 489 388 144 429 295 429 366 444 274 330 340 349 164 213 24 13 438 25 3 307 416 386 451 233 126 346 24 339 190 22 481 75 15 494 328 4 337 93 366 348 12 330 192 325 19 328 460 452 257 320 500 178 254 366 379 352 383 347 377 448 127 390 314 59 291 7 334 381 438 12 30 269 201 53 377 93 344
66 140 304 363 106 495 463 57 88 346 256 446 242 148 430 219 107 421 157 479 483 403 412 171 302 131 85 324 61 256 299 188 446 253 447 57 397 205 400 485 100 261 327 267 157 267 81 384 28 57 329 409 170 228 36 439 221 45 366 401 41 132 52 4 30 391 161 31 149 287 352 139 340 400 184 7 149 78 304 475 380 98 282 360 292 123 391 288 331 24 297 63 341 468 217 206 28 307 497
393 308 8 411 470 285 469 14 195 216 455 452 431 124 453 117 232 431 63 428 209 448 392 464 396 325 174 376 33 160 279 270 246 18 142 236 212 99 293 240 276 180 400 441 318 410 105 229 370 28 151 249 134 153 284 237 386 298 318 450 96 61 46 34 495 21 19 445 364 257 270 69 130 198 117 432 236 322 23 117 224 73 96 126 136 67 105 458 283 183 421 133 294 303 285 100 221 466 127
405 310 385 393 292 403 1 106 296 139 280 161 330 420 333 322 140 26 290 485 391 129 360 259 426 286 240 180 36 203 485 127 324 1 247 23 480 226 342 51 468 191 417 479 205 301 361 477 478 155 362 246 419 142 152 222 429 27 310 32 167 222 252 298 87 31 167 263 257 378 61 293 21 332 145 433 167 427 359 418 352 97 458 126 405 42 278 334 496 169 460 50 270 158 306 181 439 190 381
425 54 309 359 159 62 188 274 46 205 347 55 247 7 3 457 292 155 498 310 116 176 130 42 306 275 495 183 311 119 206 282 296 243 30 447 29 497 355 440 226 310 478 119 217 439 33 393 297 302 211 315 328 26 18 348 28 246 148 54 113 55 80 392 402 38 312 115 160 347 207 177 137 487 66 488 454 94 297 208 108 264 66 124 436 335 348 70 186 490 72 239 189 205 54 170 4 11 343
297 468 223 83 353 387 102 132 93 239 84 354 497 181 423 459 66 46 284 219 111 213 178 79 12 97 73 194 393 90 395 462 344 484 144 342 324 434 399 32 345 239 24 271 149 393 419 93 208 252 127 74 214 105 405 450 495 458 128 59 216 208 20 331 176 86 127 266 290 248 38 101 243 75 261 449 342 305 403 364 430 259 262 72 373 369 450 355 401 250 86 97 265 458 321 206 383 410 170
55 153 305 197 4 77 112 302 408 333 349 307 27 241 126 22 162 79 379 242 446 379 70 171 482 36 18 9 106 107 54 141 70 140 62 282 336 119 172 280 259 193 233 196 121 157 386 481 463 33 35 223 487 310 439 402 361 452 420 282 287 210 398 238 396 362 396 14 457 337 244 65 13 387 109 409 485 313 342 331 241 182 122 309 289 202 418 304 228 257 146 364 292 166 337 435 374 317 191
49 272 403 444 328 136 165 322 285 285 437 96 172 243 287 119 283 123 357 453 190 397 282 330 304 401 485 485 129 94 239 84 448 498 458 219 172 466 151 254 141 466 424 282 2 313 479 363 271 496 35 161 171 236 248 371 200 253 113 210 403 487 391 374 185 95 444 277 41 120 29 313 410 23 85 234 491 461 276 11 236 363 114 226 124 120 172 8 295 220 270 32 288 284 478 381 61 79 210
32 361 342 236 259 455 40 250 10 415 250 245 379 421 59 169 104 471 410 223 367 237 169 345 468 386 249 98 142 92 305 475 108 444 286 339 429 437 393 128 10 344 112 300 107 350 152 58 261 227 348 118 77 75 118 372 39 215 87 297 242 315 76 470 488 116 366 115 375 206 78 481 104 296 63 83 195 159 345 244 421 289 110 98 378 3 120 115 401 474 374 99 490 214 465 323 101 455 391
142 417 73 372 126 11 210 476 358 45 275 42 374 378 295 155 197 32 72 488 142 57 265 172 337 125 29 155 207 414 27 36 256 277 165 401 310 272 104 229 146 72 393 5 316 430 69 210 275 429 364 218 220 421 197 487 170 157 184 359 392 327 151 7 75 279 24 397 160 17 238 328 112 273 452 244 243 441 77 310 134 336 442 264 458 395 346 411 432 363 293 206 195 103 315 261 220 300 158
386 215 69 126 353 210 489 4 437 78 394 99 320 340 8 421 52 396 442 65 101 141 259 359 450 127 206 157 395 114 250 482 262 11 58 4 404 458 82 407 376 326 456 275 403 274 360 202 474 147 77 71 425 462 188 298 188 390 21 242 201 452 260 375 385 56 14 202 416 158 182 376 178 343 304 184 262 406 149 6 138 323 363 307 147 283 316 191 446 162 493 404 193 218 377 412 221 395 139
31 39 34 465 20 15 320 336 399 162 271 204 342 207 201 205 79 471 472 473 495 355 357 211 25 497 231 233 355 458 5 290 111 154 255 117 361 392 339 305 17 384 330 282 134 401 87 491 378 145 454 500 463 189 339 441 51 134 100 210 258 36 400 282 387 406 289 269 13 114 377 432 40 127 423 205 289 236 349 293 284 154 181 134 368 211 278 281 139 220 491 419 88 49 319 201 79 426 146
316 361 88 482 89 268 416 138 495 157 398 7 176 267 61 443 226 113 144 465 377 6 208 197 71 212 374 239 337 393 332 193 72 53 356 284 485 244 443 471 373 89 276 439 260 356 370 165 450 456 462 54 313 390 448 53 375 44 77 430 387 466 387 120 386 417 466 317 77 93 277 204 188 362 381 225 476 122 469 451 350 113 92 81 90 332 368 244 294 423 291 22 149 57 214 494 7 133 115
444 399 460 419 337 242 320 86 357 247 260 43 456 478 364 215 301 484 99 389 172 66 365 153 427 252 104 165 56 403 417 239 455 287 482 63 428 425 86 359 484 11 289 212 435 499 331 488 115 204 126 113 480 489 446 188 55 366 92 23 269 49 44 358 235 208 66 367 385 85 176 479 185 257 280 296 256 63 316 74 156 29 170 120 304 185 248 301 194 1 231 93 77 331 418 261 410 116 236
248 417 249 424 70 409 115 145 24 422 240 325 331 48 385 367 103 131 207 35 172 208 179 358 196 286 262 153 435 432 463 87 465 93 185 260 10 125 234 31 233 189 463 82 143 11 497 396 80 450 462 144 65 330 48 100 406 298 320 207 88 70 128 264 128 218 33 173 432 465 479 392 100 500 99 403 68 109 321 247 156 187 303 391 389 127 171 35 77 343 58 20 33 350 488 310 439 155 447
40 476 480 320 279 415 11 254 354 186 406 432 175 456 34 487 332 175 413 209 10 278 34 313 172 329 304 436 244 140 123 22 49 409 274 359 350 172 329 103 85 207 43 228 134 58 112 347 353 147 19 172 283 198 73 291 343 379 406 34 112 392 362 187 12 27 93 106 134 80 287 492 19 104 242 261 188 45 433 354 222 74 139 385 331 389 160 493 48 382 177 85 450 122 291 436 444 205 132
382 470 113 414 187 334 203 392 143 247 372 53 483 316 444 248 422 159 21 114 337 4 443 438 18 96 218 318 150 397 438 408 163 197 484 203 272 395 100 84 406 188 90 292 287 29 180 396 169 377 128 266 350 358 208 411 58 380 225 473 110 219 410 461 87 18 62 136 423 371 323 283 47 278 444 196 184 24 278 306 317 248 241 78 331 65 234 165 289 44 478 283 301 469 39 156 92 134 235
210 185 168 439 8 280 333 366 230 131 268 44 105 253 271 197 316 323 400 173 380 134 339 151 490 57 209 26 289 307 275 150 130 130 128 350 316 241 179 367 387 372 78 39 214 342 65 94 32 274 254 31 389 106 364 164 398 103 160 204 279 107 22 457 17 299 403 311 264 157 138 438 47 376 252 74 66 184 264 277 335 79 2 205 124 497 7 437 9 29 96 329 377 390 161 465 283 418 106
386 124 236 74 277 293 110 429 406 126 165 126 199 451 127 82 212 103 389 407 214 411 190 121 456 4 43 308 401 76 18 332 470 389 369 344 78 444 221 399 136 309 168 62 29 226 86 215 48 129 324 170 409 57 499 109 118 178 114 297 411 90 447 139 478 301 210 237 214 52 332 471 45 379 292 326 112 113 459 180 73 309 321 31 88 77 497 273 166 257 442 290 150 53 472 395 426 327 164
356 176 59 218 391 437 274 45 232 375 101 268 374 336 288 371 9 21 103 437 97 71 467 155 262 425 119 144 473 208 266 375 79 454 220 178 455 423 144 300 174 64 92 426 112 267 436 397 142 203 84 334 432 26 406 406 22 226 184 168 403 162 249 431 127 370 234 435 138 106 280 259 349 79 53 243 64 67 133 11 411 328 187 316 441 374 183 93 414 474 475 21 101 285 455 129 223 221 440
314 268 40 87 218 37 34 287 330 89 302 153 28 345 34 266 66 391 152 491 212 141 19 426 195 240 99 201 363 251 325 468 261 436 332 387 487 70 408 427 170 259 141 122 160 355 138 213 84 420 237 91 413 265 391 46 438 378 165 120 453 499 330 326 286 202 138 51 88 333 167 4 233 461 53 497 334 206 284 79 381 33 97 460 190 477 433 463 98 126 434 10 443 284 190 73 26 154 74
499 450 311 214 423 90 271 69 42 468 254 130 392 423 33 116 340 410 21 372 445 420 127 339 47 357 29 354 68 245 472 82 275 239 437 457 180 310 178 158 195 154 409 127 72 2 332 445 297 311 202 156 379 353 351 46 235 169 83 203 117 390 496 325 14 266 236 284 144 281 43 418 70 456 9 280 64 470 223 136 118 381 374 45 421 335 6 272 450 37 307 35 465 336 239 198 138 309 451
102 375 82 65 397 451 176 239 128 443 233 195 448 273 129 50 274 65 347 174 472 340 360 319 110 94 496 434 26 281 225 134 378 129 212 271 54 326 220 42 84 489 175 361 50 356 140 160 199 141 426 17 246 267 129 234 4 126 177 95 327 294 494 258 381 171 350 295 429 60 49 486 128 54 216 178 418 394 435 182 130 77 331 410 115 36 183 363 4 41 68 296 258 376 358 122 122 268 153
43 161 46 61 304 278 345 428 45 310 57 479 346 299 329 5 162 492 430 340 250 358 369 196 282 229 165 236 458 432 300 5 7 68 234 305 167 263 450 308 346 324 77 72 161 25 219 438 386 86 130 222 261 154 351 380 13 164 64 416 100 41 425 21 171 89 309 243 304 357 297 301 219 446 447 110 431 433 484 425 43 400 89 280 328 332 192 496 71 415 398 415 300 81 442 471 230 211 204
328 48 77 68 358 283 441 479 33 149 24 485 249 262 1 219 427 493 297 118 291 214 59 490 226 415 79 498 30 47 168 311 8 207 179 94 500 15 267 71 67 157 421 454 253 84 110 341 95 259 409 113 316 189 269 382 117 220 150 39 266 22 112 60 433 480 187 255 37 157 283 125 295 120 335 379 141 12 52 105 283 391 159 462 184 117 331 80 366 458 353 232 20 214 58 299 210 148 252
101 352 471 426 154 435 369 32 334 367 108 73 253 225 96 186 242 348 491 465 389 361 285 86 253 177 285 469 174 320 4 194 399 194 270 154 109 171 452 488 251 150 348 145 381 419 249 204 376 401 115 328 171 81 487 492 347 233 138 170 150 368 195 239 110 51 422 481 309 81 456 441 386 156 140 205 304 48 236 142 287 126 7 142 166 441 400 312 394 328 149 21 242 206 216 217 73 239 125
276 162 253 178 416 161 96 203 279 497 428 340 279 216 78 32 324 123 31 57 105 246 422 422 81 209 78 420 283 309 289 140 56 196 486 332 364 107 126 288 347 29 309 79 101 49 362 483 202 296 405 121 61 129 273 299 8 202 57 244 292 50 258 384 472 191 351 346 327 436 39 64 478 217 231 327 493 186 345 394 323 39 60 301 262 399 218 141 267 398 78 130 367 20 283 284 446 68 366
45 388 276 400 296 369 278 128 103 322 272 138 376 494 56 115 293 271 161 419 159 497 156 207 23 66 287 80 465 493 451 323 97 162 213 440 483 486 162 337 339 94 307 258 484 338 56 438 200 201 195 103 212 120 404 430 435 117 362 128 249 26 202 77 116 100 347 399 377 164 400 263 277 32 139 350 453 274 250 455 78 161 461 130 142 142 32 226 498 31 287 457 207 467 140 465 427 58 74
74 223 384 145 462 342 451 141 111 316 469 481 26 150 62 442 208 346 486 415 8 99 162 468 123 308 256 167 487 150 276 58 50 125 429 93 109 422 348 388 336 258 178 135 308 368 492 244 12 423 55 270 47 253 314 415 103 83 272 118 219 42 95 404 77 11 364 344 128 4 444 215 198 33 471 133 138 354 443 301 4 385 491 108 121 319 388 42 369 41 62 172 155 156 377 397 25 343 307
222 306 420 4 311 478 32 163 188 102 432 231 75 43 65 314 309 440 138 330 335 430 184 417 66 420 181 29 98 190 38 142 233 223 459 466 27 309 136 169 426 284 499 481 254 238 79 41 144 422 385 464 479 329 103 82 350 289 237 152 176 295 70 251 196 157 206 153 495 367 441 236 361 439 177 373 368 260 365 176 90 4 248 337 410 179 82 48 228 410 481 277 104 139 144 492 456 339 140
466 385 212 13 383 403 107 128 480 275 336 467 294 443 364 196 372 83 35 147 254 115 41 268 168 333 183 217 213 311 277 419 113 183 26 213 284 325 416 408 220 201 449 400 418 478 112 275 218 387 44 157 499 238 447 65 209 123 31 101 282 189 175 100 251 112 94 89 114 60 252 7 404 93 2 254 461 257 417 354 445 253 407 362 454 496 387 335 406 79 421 360 110 253 136 156 132 235 325
352 75 328 226 308 137 155 408 336 21 138 183 159 425 282 33 185 467 194 55 411 316 331 55 364 493 235 57 187 242 500 58 105 116 329 89 414 34 26 101 227 49 195 429 291 382 426 283 365 59 246 177 65 414 27 249 37 490 194 34 392 493 386 240 219 272 272 186 74 195 316 233 104 210 469 69 108 442 56 29 14 174 332 400 407 82 230 134 75 142 339 210 201 201 334 65 249 1 329
266 388 447 309 113 293 91 110 165 291 269 169 3 413 333 400 500 328 376 213 441 489 414 234 286 138 302 149 49 246 64 449 202 141 135 201 350 372 265 227 305 236 16 158 245 201 90 73 14 137 190 348 11 369 285 375 388 68 271 228 334 309 324 460 397 74 384 140 120 23 243 1 320 420 461 45 296 99 400 283 89 484 296 68 162 83 50 209 350 431 470 96 221 373 48 157 308 479 262
305 191 371 483 395 24 474 272 164 278 404 296 441 298 307 190 207 342 202 274 118 482 361 398 279 349 119 53 90 260 492 353 423 175 378 163 128 449 227 435 74 83 39 43 431 198 322 110 229 447 219 358 298 54 205 208 429 39 453 191 179 406 82 260 308 43 289 430 378 21 428 495 102 278 122 443 60 18 431 128 189 206 240 76 299 22 11 121 200 123 78 489 26 164 68 447 235 47 230
313 134 249 84 479 361 82 333 20 312 191 297 169 478 233 241 245 48 167 248 26 37 103 91 493 89 335 440 370 382 327 168 34 146 205 209 21 340 106 365 230 495 238 19 25 423 262 347 453 465 424 493 489 460 418 363 391 359 392 12 439 39 498 19 231 340 197 203 467 355 365 435 366 274 5 223 5 138 48 428 33 360 277 94 454 373 315 441 428 434 354 231 171 222 270 243 404 453 245
367 245 300 244 455 456 125 409 43 218 286 268 33 499 466 353 257 55 136 357 470 432 154 353 280 263 102 485 94 300 225 124 147 106 347 230 260 181 266 18 359 134 329 108 271 175 294 464 236 3 253 36 127 137 396 68 473 384 225 32 382 63 476 360 194 10 135 414 401 83 460 231 236 437 51 350 492 229 382 175 239 262 433 297 332 420 484 153 184 130 193 454 291 270 370 412 146 143 291
351 156 438 417 179 213 329 73 55 40 141 384 5 299 417 257 247 9 175 116 197 138 291 339 34 23 44 245 321 364 38 263 273 181 475 376 328 373 335 120 500 483 378 263 204 177 278 201 488 464 297 265 100 471 79 387 274 281 408 117 8 103 416 210 183 121 33 200 24 334 6 278 248 17 211 98 219 11 399 330 371 33 161 243 276 331 492 353 191 322 64 249 289 322 219 317 296 145 230
57 415 210 60 287 363 122 408 338 242 428 135 104 433 354 327 418 431 367 372 125 51 312 187 478 310 414 256 410 313 369 493 318 63 327 353 110 252 322 417 346 395 400 311 93 375 121 184 367 211 10 142 310 73 93 451 275 162 201 62 289 80 374 291 312 107 189 358 322 338 472 440 36 14 261 121 225 134 380 7 215 331 477 443 317 3 448 299 92 289 130 183 293 283 288 258 102 161 282
31 80 427 404 82 375 258 110 345 214 396 11 450 187 132 311 257 28 289 180 344 137 355 265 106 220 65 348 194 8 401 403 284 39 201 353 59 394 6 273 336 362 37 380 314 29 408 491 324 168 497 415 224 463 474 286 152 465 176 192 440 451 214 243 25 69 7 410 4 307 111 125 410 12 453 122 15 102 297 43 158 320 20 214 35 188 286 446 117 225 194 111 214 71 188 284 223 20 138
96 381 487 268 406 55 380 123 172 358 46 446 188 56 241 478 60 424 332 293 3 117 95 350 217 144 352 464 31 144 274 212 369 227 437 377 163 86 363 399 203 403 107 93 492 169 424 400 68 255 121 41 377 445 175 464 118 114 240 455 362 376 30 26 331 44 213 332 73 280 32 117 444 335 427 492 330 415 65 487 246 443 59 135 34 167 242 393 97 371 195 184 243 68 29 275 20 177 144
273 485 97 38 354 496 29 477 109 74 35 328 231 318 6 211 209 309 203 51 108 261 375 245 426 250 304 65 102 277 216 413 105 376 383 222 352 73 150 449 478 385 202 305 315 82 109 43 444 426 119 126 57 71 2 382 330 265 111 394 112 415 411 48 84 124 118 333 116 173 91 129 328 33 290 135 195 165 428 379 242 482 416 267 494 189 37 240 335 338 212 357 498 296 123 461 276 22 316
428 448 390 140 449 239 322 284 331 320 438 50 338 343 19 1 482 102 27 491 141 377 269 30 59 420 392 467 166 62 242 113 150 190 236 432 392 389 333 433 136 419 238 237 424 427 148 412 22 207 150 418 300 362 155 474 344 467 464 152 263 101 39 138 430 99 170 454 34 73 306 42 107 337 30 467 16 33 40 211 286 251 415 133 356 7 6 129 475 101 390 386 236 324 462 293 261 434 478
217 427 431 370 226 325 280 363 410 345 227 222 356 460 357 42 429 395 193 57 416 477 383 298 390 146 393 500 479 17 106 144 306 20 293 319 32 301 487 158 5 15 427 71 50 172 475 4 133 480 326 369 8 44 150 493 263 98 278 410 219 326 424 301 312 402 494 198 416 239 330 95 54 192 394 317 197 422 342 40 102 238 180 72 494 278 374 118 198 488 130 333 16 71 367 32 473 484 140
172 334 274 100 493 468 328 285 197 86 437 423 166 221 262 26 96 492 489 117 12 13 348 135 411 129 168 79 126 191 233 353 460 67 430 3 67 372 477 170 286 366 287 150 386 272 301 143 363 160 271 27 21 39 364 69 269 208 36 79 20 238 7 80 241 299 412 452 155 167 266 123 2 191 420 374 318 244 235 366 105 315 313 430 428 16 51 193 436 121 62 114 301 240 147 93 336 443 233
353 491 478 360 20 200 207 429 476 448 344 102 339 312 216 101 324 414 4 458 489 215 296 264 342 59 362 16 121 396 131 434 227 354 341 442 436 489 80 52 478 382 434 113 117 397 128 407 304 251 151 205 423 396 495 241 231 303 389 230 385 82 65 489 195 343 79 259 62 128 110 431 271 31 107 232 251 295 131 260 295 272 138 230 168 455 308 331 240 32 34 364 443 109 221 88 169 79 90
256 466 488 149 71 342 344 72 478 19 484 315 336 267 200 111 79 122 414 167 101 114 89 476 435 251 56 302 209 420 496 30 324 149 465 36 174 293 281 66 497 34 319 168 133 300 440 469 57 456 319 476 224 254 217 444 297 24 190 206 160 315 435 79 324 238 317 83 485 208 59 206 108 370 249 484 458 366 292 83 281 170 91 429 484 34 351 167 210 235 217 110 251 4 101 115 435 186 313
480 186 44 302 83 494 382 456 489 146 45 313 15 160 31 154 95 475 405 162 110 418 107 312 57 368 458 323 204 180 363 35 294 276 191 309 224 457 29 341 454 327 418 243 75 86 211 329 370 74 17 375 234 220 44 374 252 257 206 174 381 58 486 421 60 425 205 7 355 260 499 147 316 495 298 259 278 496 333 219 53 90 35 134 111 315 157 102 418 8 1 440 238 322 84 343 47 424 110
196 156 318 323 325 277 71 449 177 136 385 424 227 91 466 213 97 42 122 371 206 176 133 286 38 305 436 489 140 414 246 308 473 218 74 252 125 428 83 394 137 454 243 460 335 25 492 441 281 466 313 42 220 125 387 359 225 2 336 397 382 351 344 186 19 165 153 115 301 195 47 124 153 438 428 220 64 192 300 122 53 296 377 487 16 415 138 113 347 54 469 304 117 288 99 391 69 386 151
451 208 136 77 115 22 32 363 295 360 490 73 105 437 210 460 494 454 300 119 11 483 475 49 277 132 80 130 246 422 28 286 330 413 261 435 20 347 409 164 244 495 70 352 389 384 482 133 251 279 489 119 150 227 306 437 417 378 99 347 68 356 313 200 27 273 156 383 177 314 307 25 474 294 384 142 350 310 2 198 42 72 306 228 124 127 47 294 196 339 452 61 242 428 486 25 443 450 287
487 456 229 478 374 303 48 60 134 367 396 499 396 448 125 107 360 35 324 18 353 147 54 32 46 223 277 301 175 374 38 172 293 3 317 425 445 429 212 181 375 480 428 452 380 138 329 439 137 178 423 44 27 328 179 77 124 354 307 260 122 345 486 313 233 145 352 226 41 320 220 60 418 27 42 317 158 123 67 430 476 226 315 425 96 462 181 370 383 21 431 415 67 278 212 101 344 377 49
37 269 161 62 217 227 82 259 308 216 368 362 316 16 145 251 437 208 352 61 372 307 380 433 385 148 251 387 56 63 51 22 347 161 408 72 435 2 460 179 187 469 480 493 496 198 42 68 222 298 122 213 22 451 195 192 464 12 475 251 413 145 205 268 243 355 273 391 123 322 137 67 102 375 157 199 475 31 4 119 127 233 180 156 61 242 171 329 389 348 220 85 24 346 448 336 144 140 75
283 398 100 358 186 142 245 252 432 427 32 85 343 89 355 121 295 271 167 439 391 48 377 48 74 125 433 15 426 346 66 31 95 497 1 426 415 157 124 300 331 187 121 56 91 163 137 21 316 475 247 361 110 215 153 337 110 470 266 281 419 260 8 271 50 414 57 149 395 308 111 481 410 212 135 354 38 492 128 321 395 147 286 167 337 448 381 13 303 493 155 203 329 176 443 142 433 164 360
403 139 369 278 302 491 112 414 349 380 450 233 111 275 70 434 328 27 409 250 285 129 89 16 389 37 31 58 73 470 212 112 429 381 73 347 97 209 450 74 8 107 335 363 58 11 211 99 237 348 458 86 75 353 386 201 195 313 125 326 382 46 209 300 476 306 405 296 426 127 252 214 194 267 167 8 292 435 255 26 41 476 304 187 267 498 313 422 481 333 202 216 321 166 312 10 375 75 346
450 69 150 486 418 223 78 390 367 320 240 216 26 187 463 317 3 163 138 400 156 323 114 495 385 119 271 293 287 169 338 402 236 440 320 64 111 50 121 429 224 5 360 284 289 71 84 309 80 264 204 340 46 421 231 86 372 498 153 185 225 202 476 150 460 396 35 263 12 454 119 126 494 371 368 206 91 290 439 68 364 51 475 294 120 474 115 484 132 466 160 484 100 191 205 270 213 460 65
131 50 473 112 122 43 26 269 438 77 10 117 419 47 290 136 465 54 398 196 229 420 475 486 404 144 169 372 120 448 439 465 126 345 157 433 139 59 289 352 291 340 218 424 168 236 323 13 444 452 141 468 4 478 393 298 9 252 441 443 404 488 365 353 218 242 300 442 311 349 2 350 151 163 304 240 110 359 307 98 210 498 144 156 279 281 208 135 144 392 220 364 317 205 208 214 406 110 225
383 287 137 382 253 351 412 325 10 319 244 213 383 188 337 345 76 1 440 315 302 370 210 136 60 344 385 456 165 28 369 330 110 327 224 12 140 19 172 184 438 86 373 58 327 107 303 225 432 238 379 116 401 140 377 383 468 208 215 170 375 107 476 109 91 400 113 84 312 486 455 474 242 256 119 17 38 420 328 424 221 306 278 464 265 448 134 77 448 102 341 90 269 64 127 8 202 428 383
252 376 341 474 329 226 444 353 435 221 161 172 310 25 182 149 307 373 495 42 198 131 262 194 487 455 4 309 310 441 477 492 170 50 188 105 95 419 221 8 272 71 298 40 307 133 216 278 468 5 423 155 84 402 411 76 20 313 470 176 314 18 162 338 437 305 266 475 453 119 166 347 180 494 149 247 119 293 359 491 353 426 290 421 351 444 478 274 333 369 262 96 455 39 434 260 414 162 44
169 23 252 473 157 168 253 452 407 492 466 284 313 8 489 186 448 112 10 240 4 78 106 26 136 243 20 410 263 444 41 495 218 291 5 489 405 158 466 133 28 354 471 282 418 439 394 46 499 415 476 228 197 145 64 449 460 313 207 256 360 124 155 287 370 361 34 97 70 265 59 430 411 411 450 68 46 295 166 130 404 54 136 494 11 188 371 63 437 385 391 220 334 474 88 149 210 489 143
112 409 482 64 68 249 265 135 316 391 332 473 132 97 313 344 154 345 177 63 261 216 155 176 153 320 120 272 409 322 118 410 311 265 321 307 20 466 297 178 270 253 236 386 189 445 234 13 8 436 439 435 47 216 313 72 145 479 435 321 252 40 132 456 23 467 77 423 9 460 189 329 263 73 344 426 220 235 268 374 398 182 396 102 316 312 451 124 86 269 224 429 58 282 296 278 57 455 174
59 223 450 95 130 368 455 379 111 470 110 222 268 78 414 178 442 439 412 77 333 360 480 250 348 448 363 200 16 103 331 158 127 353 305 395 285 22 166 43 183 393 190 115 322 388 52 394 62 44 488 235 388 25 361 144 130 187 252 327 103 482 188 55 393 120 10 481 385 315 345 423 253 144 170 437 381 64 42 23 441 477 40 282 416 412 499 426 126 167 395 241 466 366 462 235 488 79 160
452 421 104 18 32 289 411 113 155 265 219 310 458 98 392 175 335 385 57 249 443 485 226 472 110 193 434 322 296 450 348 147 467 429 363 225 373 439 355 316 214 62 491 255 156 460 304 262 441 177 188 182 225 416 286 387 218 411 473 61 495 495 224 410 341 182 484 108 137 181 275 219 253 319 479 327 91 201 43 500 102 443 195 416 63 252 473 123 496 299 304 96 465 81 310 138 191 483 406
32 338 397 222 137 173 190 500 266 169 441 367 8 41 378 207 57 131 321 481 142 404 191 97 31 488 393 8 391 180 432 5 190 322 98 466 313 159 487 486 194 452 21 310 429 319 221 255 97 96 364 92 228 162 70 290 453 145 426 151 262 329 172 120 48 283 408 308 253 12 292 215 289 366 127 221 96 137 500 303 127 117 218 390 198 138 483 500 484 153 398 271 25 457 148 128 188 12 303
378 456 214 204 352 181 87 497 340 84 291 193 7 57 143 296 40 333 233 265 40 400 64 118 94 131 430 197 407 291 14 184 362 220 298 52 499 384 408 290 474 203 294 497 168 323 469 21 424 10 220 23 369 404 176 423 447 413 46 311 199 351 109 149 113 465 262 7 61 399 417 278 133 53 73 301 396 124 466 473 21 23 31 69 47 355 88 185 494 498 373 400 153 53 242 477 7 159 244
373 313 493 286 28 341 221 221 225 97 288 61 103 155 410 264 148 342 310 169 15 236 471 310 320 500 259 451 207 457 456 12 91 84 367 266 255 140 90 437 99 365 308 392 253 61 447 416 456 239 440 338 236 363 344 33 393 55 108 289 359 59 404 202 276 178 140 394 225 323 96 135 186 222 312 51 240 123 463 48 318 248 191 26 118 498 37 351 75 112 240 140 257 469 278 397 252 410 255
268 455 194 265 136 56 171 236 225 242 451 336 419 109 13 242 18 386 183 204 401 58 403 207 405 443 217 377 70 497 79 470 445 466 256 371 32 231 82 18 275 205 152 486 402 456 2 136 412 111 266 169 284 185 485 310 208 50 382 288 149 164 53 195 250 95 316 208 295 293 459 325 251 189 433 500 267 200 42 79 175 92 169 344 154 128 306 145 227 267 473 270 26 324 473 291 259 288 250
109 261 367 31 286 178 149 27 474 227 469 151 255 464 72 132 210 330 166 21 230 211 236 293 365 110 18 484 199 307 34 322 426 416 92 380 387 240 462 267 39 37 314 84 287 384 379 314 458 89 193 443 498 66 405 242 318 297 384 479 155 165 32 439 12 377 401 416 268 483 164 451 62 246 75 105 269 342 133 31 109 218 172 241 360 187 20 108 365 267 454 245 289 234 61 228 78 492 240
159 67 211 446 10 444 162 350 394 197 348 305 337 109 224 6 231 291 298 99 127 58 210 301 30 107 64 238 128 156 421 82 127 377 303 145 96 72 316 430 210 148 491 182 166 322 387 224 41 194 206 245 233 42 438 279 471 129 434 398 294 255 198 499 99 119 295 260 240 287 192 385 244 433 480 324 249 338 26 193 489 201 10 4 15 446 133 183 281 385 229 220 279 36 252 116 366 316 305
40 469 383 246 315 334 376 483 483 340 129 244 145 269 174 172 58 276 74 422 235 463 489 455 150 315 425 121 431 10 218 436 156 214 215 455 66 221 63 222 172 500 149 203 105 337 248 119 247 232 158 76 486 351 366 379 30 151 256 298 374 208 177 133 355 349 93 368 70 473 441 79 434 360 170 180 325 164 321 456 449 443 455 20 43 414 100 373 234 456 49 165 359 102 265 222 302 145 202
7 323 114 411 101 106 83 496 458 424 401 459 334 412 50 121 421 255 247 100 230 255 413 46 242 377 489 387 237 371 497 295 158 345 397 285 306 217 435 96 93 145 100 247 199 222 345 129 212 270 333 72 65 365 16 305 148 154 246 254 490 142 13 270 103 135 137 63 357 263 347 454 410 211 89 479 9 493 90 244 324 44 410 39 287 375 340 2 266 35 64 192 389 500 98 391 334 243 370
81 385 9 386 222 298 208 221 200 317 290 423 388 145 107 380 323 496 134 204 274 123 114 94 27 465 264 308 211 341 286 49 152 156 498 74 152 187 34 244 31 290 428 156 354 8 430 431 93 242 414 242 268 14 47 159 8 287 279 375 299 451 124 8 235 404 399 299 355 98 382 364 297 360 312 489 224 392 172 300 204 72 35 375 102 176 440 316 275 379 377 71 387 101 241 362 117 18 330
170 75 93 231 70 48 141 416 10 371 230 21 215 77 253 13 97 130 410 449 453 34 442 157 246 151 145 215 257 393 28 7 193 72 350 228 305 186 304 332 293 124 133 99 473 239 378 184 160 485 408 315 17 318 151 15 358 7 208 422 189 490 147 335 44 346 363 109 36 104 321 186 406 64 397 18 24 443 335 85 281 274 484 359 57 228 458 231 167 63 200 388 54 198 94 25 464 380 1
490 159 481 66 387 188 176 308 337 101 248 257 279 157 44 113 33 49 362 226 95 133 298 112 445 113 257 190 48 199 406 74 340 113 251 217 36 247 456 388 336 302 318 365 105 205 219 166 190 433 373 414 349 87 455 380 359 110 317 88 351 468 400 496 439 208 147 455 279 406 408 224 303 275 279 151 282 355 249 291 232 488 214 233 293 356 95 186 327 381 360 14 278 21 365 272 48 411 118
108 358 382 143 110 298 180 31 78 371 302 477 377 315 319 218 347 330 165 457 307 121 67 196 390 393 442 358 296 484 366 474 298 445 354 127 54 362 384 376 429 339 148 444 487 4 463 229 213 1 301 209 319 251 363 312 57 374 85 116 80 32 65 156 358 172 279 363 204 429 288 145 336 213 35 383 103 388 446 442 180 72 59 183 138 231 453 147 379 402 308 407 480 12 124 431 62 203 367
242 35 278 329 299 340 369 413 281 152 353 111 434 201 327 351 100 231 305 227 119 243 188 85 212 249 21 440 169 178 348 473 161 432 386 446 250 420 227 223 398 482 206 56 342 324 311 332 383 167 179 174 427 122 423 266 410 24 357 340 494 427 436 283 262 13 391 325 250 133 202 136 194 493 186 382 248 4 377 248 60 52 214 393 162 343 280 109 25 324 350 289 194 144 154 31 150 199 138
62 496 388 67 233 314 403 114 95 44 145 99 287 461 46 350 127 288 244 478 373 308 470 488 106 168 239 8 219 225 223 24 315 365 458 216 125 183 327 217 4 449 200 115 288 340 137 39 400 156 437 365 139 115 325 119 340 291 215 263 279 138 7 146 226 475 264 7 173 317 475 327 212 421 126 386 74 466 22 5 270 206 229 248 223 244 457 79 194 494 23 180 443 428 415 380 471 483 206
183 214 219 228 345 382 483 62 171 29 402 117 233 442 454 325 121 476 454 150 382 102 190 321 235 278 345 40 77 267 460 314 143 340 184 461 240 470 142 187 212 426 324 47 416 181 217 129 296 445 266 25 222 356 461 33 448 300 131 26 320 249 258 385 303 419 480 489 214 380 383 236 194 425 182 478 339 75 170 343 234 469 280 184 179 280 28 37 180 289 338 183 188 418 122 130 275 468 60
346 386 321 84 8 269 270 138 139 194 79 201 332 459 21 402 126 190 347 426 225 359 375 45 319 126 364 260 337 27 269 359 134 305 116 333 80 102 83 134 154 321 480 158 404 299 450 153 402 381 479 32 99 246 97 130 25 190 101 402 389 196 234 362 13 394 147 22 440 128 206 360 277 389 310 201 64 298 297 167 204 438 291 240 351 67 217 419 10 346 400 379 101 324 240 481 449 334 306
376 156 54 113 311 196 254 72 331 13 374 172 248 354 65 95 49 274 266 457 210 145 439 35 410 449 51 80 282 321 334 269 220 130 238 20 423 261 138 246 111 252 94 124 41 329 12 73 428 286 205 27 79 345 10 180 289 321 179 225 52 82 367 114 275 7 37 33 101 391 202 13 495 325 229 128 21 300 325 271 76 342 447 117 273 87 55 22 23 179 193 398 302 242 308 326 86 216 30
468 53 237 445 36 375 444 246 271 103 383 384 237 47 53 302 444 333 500 394 32 159 438 230 55 338 215 431 233 492 36 98 185 371 60 216 91 377 259 447 253 188 328 499 378 342 472 39 69 413 144 264 59 180 139 381 347 355 121 355 429 124 142 231 205 469 191 224 381 450 299 15 189 23 459 193 143 224 102 392 492 217 9 253 425 353 341 131 341 471 188 153 408 497 264 33 451 458 322
433 117 176 124 372 204 357 398 480 88 130 174 85 215 261 98 339 63 89 276 430 98 336 304 289 163 430 204 305 21 119 13 466 495 43 30 405 265 44 446 23 120 425 484 412 238 282 225 396 375 45 420 239 313 366 363 469 410 53 175 122 205 459 201 222 125 98 328 359 317 219 246 7 109 43 455 116 359 456 130 332 93 387 209 420 301 262 466 365 248 273 10 364 143 311 162 104 34 313
292 317 259 67 253 181 415 306 59 21 407 184 30 44 454 494 94 190 260 146 278 160 225 500 476 445 334 75 106 75 118 83 467 235 300 338 500 236 194 453 239 189 470 191 292 144 332 71 181 306 281 429 264 452 299 9 313 381 88 389 162 152 103 394 340 411 151 388 108 432 19 309 313 23 404 414 179 77 363 474 488 245 328 75 318 194 348 125 377 130 61 252 467 97 489 392 328 180 72
178 473 117 145 479 262 287 37 144 241 87 280 465 410 129 399 271 498 427 79 186 344 411 332 39 292 446 85 430 349 249 195 224 399 67 314 133 407 255 193 335 239 406 13 317 65 414 248 9 173 185 342 2 311 435 337 20 297 357 259 147 62 6 421 440 176 189 108 174 65 65 441 407 205 18 82 340 453 374 410 478 17 400 209 332 55 138 207 255 42 163 396 406 398 392 364 203 345 407
141 249 424 470 336 265 243 462 470 176 231 57 408 21 376 309 284 224 144 219 143 253 424 400 68 274 156 429 159 163 130 417 469 369 92 457 161 178 200 238 147 492 157 388 329 198 477 387 306 203 198 471 81 319 496 21 391 223 49 268 246 66 343 338 46 65 260 138 48 156 264 321 60 455 473 128 26 223 15 490 216 472 482 411 431 148 142 391 176 426 33 428 201 99 300 97 220 92 219
122 244 141 43 461 478 27 113 201 370 136 457 455 273 328 354 175 132 396 394 384 216 229 449 248 415 266 405 20 455 317 184 426 166 231 292 147 7 443 339 417 359 202 382 243 225 251 77 166 478 60 235 210 263 189 34 252 262 305 400 440 35 436 277 480 345 127 395 100 304 472 93 199 145 197 453 257 405 42 195 231 185 457 223 70 218 31 19 129 213 155 116 318 253 201 68 47 422 270
466 8 255 368 428 460 417 383 264 210 45 14 377 209 248 33 14 377 205 30 450 170 95 54 40 434 438 485 130 41 372 35 372 455 289 328 277 137 42 97 316 225 208 13 390 95 161 120 288 35 125 163 426 380 195 29 54 416 174 356 317 49 479 426 109 143 340 154 230 484 2 449 249 326 226 352 101 139 10 385 472 444 339 52 424 33 421 369 483 310 30 391 41 17 52 14 228 452 133
246 22 316 438 302 111 67 259 24 390 347 416 157 3 391 235 79 275 178 419 181 313 348 250 379 172 478 53 263 222 176 343 127 373 137 250 472 482 373 357 363 448 148 73 121 135 285 82 23 234 105 88 72 146 425 391 338 378 494 325 28 297 391 295 497 438 448 81 300 59 288 404 315 263 284 371 374 144 212 394 411 258 490 38 419 487 339 313 84 247 164 273 8 261 499 202 464 403 318
421 222 192 83 162 27 495 243 32 282 318 301 94 385 40 267 371 317 160 287 62 101 212 131 40 139 454 363 135 264 283 326 103 99 21 150 33 152 302 191 281 259 319 430 395 193 10 192 257 81 86 485 95 348 8 419 379 239 251 263 320 129 166 96 300 381 394 175 356 209 65 481 12 68 438 458 493 460 368 375 55 7 316 440 338 463 417 224 371 398 436 326 169 247 179 191 318 99 244
216 463 63 439 19 445 402 23 85 499 270 18 439 153 382 275 29 136 381 43 135 241 179 398 158 374 250 402 348 305 12 333 302 129 60 190 319 17 43 452 325 203 369 195 172 269 185 244 317 329 67 38 30 41 160 156 133 65 223 237 318 354 122 324 211 415 31 247 296 409 395 353 97 250 219 127 430 96 34 312 200 182 141 134 484 457 67 500 340 396 139 269 401 402 128 208 170 103 408
282 203 237 209 386 88 480 347 258 278 161 363 388 492 283 356 378 372 172 358 269 418 145 70 383 198 474 374 2 128 146 128 363 189 335 219 83 193 335 64 193 310 479 273 360 490 281 467 145 133 38 299 125 436 281 278 464 320 153 197 97 121 26 36 284 228 178 396 326 31 115 328 455 379 490 447 156 169 224 464 113 140 37 418 22 51 271 103 200 160 463 417 231 354 273 383 343 370 120
