99 99
1 264 429 83 360 98 368 153 484 181 119 326 324 455 327 214 238 128 20 108 105 106 29 207 121 315 332 418 118 73 315 51 483 483 142 126 469 126 180 89 41 55 347 380 141 186 367 445 435 40 371 140 445 42 483 432 299 107 298 367 326 88 302 214 434 448 72 475 61 448 476 303 303 13 476 44 366 280 405 485 157 71 231 97 137 455 384 313 238 220 457 172 138 137 420 110 21 178 132
348 275 380 300 255 45 213 413 84 144 325 269 171 165 222 409 87 171 87 468 134 2 79 483 410 350 168 90 133 188 401 55 264 492 309 332 67 136 81 293 344 468 328 349 123 99 472 119 207 250 15 80 144 160 284 71 436 382 5 150 478 273 240 384 190 242 423 244 323 405 422 379 267 306 436 335 447 485 137 188 413 65 318 274 432 451 451 111 18 201 8 381 285 391 389 118 194 242 317
489 108 189 256 153 126 120 89 473 72 356 215 407 120 34 169 458 225 324 76 109 25 114 452 203 279 106 387 500 10 110 354 111 285 230 42 408 358 380 159 100 447 289 17 349 16 395 407 31 369 438 21 75 338 36 195 419 479 116 162 148 303 410 404 478 158 121 269 500 478 29 338 74 455 431 404 181 94 412 226 483 190 117 396 489 67 354 257 305 294 126 498 282 311 177 23 19 347 382
344 451 414 286 223 143 424 332 213 431 412 395 286 111 47 87 415 153 455 352 302 45 242 320 254 443 133 450 299 27 443 340 339 42 481 424 137 58 427 134 73 371 437 199 216 60 254 411 406 269 218 427 184 38 59 152 470 312 195 132 147 330 33 306 148 366 462 359 213 274 42 233 44 30 70 398 7 364 41 169 495 389 330 25 394 4 75 489 110 276 71 348 450 441 235 244 8 372 440
14 106 296 87 282 317 49 411 122 131 7 127 253 409 160 224 381 199 285 467 107 343 124 130 422 394 91 299 392 192 45 9 122 247 472 478 316 397 446 224 138 476 426 20 403 493 342 137 374 241 373 86 132 299 115 411 408 153 174 316 61 272 54 192 236 106 450 272 39 32 113 338 98 138 233 372 80 268 484 427 202 340 483 342 215 272 119 251 333 123 126 366 2 340 180 11 366 188 293
75 331 386 256 154 408 417 483 424 241 266 434 225 203 395 91 103 195 33 475 210 149 11 435 385 246 183 328 366 395 240 109 492 217 299 192 9 496 2 217 435 83 173 147 335 77 149 353 223 300 423 299 359 37 80 351 452 357 134 316 116 382 432 282 13 84 455 107 409 400 415 489 460 398 146 116 350 389 149 28 11 124 79 286 361 32 47 238 73 358 238 299 198 297 419 437 9 403 165
476 278 326 196 482 490 395 98 345 106 451 104 142 400 293 380 178 231 50 323 28 356 485 238 358 453 337 359 15 71 75 286 441 494 464 62 80 476 463 284 186 372 477 379 7 249 32 330 96 371 311 6 439 151 340 294 148 342 339 35 75 348 468 251 455 25 243 126 465 271 465 130 45 230 139 380 421 464 279 309 196 377 60 139 283 423 94 487 260 473 6 127 136 382 141 27 2 53 227
164 91 86 322 268 136 171 78 241 396 371 269 411 91 187 126 410 127 440 249 364 272 253 457 374 404 1 89 207 29 65 255 125 444 36 228 329 56 75 327 88 137 461 150 320 43 422 308 429 148 194 331 256 317 114 128 83 205 435 382 134 497 247 41 201 428 381 474 140 193 142 14 243 414 119 352 93 241 449 238 397 221 495 221 223 53 440 430 103 372 211 328 185 498 319 117 427 297 140
72 66 206 460 488 373 87 121 88 274 500 177 101 392 249 93 214 264 244 42 102 159 227 125 454 439 57 401 231 397 492 141 219 139 171 301 386 307 471 262 290 61 440 251 230 44 152 272 481 92 167 203 258 296 461 262 40 78 364 328 451 174 24 109 79 365 205 360 20 108 263 303 219 320 69 456 392 265 448 132 1 140 450 266 328 460 289 275 278 270 396 462 50 401 258 493 317 486 348
336 431 64 35 103 469 94 142 399 161 159 32 429 495 169 185 300 419 353 70 395 259 376 383 383 135 407 446 117 161 466 428 46 319 20 425 485 475 122 105 294 254 66 450 116 414 277 252 194 28 462 341 393 28 230 327 443 427 95 179 252 81 91 353 439 157 259 423 146 491 260 77 138 123 403 364 484 154 266 232 295 334 88 201 288 93 122 7 22 219 466 424 97 429 114 358 359 210 475
400 385 61 377 292 80 117 293 426 208 161 301 339 478 247 261 358 235 363 55 310 185 396 152 261 473 61 297 25 41 169 242 329 237 464 458 117 421 489 136 144 157 156 424 355 246 362 275 281 301 496 199 367 373 138 13 64 175 299 364 488 318 314 291 72 293 59 90 315 393 495 10 291 451 304 65 482 143 436 62 216 493 218 83 455 279 281 488 382 309 476 252 7 91 4 274 128 126 488
86 326 160 107 221 227 105 309 385 477 143 238 176 357 342 114 289 484 329 163 145 143 216 148 240 325 477 379 111 378 345 13 362 467 213 142 356 29 103 271 112 128 146 63 435 269 303 478 348 39 187 365 72 312 155 416 273 17 364 353 469 453 289 95 214 400 232 55 292 219 459 189 42 253 277 156 86 168 13 75 372 335 114 426 189 225 115 436 303 403 335 478 55 459 189 271 13 315 358
227 38 82 49 64 245 489 338 283 384 303 378 391 272 227 283 85 338 414 286 133 442 473 366 20 489 148 396 405 213 150 96 252 300 284 39 218 163 485 199 98 102 88 220 11 152 332 134 314 466 139 157 389 190 27 330 187 222 23 437 101 93 234 29 453 444 130 374 413 419 210 368 12 67 328 490 378 287 274 480 88 478 72 271 127 1 85 143 272 18 140 282 387 152 207 402 463 420 225
80 119 194 372 468 268 117 395 154 230 279 368 467 32 142 381 230 421 240 246 21 46 351 27 202 428 176 253 4 96 394 10 267 412 250 383 207 158 122 436 389 357 473 200 168 466 365 305 370 133 481 94 219 383 312 109 465 200 27 348 148 379 234 321 269 143 187 36 434 37 274 316 421 2 79 254 496 327 84 471 195 201 15 188 271 229 50 144 327 31 410 481 214 201 222 172 174 338 282
453 131 74 131 264 253 143 287 334 455 69 332 362 479 149 279 193 49 367 132 116 29 258 40 157 418 414 313 242 127 201 60 368 263 207 293 15 473 184 435 402 305 260 445 43 206 217 232 200 44 243 145 100 308 212 86 45 367 210 340 371 367 394 212 182 297 7 362 434 451 392 48 366 440 432 213 499 317 51 258 334 126 443 332 46 178 126 184 455 303 487 252 232 486 131 148 231 382 213
488 83 296 252 71 265 189 223 478 443 477 384 4 378 413 419 328 316 197 369 336 54 421 136 478 57 485 215 280 352 310 231 160 468 464 350 226 371 493 302 455 189 263 415 381 481 334 151 244 425 438 484 231 186 322 429 91 320 342 475 491 470 446 492 131 318 2 200 306 345 117 340 15 311 102 178 34 289 260 403 276 50 392 206 237 139 497 279 47 283 77 323 87 488 130 496 326 450 500
277 472 3 321 430 383 367 485 265 273 461 258 212 409 70 406 21 315 390 256 210 113 274 332 387 90 234 380 216 232 251 252 495 91 320 31 469 178 250 19 119 69 482 223 255 425 338 256 89 314 154 240 284 38 374 350 145 124 26 342 47 471 228 365 322 224 365 86 176 270 415 290 490 116 323 167 390 237 385 426 301 217 291 417 329 96 225 59 152 274 373 325 259 476 4 174 390 248 230
443 187 186 64 391 370 342 276 359 56 388 381 152 298 332 316 69 353 308 28 341 212 374 282 49 495 338 167 344 165 462 467 403 125 332 321 265 314 145 10 300 150 496 325 494 180 143 238 280 57 145 76 464 461 214 157 287 255 7 197 254 90 437 306 370 308 140 88 308 248 292 44 377 186 492 462 274 283 423 262 432 274 19 164 126 296 202 397 354 84 29 4 87 255 273 435 482 282 320
257 419 25 89 491 8 377 499 176 230 444 14 144 130 377 56 38 144 203 439 101 129 483 10 147 160 45 272 454 461 35 54 21 392 200 418 428 214 351 235 254 344 80 12 79 328 192 446 161 281 296 387 70 177 7 380 279 499 19 457 307 401 470 206 328 248 17 89 78 154 66 134 38 169 371 486 497 353 129 18 67 87 337 193 214 34 62 198 221 47 277 170 231 66 239 477 282 296 90
98 424 140 479 423 12 260 7 436 264 109 308 7 90 87 32 193 261 104 483 216 364 421 298 281 452 152 170 465 155 440 126 125 115 295 493 287 37 360 268 204 24 198 177 131 22 59 332 293 36 112 115 53 25 180 347 107 312 141 11 246 14 256 437 450 463 222 264 304 83 343 184 127 133 476 91 129 244 88 454 183 148 53 53 412 449 61 318 97 216 190 261 408 205 469 212 308 260 315
357 222 262 281 301 231 235 387 81 432 284 242 354 40 244 155 351 483 450 201 481 291 85 309 264 412 223 147 25 483 130 92 455 176 313 295 350 235 69 177 233 114 426 201 271 353 415 249 82 220 175 318 246 311 487 180 230 460 292 254 244 356 59 6 376 44 139 269 53 158 427 178 261 184 169 338 96 309 392 444 219 158 445 187 12 254 463 238 417 141 390 427 344 256 170 402 17 354 191
136 58 481 204 179 384 274 74 358 275 286 282 292 398 404 374 302 122 167 54 15 467 454 317 84 400 393 196 32 407 348 47 257 269 55 349 455 436 285 60 435 254 488 127 45 109 105 351 246 338 178 155 406 29 100 108 90 370 422 285 396 235 156 307 300 10 341 380 286 478 132 476 348 1 34 274 69 161 106 455 30 36 182 358 413 163 302 380 331 331 7 267 32 264 133 143 90 167 53
481 286 373 176 215 142 283 211 462 63 370 239 95 70 381 120 111 78 213 479 76 433 206 13 372 350 190 111 459 360 474 345 153 234 287 107 203 20 184 97 80 128 460 202 2 484 30 242 68 189 428 497 42 111 177 434 43 77 30 372 90 368 288 347 276 446 459 381 187 61 423 296 494 455 81 28 406 12 109 33 487 196 268 435 411 366 116 110 74 315 9 137 441 307 277 123 457 226 218
416 499 70 346 233 308 163 291 476 117 414 198 7 441 119 175 19 417 289 34 347 381 168 218 38 398 152 232 6 215 363 152 314 159 203 433 142 404 168 133 142 385 214 467 329 243 444 454 276 69 270 400 446 267 125 72 333 360 434 189 127 279 7 338 468 135 460 431 227 311 329 183 432 465 109 59 396 404 460 79 16 20 461 302 62 342 365 270 408 216 355 231 248 174 14 131 326 448 176
311 351 410 94 363 441 73 414 455 246 336 224 33 389 92 194 291 215 203 442 33 325 144 61 168 206 346 493 475 338 22 449 74 192 202 155 110 288 497 126 1 57 10 238 325 434 319 418 128 296 337 388 266 206 326 312 94 147 167 350 228 42 280 3 153 292 178 250 446 55 171 198 68 62 40 479 176 272 48 213 443 23 95 109 265 182 498 415 143 7 316 84 447 31 428 366 215 413 37
107 79 94 431 381 50 282 422 137 42 100 218 9 435 245 342 429 408 372 220 327 44 458 467 105 234 482 50 133 282 448 54 226 10 23 1 110 208 283 138 256 376 119 111 9 433 276 244 291 241 125 180 45 230 34 10 291 458 81 475 381 263 325 31 449 224 229 64 13 219 100 10 335 178 193 136 459 311 129 130 42 94 152 363 163 355 145 369 301 405 414 286 438 301 430 42 46 137 7
217 324 497 361 198 111 194 112 411 383 500 432 175 122 405 347 51 456 14 99 273 111 187 15 131 101 18 400 239 347 129 294 395 112 453 220 59 52 408 212 196 128 301 46 122 101 453 308 153 85 459 294 324 151 234 104 27 350 318 187 453 166 21 212 197 437 396 327 214 145 334 87 283 214 407 326 64 154 389 354 500 386 38 423 357 474 145 113 437 434 38 290 270 377 122 225 40 203 331
414 228 90 312 181 197 359 283 303 233 194 167 351 121 136 260 438 230 1 124 366 75 24 399 5 32 385 8 401 321 25 29 426 332 494 99 30 194 244 251 195 370 451 387 157 104 447 241 47 66 147 220 72 411 265 270 132 430 103 95 165 72 385 125 126 350 69 229 38 274 292 259 440 335 74 203 247 60 493 491 159 101 487 408 431 334 114 495 89 102 304 236 272 121 494 193 337 43 469
114 345 252 230 301 224 408 227 456 74 351 411 36 101 375 208 86 497 328 94 416 141 39 22 120 280 73 324 258 49 456 452 344 226 194 393 447 297 293 243 63 73 262 248 402 201 249 131 315 235 178 204 223 14 480 347 349 206 141 487 160 77 426 226 304 160 403 3 479 494 137 124 42 106 396 321 404 300 494 349 296 85 116 277 155 123 81 365 123 135 321 152 209 302 159 495 255 125 456
292 52 34 250 277 419 488 85 99 119 46 283 280 429 48 152 264 284 414 474 429 300 267 231 219 477 415 291 56 65 248 500 488 388 317 330 107 315 466 458 295 248 225 473 221 242 475 338 399 406 60 331 59 440 289 413 397 143 491 162 359 141 172 233 311 22 233 216 326 228 198 298 198 339 457 9 80 2 228 162 202 494 155 321 220 94 197 242 352 304 41 168 255 88 31 207 304 215 58
96 375 150 249 376 404 179 94 416 65 184 190 385 275 478 494 88 248 191 90 372 166 376 407 341 395 273 134 432 14 88 42 89 238 162 91 158 484 188 13 434 76 153 453 381 230 52 430 491 488 285 303 447 179 140 468 246 205 335 437 78 219 233 307 194 358 457 3 401 174 113 121 194 384 264 31 350 311 495 399 174 66 452 408 388 264 390 236 312 152 107 144 5 491 392 273 496 95 397
490 449 374 250 132 444 9 323 237 148 221 123 176 400 370 482 150 198 325 359 419 349 47 258 64 125 241 24 128 245 148 375 19 491 20 311 467 299 117 411 263 89 476 218 368 88 409 103 88 200 68 5 330 167 231 435 204 227 33 360 204 376 71 60 182 180 478 310 99 331 370 434 379 401 397 459 83 290 97 388 45 198 265 159 445 156 8 42 416 286 348 140 65 457 222 334 320 360 46
93 77 374 91 143 135 51 348 134 320 197 126 439 328 457 484 395 287 488 9 432 222 11 113 306 312 284 256 102 398 484 123 477 488 378 387 300 406 433 193 170 193 461 350 295 212 43 428 104 154 96 126 495 161 306 409 498 153 11 191 440 261 59 261 67 3 233 348 419 63 301 422 5 465 329 477 85 212 87 241 495 334 436 487 344 311 68 304 475 258 213 167 56 17 181 5 291 480 459
204 59 309 314 154 238 271 85 173 231 31 64 253 301 409 224 455 343 363 177 372 383 393 16 173 10 74 74 225 83 353 249 103 207 23 10 22 355 426 101 161 322 352 472 202 477 311 447 251 264 160 353 245 465 178 412 213 376 246 128 249 86 18 140 379 122 283 212 264 398 122 495 250 269 254 252 431 67 417 1 316 372 35 148 280 144 473 473 262 272 75 177 23 257 137 319 76 296 243
290 153 96 172 464 241 23 167 11 340 239 21 301 211 405 108 202 477 152 337 130 260 138 427 484 268 491 215 142 184 449 468 320 387 323 404 121 418 457 435 461 48 7 201 460 380 244 280 280 300 230 435 311 21 215 219 7 234 114 335 66 272 25 358 180 325 267 320 190 149 345 159 198 260 439 16 16 101 308 379 232 108 486 347 209 1 45 353 137 41 349 208 435 193 447 427 366 204 260
331 110 349 259 100 104 469 150 27 267 472 315 387 392 362 128 197 343 400 362 87 118 150 437 258 85 81 196 293 201 171 312 172 246 76 39 302 168 62 78 323 478 373 256 300 446 276 372 400 71 366 119 313 472 99 151 392 115 234 172 330 26 90 448 451 30 429 475 58 296 189 427 46 455 227 169 271 267 167 243 6 124 338 404 114 104 325 123 186 349 107 122 363 329 196 307 424 39 450
98 194 283 85 169 151 466 498 330 411 364 213 471 87 277 334 47 372 269 391 166 365 486 2 122 494 493 95 174 178 440 7 46 395 149 235 10 312 76 311 89 213 296 80 389 327 448 62 58 125 97 380 38 57 418 396 340 200 417 327 404 488 450 332 378 189 262 175 421 219 77 156 389 464 380 181 142 199 465 170 160 267 300 453 291 189 361 202 31 42 281 413 79 450 363 475 206 470 384
418 264 15 312 188 166 261 226 319 67 178 418 27 491 2 23 290 463 432 164 268 1 441 374 275 370 173 239 390 372 174 59 188 257 199 97 24 369 414 436 152 112 34 104 107 175 291 305 157 450 34 427 188 141 241 382 499 136 3 400 59 412 109 148 230 234 189 301 30 121 314 127 293 187 372 132 347 368 177 156 446 35 478 75 257 39 396 445 363 356 200 493 53 442 159 410 170 451 268
79 253 265 17 170 49 417 64 1 401 415 372 473 318 124 459 343 261 341 262 454 82 237 496 440 213 442 144 268 21 283 428 366 124 134 64 308 5 79 180 376 53 197 243 154 454 17 295 346 351 494 433 275 194 352 261 370 485 385 440 33 77 136 19 209 113 401 30 421 265 302 48 266 306 287 497 449 137 286 131 357 14 69 311 388 44 5 338 297 280 346 334 485 1 162 335 311 171 138
393 76 64 176 295 477 94 220 298 356 21 147 401 80 341 265 28 9 463 145 327 339 308 5 353 498 53 500 29 476 19 3 322 188 233 353 77 492 166 242 197 13 48 453 418 59 97 341 417 42 435 10 301 477 470 186 117 211 151 385 96 495 48 260 25 149 289 189 345 367 333 444 245 429 282 454 444 451 25 225 8 275 79 127 93 184 90 430 380 393 469 122 463 58 77 111 315 317 197
443 74 129 140 19 27 368 26 457 409 160 410 179 67 386 205 300 498 265 375 366 35 39 15 352 51 229 11 380 85 57 432 80 292 259 37 14 457 11 280 187 406 176 172 130 382 272 62 271 459 276 40 97 436 154 42 375 248 279 421 309 197 45 146 466 311 148 103 108 198 435 155 281 398 358 121 379 407 317 438 10 232 136 420 60 468 246 318 321 482 315 76 355 124 421 216 482 489 292
243 112 416 393 244 434 369 211 23 295 134 128 252 350 461 317 120 29 400 223 135 460 153 183 269 210 469 109 376 482 255 251 456 293 283 24 144 429 437 339 79 21 155 65 120 404 239 237 132 43 470 497 276 15 481 474 92 73 111 381 322 428 450 75 72 499 487 285 363 471 289 34 42 324 406 450 213 105 81 244 99 364 137 93 114 390 53 101 438 172 157 205 490 195 249 56 215 143 297
291 365 47 400 101 251 162 333 276 308 82 187 247 254 305 24 244 107 495 226 103 95 465 217 480 169 374 81 8 336 418 108 481 484 10 347 488 58 401 14 460 462 499 39 380 405 23 347 413 225 472 90 498 426 289 205 153 45 373 302 140 41 231 247 337 343 104 362 153 455 276 23 328 490 151 244 269 74 120 295 117 81 449 235 204 112 423 377 271 5 87 378 94 345 322 18 26 261 160
478 333 149 401 146 327 277 46 173 244 271 59 338 165 406 37 37 119 83 250 310 320 55 124 127 465 363 23 467 247 203 150 155 424 92 42 102 449 285 488 201 82 132 118 341 327 112 48 500 207 358 480 88 312 56 418 233 65 348 292 374 114 190 132 90 149 339 213 212 288 376 321 419 32 345 143 176 111 492 299 105 126 194 364 68 7 318 87 195 406 397 324 42 106 156 313 224 393 106
46 102 156 459 388 226 18 179 48 74 252 374 239 155 364 499 322 268 303 403 120 460 330 241 479 413 407 352 390 49 37 207 120 37 124 432 373 245 281 54 213 146 296 383 482 452 132 212 163 115 245 38 297 16 357 203 440 308 472 157 33 226 191 203 430 291 135 266 279 436 286 488 406 149 170 476 363 36 109 357 393 133 22 468 124 232 317 449 89 467 79 331 68 396 485 34 354 8 325
106 189 148 155 224 332 148 406 318 227 313 125 36 447 230 391 196 101 162 419 220 462 233 161 236 65 229 499 378 333 288 302 157 84 117 264 485 391 218 89 31 116 297 363 88 360 423 387 266 247 200 63 105 417 382 406 430 476 441 487 488 343 297 254 394 111 164 192 304 142 448 320 286 130 419 348 15 319 326 377 229 40 429 488 428 16 325 364 78 116 438 12 217 13 375 307 184 319 335
164 20 406 22 273 429 430 271 354 236 123 343 289 105 330 22 420 471 51 469 270 94 407 166 128 33 357 310 70 447 148 460 459 199 79 338 28 166 318 304 278 268 62 167 18 478 258 81 251 426 28 30 129 251 432 174 19 216 2 455 180 372 493 342 27 85 190 389 331 102 392 56 495 312 262 45 254 147 463 58 169 406 399 297 24 19 379 435 34 405 258 50 344 270 464 457 407 177 94
412 409 20 387 440 103 490 289 180 136 263 97 483 224 265 357 24 209 216 103 403 122 398 130 329 424 270 222 171 188 95 215 15 318 302 90 287 81 192 176 447 284 218 403 2 250 48 256 498 84 303 496 112 62 87 264 404 338 31 221 222 70 279 239 317 75 123 5 314 328 430 372 425 47 346 66 184 60 147 267 184 414 65 372 430 182 155 174 147 234 379 53 398 478 210 467 1 424 218
21 377 13 240 3 228 499 148 418 461 53 423 76 224 267 129 277 153 20 85 113 451 10 98 483 60 367 480 393 225 4 328 426 439 215 488 101 21 3 88 234 87 154 123 402 130 299 126 39 457 216 175 216 5 43 66 45 459 94 175 228 329 184 362 113 254 377 303 109 405 390 111 98 494 8 400 275 125 337 183 257 124 231 130 335 275 411 116 1 307 377 69 151 71 396 114 337 451 398
10 151 292 96 132 152 56 141 219 97 224 151 20 182 425 233 314 419 69 467 499 192 234 414 424 375 196 315 364 247 437 231 37 410 154 226 211 53 450 458 44 463 469 346 94 65 209 296 51 371 42 122 195 318 277 450 334 291 7 443 339 448 297 302 321 258 217 392 398 93 500 217 239 233 392 384 236 387 128 263 412 206 389 301 455 267 326 134 416 130 395 22 306 2 330 456 163 53 183
266 348 120 142 335 465 287 196 328 299 221 445 3 283 68 372 1 70 470 5 280 455 66 453 391 226 342 302 336 414 426 279 345 491 80 420 307 12 179 355 326 432 146 176 290 145 190 434 211 133 135 211 312 317 310 301 307 417 87 364 356 486 149 152 12 177 261 490 170 315 66 441 49 239 289 256 336 317 419 66 84 72 268 37 241 324 442 301 464 350 308 284 488 312 454 469 123 156 282
156 480 193 348 369 144 464 195 324 124 33 440 467 474 199 412 306 202 281 227 139 276 61 54 389 209 434 142 395 251 417 130 112 186 240 431 450 136 404 20 474 252 149 428 333 45 150 343 307 140 401 207 28 265 490 406 337 201 216 423 2 122 482 231 496 113 229 163 220 302 462 72 181 280 396 34 240 405 16 309 313 30 42 106 112 150 191 177 430 390 128 46 42 432 197 372 139 267 352
110 413 486 293 268 230 77 342 64 310 362 477 319 221 132 358 284 89 495 438 21 99 484 459 172 236 428 136 276 255 295 61 337 169 357 5 480 68 292 254 250 451 435 384 211 172 356 472 312 81 318 409 338 370 174 472 406 126 412 76 149 71 150 334 203 73 162 244 65 359 247 410 151 214 121 247 171 167 326 99 423 429 7 102 445 16 456 422 125 362 357 72 269 103 371 404 79 112 340
36 492 30 419 364 10 273 41 115 446 386 231 441 359 434 388 21 432 330 92 180 281 165 113 373 414 209 48 260 187 276 424 422 229 465 171 174 194 246 335 463 141 79 27 68 80 207 434 43 286 376 309 295 432 209 264 128 239 394 437 108 187 101 456 247 18 376 190 474 213 500 391 444 131 330 94 335 125 191 215 86 197 307 191 328 350 452 474 261 446 208 370 59 88 332 399 108 153 30
430 3 106 309 451 42 27 102 451 358 441 106 344 257 409 338 120 169 85 75 324 405 98 387 187 36 444 81 18 301 430 140 272 69 449 442 174 103 488 429 368 16 332 129 73 106 395 241 499 21 95 323 176 405 415 204 362 270 22 417 57 205 333 375 335 33 194 365 106 76 419 415 480 96 332 284 130 253 406 278 325 384 269 417 494 319 61 91 380 200 325 144 473 127 208 287 419 353 134
443 462 314 42 484 14 363 164 324 392 255 407 131 362 400 431 187 214 290 26 413 82 115 71 181 126 129 242 427 201 26 77 189 383 134 154 49 207 204 9 103 111 105 487 107 36 408 472 80 217 85 12 124 79 245 412 168 500 101 10 151 31 393 223 310 228 81 269 121 194 240 303 26 218 392 291 107 141 122 392 158 332 286 55 314 298 262 19 21 326 373 298 41 275 36 301 447 478 38
427 144 409 226 44 216 41 144 209 66 94 195 380 354 358 286 174 445 390 23 24 303 393 109 48 159 446 185 207 151 452 100 222 253 178 91 53 94 20 233 59 401 483 496 180 259 349 111 353 322 155 210 265 141 121 477 280 490 297 239 314 356 21 445 33 222 331 394 439 388 297 484 170 134 260 200 259 365 268 304 200 189 248 63 344 39 132 361 53 303 467 259 260 353 469 55 99 223 32
287 376 264 191 48 348 202 112 156 488 95 18 256 112 138 4 148 270 143 250 39 274 142 290 222 73 491 369 426 17 438 494 191 472 442 376 94 339 480 259 174 435 375 15 191 48 425 393 463 500 109 166 224 368 60 74 344 147 434 175 170 193 312 470 285 121 422 94 115 328 303 113 26 71 104 236 423 286 494 64 251 471 482 345 227 46 459 216 467 414 250 140 70 303 438 273 77 448 101
306 91 347 29 54 499 448 33 327 348 28 459 89 27 27 215 305 20 146 62 54 435 390 298 230 162 178 427 73 252 414 73 429 396 160 260 142 204 196 345 410 426 438 478 267 171 30 84 119 190 229 345 3 41 234 52 428 399 363 428 265 402 89 316 104 130 161 447 143 2 454 369 169 109 119 246 434 387 275 339 500 103 431 296 388 294 483 4 83 207 353 313 469 82 468 142 436 151 454
185 373 227 123 89 21 2 57 299 263 228 354 476 301 155 127 162 145 133 258 383 355 260 193 413 120 429 470 328 170 30 179 48 205 138 417 473 348 391 239 248 39 459 359 263 418 49 62 294 51 202 361 200 435 153 283 221 235 187 258 127 242 311 378 455 377 213 417 142 282 8 189 115 459 72 222 32 318 325 403 321 291 414 41 144 229 160 469 422 197 370 343 337 47 229 175 459 452 401
334 357 180 377 357 418 427 4 485 272 499 1 302 435 338 391 165 1 468 290 250 223 373 33 438 344 238 369 312 486 187 296 471 70 19 129 54 397 285 435 8 135 84 429 45 76 445 120 393 164 238 97 338 303 445 406 347 194 463 261 348 73 165 110 143 137 211 99 115 169 308 183 197 76 51 281 120 216 346 490 369 144 284 359 389 232 132 389 105 89 318 266 425 449 322 167 460 306 183
104 359 304 354 144 3 444 132 168 441 121 460 222 122 31 358 23 297 45 76 90 410 310 298 440 496 340 214 382 166 349 34 331 76 378 17 271 71 143 445 278 245 349 104 300 148 249 365 291 125 162 405 143 247 323 419 343 103 292 299 17 145 28 79 472 107 428 495 13 61 47 112 206 45 60 492 292 476 271 308 305 427 388 314 283 393 121 236 32 442 468 404 55 73 170 61 42 192 186
272 123 437 258 92 65 50 491 296 431 303 349 216 293 475 326 18 183 408 209 38 256 239 445 335 363 359 480 275 40 91 52 383 447 426 333 383 151 164 465 367 246 286 474 140 137 203 472 429 287 172 162 186 139 41 286 57 232 105 253 170 434 3 366 100 21 124 154 179 281 46 220 254 16 64 288 495 111 366 29 20 94 157 489 467 143 47 231 433 301 415 51 327 414 287 440 5 144 144
308 119 17 148 16 27 245 312 461 41 55 418 245 331 36 114 29 85 353 245 71 266 261 122 286 479 108 27 339 56 260 349 299 250 9 406 410 346 22 431 466 495 96 63 430 273 191 418 319 77 90 109 78 2 50 484 326 335 276 453 440 45 229 138 206 410 32 22 384 118 223 241 464 359 451 282 391 192 300 348 239 387 108 212 494 353 68 364 131 200 309 275 396 131 372 164 224 303 444
5 258 314 273 368 106 54 494 262 392 56 489 166 81 428 267 227 387 188 275 416 493 462 253 458 405 341 332 340 174 319 286 117 53 377 400 120 15 382 147 354 36 426 313 108 213 95 470 226 486 36 144 56 57 37 386 151 216 480 208 5 279 100 26 13 30 387 231 336 97 240 324 119 259 302 190 188 435 217 340 466 328 382 367 468 317 379 169 196 93 463 205 2 343 462 23 146 371 386
172 335 48 348 271 273 48 299 404 477 94 402 137 201 80 355 280 357 176 293 343 19 496 43 265 28 179 275 56 373 91 145 394 243 387 77 431 97 332 497 375 229 48 43 205 14 120 222 397 179 408 45 422 120 44 358 492 480 467 63 348 195 478 151 53 413 386 336 168 368 115 213 448 247 459 172 496 132 196 273 166 379 319 476 273 375 122 47 214 264 293 312 367 440 342 229 96 263 193
82 43 209 33 12 17 382 304 312 373 406 68 279 234 300 229 467 260 226 20 486 334 154 204 320 245 189 189 272 305 325 213 9 316 17 82 13 174 241 371 441 299 184 121 114 49 121 64 80 498 426 485 186 483 303 20 488 254 288 162 17 284 257 109 373 140 452 71 107 215 43 357 392 86 292 32 128 296 46 253 91 299 25 451 113 99 311 40 136 465 205 483 336 257 57 140 405 326 481
154 371 436 337 409 106 175 58 192 479 69 122 187 162 55 459 489 242 256 485 268 466 192 251 440 469 259 67 477 362 188 17 118 471 19 403 7 332 343 374 194 246 428 441 469 459 362 45 66 111 284 161 57 434 408 285 118 136 204 370 44 340 156 83 485 288 99 176 409 373 263 273 285 2 37 148 433 313 443 330 326 411 123 302 472 154 165 85 487 344 254 480 173 65 130 237 403 478 46
168 184 90 254 452 64 479 55 269 458 313 183 57 238 87 89 262 160 143 164 442 186 461 102 17 466 100 210 60 46 238 148 31 111 418 228 244 89 216 381 67 201 270 389 115 129 156 406 385 112 358 131 406 448 212 62 189 65 304 221 21 217 246 217 431 5 166 211 202 350 288 272 335 235 309 133 260 213 400 292 127 261 454 248 6 426 201 98 38 47 11 470 225 138 301 494 395 149 112
301 228 375 430 321 341 45 258 325 279 219 131 411 87 64 226 342 416 37 85 315 264 460 444 490 147 403 15 422 266 327 148 250 372 299 226 269 136 141 115 338 226 312 183 210 287 174 178 163 461 290 95 276 42 243 307 8 209 438 439 349 413 236 381 64 335 30 344 88 215 38 299 224 234 107 50 168 374 51 486 459 479 45 244 251 111 233 438 199 360 422 55 157 104 164 119 450 482 221
470 396 303 436 500 295 280 378 191 30 351 7 29 22 493 386 216 425 139 269 293 485 305 281 436 115 256 340 313 365 297 181 77 209 35 320 298 384 371 178 5 500 23 22 60 152 321 235 391 323 303 133 24 143 44 308 431 420 457 318 241 258 110 102 165 67 58 283 224 191 344 262 349 205 322 298 162 306 299 474 238 121 149 111 277 110 38 416 140 251 134 118 482 273 350 478 154 23 198
64 192 201 189 424 383 477 436 155 167 452 427 145 148 60 142 315 229 465 396 331 414 58 427 443 412 246 221 235 407 497 405 474 277 368 252 172 395 128 347 234 467 179 214 262 419 404 490 226 321 83 199 438 261 119 379 85 31 204 366 434 64 201 331 262 229 422 371 495 334 283 371 426 220 253 447 264 384 27 433 408 122 183 171 194 37 111 429 229 181 87 318 199 443 158 310 360 413 397
47 298 15 11 292 231 458 60 69 75 301 347 35 365 217 20 130 271 43 176 435 451 242 67 245 319 45 229 141 86 467 89 196 195 193 79 250 200 253 261 118 234 449 183 389 465 246 429 147 105 289 267 449 43 14 321 43 302 285 447 9 40 81 96 23 382 196 207 44 446 338 72 36 460 92 117 58 387 456 106 476 470 129 216 232 306 329 33 125 380 257 212 201 109 97 245 159 102 117
270 109 464 175 397 437 150 357 66 201 106 291 4 486 320 283 324 461 335 400 51 370 415 333 279 408 201 381 352 214 79 1 204 443 232 321 200 450 491 231 209 231 93 93 439 100 24 462 14 154 478 308 360 383 423 422 6 21 438 238 175 355 320 34 242 160 278 172 361 207 51 429 86 204 446 418 407 198 462 456 212 345 403 44 187 380 63 31 25 136 50 336 217 70 359 92 319 59 256
256 487 28 6 300 309 471 348 25 108 141 477 47 347 198 432 170 371 204 495 446 136 203 359 312 381 202 315 408 88 77 299 244 284 342 194 41 53 309 468 301 106 159 36 377 22 386 221 428 51 435 318 245 384 245 199 365 33 62 350 383 345 117 112 99 427 337 400 432 124 290 272 179 437 173 367 175 257 412 95 413 104 387 105 316 470 339 481 99 436 84 373 310 305 277 32 132 39 241
218 270 47 2 148 143 139 284 216 401 494 17 475 257 457 177 17 495 26 70 417 269 487 5 29 315 95 300 293 74 106 185 275 294 320 275 115 393 396 207 470 94 404 76 204 244 93 255 15 447 439 288 96 151 438 167 275 496 405 100 273 158 385 53 132 344 146 187 404 74 8 129 288 206 104 322 126 79 296 87 297 83 84 62 9 125 207 71 365 116 56 399 408 192 424 268 94 200 454
297 490 148 66 161 55 122 370 298 327 493 132 464 447 200 472 462 92 322 264 250 327 174 468 384 13 376 267 255 128 338 306 314 212 204 11 46 332 352 216 364 492 316 134 404 404 17 406 235 229 322 217 464 91 279 132 76 465 9 344 495 64 30 1 292 341 476 219 260 328 192 420 490 355 259 294 4 60 432 409 330 431 158 186 281 364 283 196 397 200 108 323 334 250 66 243 173 411 122
252 171 341 402 154 181 279 351 490 46 458 461 357 92 322 67 269 204 419 282 498 185 495 318 239 479 369 183 485 433 377 13 456 197 443 363 386 43 141 50 46 162 245 422 419 247 79 89 426 107 470 187 84 106 407 201 159 259 85 10 220 461 7 296 434 145 312 156 380 286 209 445 44 411 23 318 205 87 319 220 39 381 372 397 208 163 455 154 280 430 194 290 166 96 213 356 189 249 138
130 11 479 146 141 26 212 416 397 91 309 270 360 380 178 349 479 120 442 82 184 326 254 159 159 51 397 127 354 299 459 253 194 310 356 159 487 92 419 258 396 408 23 301 29 114 19 98 341 333 173 275 473 138 500 116 145 133 307 6 120 41 161 17 262 253 106 9 482 342 220 419 3 381 50 484 335 490 189 412 336 198 148 479 301 231 430 361 404 264 398 170 422 46 11 231 147 81 107
308 107 154 83 359 472 89 83 76 61 437 47 426 289 20 70 303 71 339 440 375 273 224 111 219 155 488 195 311 203 357 409 248 490 280 488 73 350 458 196 413 335 105 1 443 107 309 96 464 137 367 221 119 295 180 373 337 14 142 163 164 371 214 195 13 429 90 373 240 109 20 452 130 375 20 321 391 379 435 90 3 385 322 84 55 287 328 409 289 402 386 84 232 176 243 497 113 224 183
434 292 103 69 297 30 397 361 386 416 245 364 442 397 290 70 322 343 476 238 47 283 358 409 306 80 243 137 289 407 402 383 486 140 492 229 11 173 236 402 244 421 477 62 144 177 458 352 488 471 422 223 255 60 276 347 426 7 114 15 273 190 385 25 285 345 199 253 325 398 119 41 311 120 255 82 412 35 139 52 192 426 37 138 453 146 20 458 383 322 364 108 346 50 491 243 438 355 1
184 268 275 140 425 124 351 464 490 94 277 6 311 383 265 447 112 106 486 3 2 159 107 11 389 3 146 176 212 277 405 145 87 71 392 121 117 414 348 56 372 346 407 118 251 36 286 279 173 87 160 79 270 44 185 2 432 471 391 198 336 234 30 34 18 183 262 50 157 88 137 191 426 151 378 419 221 1 493 7 221 369 54 272 265 471 254 119 350 93 419 311 214 132 146 63 225 415 184
420 484 349 450 274 296 365 184 109 68 286 297 275 261 485 336 2 486 341 464 221 264 65 35 49 163 260 55 346 58 248 97 413 194 358 95 175 493 367 102 116 213 173 370 484 374 374 109 217 150 307 111 191 22 120 37 199 375 253 340 290 423 313 186 56 248 100 413 47 350 282 56 293 136 147 415 158 210 453 296 419 487 361 279 187 178 2 478 248 282 251 210 228 116 297 309 366 498 111
80 153 24 371 475 341 459 70 15 205 180 53 303 499 205 189 292 137 463 60 136 442 174 448 301 146 377 450 82 39 48 90 132 458 131 240 46 31 368 395 380 47 48 294 153 92 29 341 476 447 6 409 38 359 16 262 297 18 316 435 307 189 399 409 357 436 354 151 362 71 81 384 22 442 233 392 475 176 452 63 295 129 335 223 274 94 354 105 30 461 443 405 103 400 295 277 158 277 233
484 55 89 44 364 156 19 391 387 483 382 411 418 404 204 101 160 260 120 308 433 394 153 378 365 77 1 338 133 477 133 126 283 358 330 319 469 31 331 261 455 284 27 87 273 326 183 50 51 261 16 476 33 138 317 283 40 308 13 29 102 410 443 388 231 174 258 290 282 126 455 273 106 435 430 207 304 160 160 475 192 107 450 390 95 457 328 100 77 106 369 22 486 428 22 47 21 67 295
204 166 304 336 444 431 342 237 71 168 113 4 289 346 412 316 430 238 315 489 357 441 354 354 337 484 82 221 39 349 218 421 138 443 52 305 139 478 149 441 91 86 182 377 4 4 71 195 371 433 220 111 315 81 145 81 57 437 80 476 199 209 380 429 426 234 321 327 134 437 431 175 446 199 122 229 296 476 169 143 330 315 141 23 129 475 483 127 271 63 233 481 307 318 79 411 377 47 321
393 236 19 484 81 459 125 300 116 140 144 333 138 171 5 392 317 63 88 301 48 406 398 481 413 383 110 281 385 273 389 440 255 330 494 35 270 207 82 83 180 168 133 6 83 490 6 163 426 141 64 473 137 173 452 261 99 77 145 348 120 149 336 200 401 228 442 353 133 484 272 19 432 399 78 1 471 306 101 222 474 57 391 269 75 494 349 256 158 26 366 129 178 72 226 176 226 157 143
446 77 27 49 308 19 184 132 124 303 299 394 19 34 307 46 194 474 141 410 145 141 151 210 420 358 278 210 311 390 97 219 94 233 491 133 161 212 441 63 420 340 241 108 495 13 125 88 365 214 182 428 402 259 243 74 190 226 293 140 8 54 5 414 49 144 260 464 472 267 41 359 351 285 327 139 372 396 253 32 158 77 217 307 483 2 333 64 101 141 491 359 299 493 1 472 352 155 252
99 110 476 202 240 28 254 278 84 136 444 56 495 249 363 396 460 386 56 304 461 333 118 396 117 296 310 496 414 351 312 494 353 395 339 261 364 241 338 110 259 162 9 54 476 116 30 413 47 219 271 106 452 59 56 357 390 9 438 275 71 170 385 248 94 443 71 447 302 367 179 357 53 176 396 149 35 420 43 214 272 168 75 160 153 168 397 467 127 183 267 273 485 295 67 236 58 277 79
206 318 39 422 404 339 134 43 363 129 200 367 494 100 455 85 270 253 373 74 405 3 237 392 281 362 208 220 496 203 405 279 279 214 74 99 86 175 117 300 288 234 202 315 376 475 50 93 71 18 56 407 296 267 435 380 482 78 420 133 250 191 426 381 7 215 457 395 71 483 143 458 265 199 23 148 143 292 279 94 388 321 391 152 225 71 458 57 362 409 339 148 69 388 311 216 393 22 190
39 209 186 209 467 160 236 111 6 49 359 194 84 472 268 264 497 284 378 73 15 44 408 259 383 457 174 365 42 262 72 224 155 10 457 165 322 148 147 194 379 390 450 461 287 333 20 135 125 401 15 300 355 183 353 314 158 412 140 420 99 363 55 490 337 83 136 365 246 493 68 23 495 257 355 274 136 349 48 270 467 243 137 40 268 140 157 161 65 264 330 279 419 205 19 112 247 203 180
374 277 201 431 390 298 297 137 475 189 148 245 277 73 235 376 267 121 391 316 437 41 378 489 152 11 164 472 258 305 107 445 34 205 8 149 440 238 263 275 165 485 227 219 387 64 122 407 53 224 209 85 21 50 46 117 373 185 407 51 358 468 124 159 382 226 90 253 308 67 177 8 410 13 107 477 306 254 23 484 235 215 265 65 344 476 264 318 132 175 200 160 292 120 416 99 415 125 434
472 134 126 75 289 285 291 62 224 495 465 88 356 219 400 179 248 455 162 221 140 235 273 407 64 260 308 394 409 420 140 400 447 153 423 485 256 474 470 316 258 53 322 42 113 387 9 445 242 428 243 349 446 37 377 113 286 12 73 156 26 158 370 263 296 222 374 175 47 322 96 156 320 42 248 479 163 363 58 201 401 255 56 206 441 16 170 319 16 147 289 169 421 408 29 214 385 116 91
142 405 444 328 53 204 68 115 224 441 467 68 434 387 449 189 367 263 225 217 434 418 130 476 178 476 311 77 188 252 120 205 365 327 104 68 21 500 149 79 382 149 191 36 488 345 471 286 324 450 453 487 146 403 480 306 235 462 70 20 135 19 182 337 428 159 311 360 350 137 429 370 94 34 455 98 152 182 306 479 347 39 122 22 299 482 427 123 434 473 206 381 441 124 397 5 477 107 61
428 142 83 226 231 373 403 496 373 243 386 61 247 41 494 390 289 448 21 214 457 279 52 293 446 379 388 314 312 262 251 52 450 240 218 215 305 301 430 86 385 200 323 473 1 52 204 456 167 117 88 23 342 186 339 295 407 51 286 433 450 294 7 31 372 451 138 220 83 264 466 100 16 493 404 69 351 394 7 119 354 332 49 468 405 147 47 318 83 208 133 404 401 492 396 309 460 6 30
336 477 201 368 304 184 368 111 270 341 479 328 74 365 416 38 364 53 331 150 275 162 34 4 99 235 131 413 240 43 362 269 233 493 346 106 275 482 323 463 29 58 119 292 479 282 394 25 256 438 393 25 125 296 82 451 411 196 290 240 228 246 307 226 274 140 396 138 148 227 82 235 327 6 205 60 427 324 486 382 235 145 204 85 32 47 190 127 27 255 187 85 192 73 48 148 213 99 353
152 494 398 416 454 423 120 238 76 362 21 114 280 112 257 442 491 48 274 336 238 248 80 149 362 219 244 486 188 88 102 318 405 248 472 464 493 289 213 276 123 459 491 185 311 344 256 441 283 57 296 148 191 294 16 27 183 424 211 304 15 284 426 148 6 45 398 69 249 119 75 379 105 350 448 53 467 471 53 252 223 321 75 180 385 98 444 51 348 391 106 155 359 257 452 188 209 15 171
316 366 171 94 338 479 59 21 8 3 91 198 230 454 492 461 77 284 181 307 365 372 303 289 178 114 494 38 269 403 350 140 460 147 94 24 246 188 390 425 203 39 133 36 149 28 217 89 480 183 26 83 124 14 41 172 259 318 450 82 446 254 157 307 420 432 37 50 64 442 417 109 315 366 402 459 230 338 165 287 412 418 166 72 195 230 140 457 227 108 482 237 197 171 72 414 350 95 471
310 466 141 437 276 105 405 28 491 390 128 4 395 92 286 252 356 29 496 30 160 120 192 73 450 237 323 76 108 384 29 442 112 155 211 64 88 181 495 14 86 8 453 358 320 194 491 139 288 178 337 38 382 247 178 222 256 405 345 262 164 401 151 255 412 255 443 380 181 327 84 24 105 179 241 149 396 305 236 308 296 37 131 12 268 343 148 28 228 30 24 328 455 423 174 375 438 325 462
