99 99
308 366 2 241 290 223 412 384 407 243 59 344 169 497 314 70 418 357 360 73 261 275 91 217 34 248 284 49 287 408 412 230 348 103 452 112 301 128 112 410 8 80 240 216 479 431 448 389 129 250 225 146 153 339 4 422 423 156 181 270 48 107 204 238 88 301 49 236 142 234 274 284 438 379 341 358 282 316 183 7 125 165 360 98 7 3 342 70 42 371 145 295 143 372 172 29 90 368 70
492 129 130 171 83 182 71 443 481 438 82 231 402 263 250 397 238 313 486 436 46 262 136 77 271 245 489 56 163 194 216 350 482 74 14 99 388 331 293 317 98 58 12 440 180 68 262 259 239 85 374 405 95 255 103 378 159 171 118 408 457 249 99 50 460 333 370 464 167 124 309 105 14 169 174 179 390 35 296 164 360 303 388 399 324 198 336 107 256 177 281 378 106 479 157 96 228 137 181
168 113 433 51 324 375 165 404 464 105 25 112 460 20 359 232 473 289 485 306 223 150 449 173 198 55 373 179 227 194 19 8 336 198 177 26 16 500 287 27 293 69 322 472 204 375 358 262 60 477 187 205 419 476 197 45 70 328 172 393 32 170 329 32 487 338 403 492 54 238 266 383 244 333 131 13 245 191 413 430 33 340 93 308 43 217 358 491 53 359 357 197 344 440 83 6 319 454 155
166 109 443 192 300 126 143 232 157 301 50 411 184 119 180 497 344 184 74 209 366 423 209 492 344 429 77 170 61 13 140 224 427 131 354 301 441 269 127 388 33 286 384 32 299 368 153 371 497 269 497 315 41 151 26 245 330 19 113 342 232 412 401 222 250 283 458 278 33 21 164 128 200 356 173 499 392 22 353 428 425 66 315 351 350 401 348 292 341 109 274 248 323 327 346 247 184 322 374
294 485 128 161 331 212 298 35 432 10 343 450 146 485 310 195 463 17 31 266 337 464 400 107 166 352 140 423 309 252 496 113 62 103 376 279 21 330 364 498 140 389 246 45 415 129 483 107 382 291 50 281 389 163 305 77 171 99 227 234 374 14 457 397 396 100 213 325 191 159 284 478 12 263 374 389 428 110 299 254 147 66 203 106 454 179 424 180 439 312 145 75 159 53 431 456 439 157 373
442 183 325 454 408 72 33 227 95 322 437 448 270 323 488 249 409 175 236 39 273 96 397 15 212 394 67 123 382 401 108 386 93 167 313 148 333 104 291 351 303 293 389 405 308 358 369 497 245 165 250 188 440 15 317 18 401 333 33 245 135 202 452 166 357 294 213 171 153 418 133 276 138 18 188 434 217 214 67 56 393 158 159 379 115 72 296 173 156 259 456 163 303 361 295 174 184 1 375
244 323 389 296 372 142 342 313 38 185 80 268 474 401 318 169 136 117 350 412 51 426 331 276 401 291 126 33 234 67 322 74 300 481 352 297 492 13 305 68 273 392 349 347 52 225 46 8 415 355 67 57 90 143 344 297 180 107 230 142 499 213 89 205 414 475 299 311 350 265 119 107 262 130 428 345 168 86 158 126 212 425 175 168 175 131 497 497 374 78 472 101 46 378 96 310 349 108 301
329 384 366 54 65 427 222 83 97 319 27 208 325 390 453 461 331 170 45 335 83 275 163 80 396 362 444 253 491 21 381 307 449 436 406 64 73 413 261 155 265 400 144 179 309 134 356 372 186 174 438 121 278 34 357 12 249 146 415 61 271 387 470 455 282 446 183 206 472 400 401 361 120 376 482 171 96 118 243 427 117 20 460 333 179 296 92 478 470 416 129 478 139 146 140 348 428 395 101
482 429 487 118 14 10 256 217 444 48 28 195 254 234 364 500 330 260 133 292 190 427 91 119 417 50 62 493 400 464 412 201 169 360 412 1 435 447 325 349 418 485 388 126 483 268 481 65 200 63 487 467 190 426 224 195 6 273 355 63 348 355 417 184 412 218 154 307 390 48 159 36 71 434 246 209 125 396 158 55 352 7 295 281 190 423 138 346 421 178 139 17 288 288 386 314 468 65 99
295 214 278 325 335 167 47 132 184 39 443 227 344 455 89 178 7 485 434 132 111 228 266 359 161 448 21 456 310 139 466 175 53 328 71 211 269 19 361 381 378 6 27 317 70 433 305 423 64 191 409 218 289 235 238 308 348 68 111 391 271 460 300 314 426 10 11 211 243 371 226 213 265 212 165 284 318 446 450 236 344 100 55 311 230 273 395 441 170 8 193 359 181 254 495 9 429 150 272
489 31 4 341 257 396 82 427 230 291 335 367 467 428 200 220 465 80 57 238 295 244 173 284 246 245 444 378 31 16 43 198 147 328 217 7 90 125 441 265 288 332 26 193 307 179 480 416 233 429 149 361 207 22 23 96 432 334 30 323 49 53 215 345 12 174 329 471 419 437 217 105 113 161 476 488 107 362 139 346 459 339 87 106 349 389 26 405 406 23 495 372 69 105 82 61 430 69 163
346 272 88 82 455 446 426 332 107 469 13 31 393 388 151 385 130 192 165 5 373 116 471 460 209 172 276 230 136 189 221 249 320 74 199 8 262 441 381 311 265 238 379 358 74 20 414 172 8 177 116 93 170 457 288 478 402 253 363 226 286 290 334 67 56 228 444 170 437 435 439 214 290 253 500 54 378 66 441 228 368 380 177 209 314 379 124 10 289 269 104 362 412 278 175 127 182 69 465
394 153 119 15 361 475 249 250 327 468 477 341 121 96 364 116 335 218 266 215 95 86 337 317 332 321 282 303 341 313 262 406 358 44 105 264 324 445 81 252 112 313 432 36 431 420 372 13 286 185 133 361 193 282 472 200 161 37 52 107 427 359 78 100 432 479 112 15 114 250 180 444 203 75 110 416 199 446 473 235 270 107 413 20 446 218 75 59 90 362 323 180 360 400 21 406 334 397 24
241 450 275 288 203 127 425 216 186 349 455 45 359 485 120 234 378 45 215 303 483 78 23 411 90 396 497 216 238 219 172 275 312 44 178 63 247 374 12 55 423 440 148 384 76 122 264 469 316 372 114 18 119 430 495 376 130 110 62 6 315 31 475 259 213 302 447 349 346 293 57 401 474 440 46 91 484 380 270 424 43 400 470 469 307 499 186 299 169 462 135 270 436 149 180 344 218 412 409
467 346 280 414 243 25 297 117 478 183 180 147 346 215 222 440 70 496 228 396 366 29 425 436 9 416 300 275 281 381 375 199 404 273 369 466 361 108 25 6 93 479 4 358 456 16 162 328 328 165 156 413 236 199 59 455 377 1 491 483 250 273 301 19 72 353 428 162 468 253 161 307 304 343 468 399 448 355 75 33 197 307 455 436 101 173 162 491 163 136 371 435 327 200 243 137 168 391 398
260 317 406 160 180 204 56 342 244 295 497 399 81 300 408 399 62 54 227 47 272 401 219 91 211 390 441 49 297 86 91 189 465 313 124 354 427 413 290 290 10 414 206 237 247 275 115 283 115 438 167 292 166 403 207 95 286 148 199 183 55 351 409 396 182 287 116 417 211 467 83 136 151 429 449 366 130 428 262 99 199 122 457 23 22 274 447 491 120 226 396 186 351 356 461 391 371 220 415
285 308 102 383 143 286 318 3 120 243 267 410 481 493 292 348 377 183 72 366 445 230 126 486 413 470 489 139 168 118 26 381 134 493 199 82 359 134 289 315 299 7 180 310 72 456 314 70 5 28 37 72 359 402 18 74 140 210 79 225 427 28 143 105 285 405 423 372 462 310 427 79 52 407 430 193 416 449 480 47 331 58 449 324 349 293 452 363 114 106 310 482 316 381 264 117 148 287 73
493 468 151 374 349 340 107 400 396 15 40 450 392 2 31 91 462 468 357 242 490 443 170 258 245 292 441 258 275 24 397 85 57 12 122 122 238 238 392 138 56 492 135 170 137 290 475 352 358 14 200 460 184 500 197 153 154 256 351 367 3 215 210 22 139 488 488 67 265 415 497 86 37 444 19 76 489 444 173 64 280 303 45 383 24 134 217 268 60 16 85 240 310 167 494 462 16 310 375
46 51 293 192 357 358 369 300 259 64 291 75 203 161 36 176 5 54 26 297 218 75 140 166 163 297 296 6 463 469 400 20 154 469 304 384 1 29 183 112 23 344 64 118 65 67 212 493 111 58 20 345 390 125 25 134 149 244 132 37 163 194 417 74 351 64 19 76 356 378 310 284 108 32 25 11 398 347 21 405 390 486 24 167 132 476 33 416 381 157 52 279 278 242 126 451 49 143 366
473 1 350 459 498 439 285 199 475 300 379 191 250 49 483 397 88 199 120 157 400 444 499 111 253 439 140 104 344 202 323 421 383 34 360 289 99 96 488 214 483 250 277 410 112 318 451 393 155 266 236 490 293 77 495 380 252 463 193 484 423 284 382 402 211 55 424 271 376 13 219 362 61 313 135 441 175 322 270 129 384 54 432 21 492 226 345 448 356 69 462 215 191 256 399 114 455 240 467
269 299 432 285 25 315 108 255 300 109 479 490 18 140 362 125 427 100 57 269 68 366 498 284 274 128 305 142 487 344 423 397 478 82 367 367 323 50 239 312 485 8 14 311 455 69 266 96 386 183 224 118 480 59 210 268 1 245 104 363 442 58 135 248 48 391 378 376 298 158 226 79 126 281 278 165 13 84 440 163 83 149 89 127 268 313 213 335 79 57 265 12 243 275 390 147 165 260 467
365 244 131 397 435 245 148 193 14 258 367 468 370 67 329 385 340 374 88 21 275 376 326 370 290 28 327 104 47 455 446 352 80 400 455 465 355 208 8 114 394 189 420 476 74 110 114 281 327 258 40 159 304 199 54 118 183 385 83 499 362 261 34 246 330 62 367 112 349 263 436 248 149 188 413 382 459 197 161 286 153 477 256 220 9 139 417 3 177 63 162 294 254 48 290 114 169 214 80
490 322 89 376 28 79 40 424 19 16 106 252 128 398 144 282 230 384 174 486 249 470 455 421 449 169 451 297 20 417 45 421 120 1 76 195 62 11 231 410 360 471 302 157 123 195 463 354 230 379 264 42 480 45 468 198 377 417 433 490 118 319 62 387 471 34 279 16 492 295 143 342 250 428 284 356 121 354 179 324 482 164 3 112 145 133 343 43 464 364 368 18 484 79 485 114 285 199 446
402 49 375 383 181 444 11 467 359 52 241 349 106 246 70 405 378 207 384 283 361 465 246 324 270 221 29 89 481 121 336 432 317 95 490 368 352 467 209 270 471 72 500 271 276 365 427 437 283 75 342 470 429 406 391 117 325 357 355 272 56 144 165 225 261 275 10 463 295 174 229 35 232 319 97 264 216 148 32 155 299 192 430 290 191 494 350 181 15 397 417 447 10 419 62 316 387 114 396
416 318 64 429 333 104 52 225 494 305 281 100 281 486 269 431 135 110 201 72 390 60 53 236 301 269 491 163 245 291 375 130 55 65 137 426 410 193 452 247 238 344 357 66 166 72 480 76 255 72 451 113 190 41 68 168 438 145 414 245 195 425 209 446 342 182 177 465 203 497 267 101 449 343 187 267 333 280 88 196 13 441 241 218 56 33 338 105 176 339 195 366 154 298 45 144 206 439 82
464 57 254 163 285 191 241 403 455 220 94 111 73 351 174 343 154 348 278 49 59 324 317 294 145 363 71 254 151 103 434 320 388 384 74 322 137 123 10 479 18 387 407 229 123 47 108 16 363 288 281 434 29 99 191 193 265 424 345 19 89 375 130 56 241 396 297 146 379 215 80 19 493 215 242 500 168 194 330 268 202 354 232 352 226 88 211 454 1 490 209 460 182 464 176 198 244 353 121
61 354 86 11 27 323 116 472 295 348 211 298 271 25 209 323 292 178 334 268 138 341 59 480 364 30 271 441 210 175 401 237 11 393 364 155 26 204 312 173 91 98 230 173 113 387 413 264 498 439 198 205 61 121 100 127 188 188 438 44 51 463 400 264 252 220 416 99 36 282 163 239 401 285 212 141 401 322 18 378 415 205 363 272 370 252 277 337 261 379 318 367 181 331 237 186 161 311 276
119 323 154 322 194 332 122 65 266 34 407 302 224 158 495 365 499 7 125 173 359 472 440 376 86 446 223 499 457 328 400 395 74 183 177 150 387 347 453 193 349 369 314 61 452 485 491 241 128 212 167 241 340 240 289 176 396 270 251 114 358 378 243 209 4 52 152 291 425 406 266 243 63 241 338 91 411 498 34 451 321 112 303 83 408 179 491 24 379 462 408 263 146 413 234 410 467 32 474
478 382 260 58 313 116 57 126 128 48 194 230 131 176 249 21 273 444 121 11 370 6 287 149 305 168 338 82 260 212 175 262 281 71 430 241 455 47 79 62 100 205 309 341 265 365 7 89 375 288 105 221 130 169 147 216 141 220 81 82 108 144 239 446 217 266 426 386 288 362 216 24 364 43 448 392 153 70 335 7 231 326 440 150 115 396 373 58 28 324 187 333 312 500 429 398 243 24 352
157 240 198 369 220 57 345 252 209 241 445 114 483 49 75 116 68 342 496 169 345 488 417 269 374 150 313 41 24 170 136 386 16 105 439 406 286 364 480 390 179 443 115 423 202 53 171 382 204 331 151 256 299 397 304 240 11 278 321 159 87 454 60 487 403 98 56 33 317 186 157 141 299 219 409 495 88 43 202 61 24 77 389 397 433 101 351 140 321 72 221 168 435 63 172 393 21 462 264
487 355 352 80 455 14 325 174 356 156 125 385 387 240 347 358 349 250 387 463 452 355 231 324 164 296 360 27 393 322 293 329 3 139 180 443 317 294 78 409 169 411 409 192 418 491 9 215 371 125 162 159 214 239 88 76 3 45 170 169 214 476 111 224 148 39 190 479 131 271 483 106 351 169 296 48 358 437 27 309 394 156 306 485 90 84 192 446 169 415 267 461 286 271 346 373 231 139 382
412 272 82 18 163 224 231 97 11 385 278 296 318 212 112 165 305 92 477 426 406 490 7 144 396 259 97 109 55 495 486 345 391 14 385 238 184 117 410 111 297 380 333 190 266 381 374 182 57 71 398 3 232 324 274 56 12 6 258 365 174 369 35 1 266 387 99 73 253 253 460 192 210 300 91 122 19 200 34 14 185 430 34 466 207 140 9 177 399 337 295 119 115 91 390 255 264 312 417
15 178 270 354 16 80 62 329 387 332 76 165 8 179 371 348 279 398 485 353 412 163 263 10 154 171 428 167 140 280 437 441 100 491 211 195 26 196 466 445 463 295 104 168 94 287 171 62 380 337 431 107 296 358 468 70 245 343 325 239 70 68 268 439 410 22 101 198 414 138 177 140 17 347 209 303 242 268 163 447 354 286 165 202 135 375 334 451 284 293 462 176 205 14 269 270 449 483 362
108 258 117 264 182 218 234 90 384 368 18 180 383 405 199 260 175 342 6 272 36 72 155 176 442 224 205 493 35 482 203 268 401 203 344 186 23 401 414 321 142 71 416 172 46 306 107 378 360 353 175 345 237 444 18 178 313 335 190 484 147 285 241 273 233 212 20 123 244 492 108 92 192 4 481 73 284 384 310 289 379 108 258 332 403 300 40 285 431 377 237 58 311 345 161 243 499 162 189
271 132 282 224 267 220 211 261 500 112 420 289 77 9 357 376 163 366 153 373 476 180 251 322 363 371 447 500 448 429 266 223 226 477 42 59 108 193 302 220 55 317 50 148 387 28 208 73 299 247 67 346 485 187 85 314 452 388 96 233 466 44 158 7 377 424 307 279 90 145 126 73 473 330 241 261 27 322 436 16 383 40 76 466 295 46 402 166 96 9 97 446 69 256 68 491 444 129 117
446 489 435 352 176 365 19 62 447 364 404 186 57 402 245 349 248 267 428 384 186 423 259 39 334 289 82 383 426 215 328 224 382 22 376 408 325 93 470 373 462 392 459 385 83 386 216 103 412 156 418 338 384 94 155 157 341 56 385 173 420 105 111 376 298 446 109 75 109 80 379 170 376 31 197 151 78 450 206 117 292 270 327 35 338 112 361 455 185 433 336 349 247 214 436 205 26 292 436
259 460 48 112 119 146 4 469 32 118 332 326 420 346 303 485 232 320 388 58 270 351 268 292 216 460 377 359 296 289 192 264 144 171 304 10 230 341 51 396 357 305 216 257 386 466 491 175 236 363 193 436 350 168 314 121 403 449 97 192 460 60 46 203 478 438 144 413 218 37 346 452 21 264 28 358 290 279 378 308 152 381 170 29 379 84 6 159 163 11 456 378 185 165 403 144 86 171 393
281 202 61 18 134 491 76 25 177 13 484 308 176 313 122 477 465 162 244 213 396 253 10 384 151 22 366 495 279 135 462 427 307 231 192 249 221 237 290 412 132 474 471 27 345 417 232 62 312 148 277 89 426 475 86 358 31 72 397 286 464 105 386 257 37 301 110 252 180 26 21 59 154 441 415 273 44 415 464 183 277 472 60 224 491 311 431 378 472 445 83 261 476 106 345 309 468 324 365
258 165 279 203 171 79 400 452 299 267 285 494 373 402 405 291 484 42 342 9 177 397 451 10 25 92 35 206 232 133 213 363 421 447 60 476 84 370 18 179 396 127 133 47 327 497 456 394 116 65 140 88 242 488 121 434 77 186 265 498 337 21 480 400 25 311 493 373 494 219 231 288 300 266 195 179 428 102 281 46 460 255 211 89 198 83 387 383 11 326 341 415 150 350 481 54 101 85 480
405 64 283 12 287 300 228 175 456 336 139 105 64 25 479 167 461 470 199 376 323 367 370 49 423 287 489 309 68 119 186 7 43 97 17 223 205 157 431 205 156 54 249 86 103 293 3 491 480 102 63 283 109 198 330 385 427 25 358 75 159 95 37 191 263 42 404 457 270 14 176 48 84 277 261 421 482 223 105 176 217 337 68 272 258 113 94 371 353 61 213 368 319 341 470 244 68 56 402
255 242 411 380 87 89 425 122 122 226 322 308 195 129 500 283 14 29 130 239 422 348 38 212 47 410 252 408 140 222 197 365 137 23 199 199 129 376 485 216 494 185 113 308 236 334 102 382 371 348 245 55 43 35 184 354 208 237 403 331 396 451 480 169 250 337 425 360 2 267 100 479 293 374 183 128 88 482 120 230 469 295 324 449 113 57 102 133 205 257 12 184 404 133 137 246 10 366 202
115 204 313 403 359 406 123 436 190 432 235 424 475 386 227 459 14 60 3 57 497 32 314 394 45 392 336 385 44 455 59 24 58 308 260 168 9 200 466 61 152 257 282 133 108 415 322 214 89 35 229 157 455 492 458 160 193 438 143 481 37 219 482 66 72 39 271 408 434 6 99 111 261 381 51 214 442 363 417 28 465 209 363 366 291 294 38 261 296 84 316 129 61 89 30 125 301 214 31
230 427 200 372 95 83 124 18 155 243 62 196 119 101 291 483 366 423 378 56 184 398 417 282 77 8 410 47 414 381 242 261 47 479 21 67 57 401 469 334 464 325 167 303 271 7 416 234 289 269 363 211 418 278 41 370 462 460 424 486 293 157 258 317 57 51 214 223 96 171 219 181 332 275 246 417 79 238 377 301 131 306 202 142 225 450 183 211 305 42 322 372 104 331 312 375 135 5 462
138 257 38 360 95 155 2 433 1 124 278 367 463 172 29 387 99 331 450 488 259 239 255 487 301 23 485 8 332 314 235 225 21 372 346 158 486 96 417 441 191 405 252 82 296 465 257 120 62 484 354 188 233 88 305 420 238 431 119 19 398 218 244 318 334 349 114 428 276 245 100 234 401 409 383 346 234 334 346 208 210 336 68 155 379 426 148 70 266 121 130 315 300 327 53 349 395 66 44
486 439 183 73 269 232 486 352 415 205 106 339 24 67 3 378 287 378 474 304 20 495 17 66 472 325 193 205 150 309 289 300 310 306 10 220 49 374 442 472 381 295 428 168 284 393 67 468 121 337 332 384 54 44 3 123 288 459 159 303 330 393 111 442 456 443 104 224 288 300 173 88 176 410 326 29 292 88 66 498 220 446 218 302 459 485 318 203 493 160 15 381 90 233 166 253 226 462 115
49 58 175 434 432 417 86 81 382 158 400 127 464 421 112 160 489 124 175 53 448 374 96 65 464 466 116 109 167 276 246 391 15 73 355 384 421 349 194 301 367 4 31 167 320 26 164 422 281 369 350 3 344 307 272 428 482 272 196 141 41 233 384 201 347 338 105 331 329 348 192 188 61 50 500 200 453 114 298 228 224 179 177 10 373 314 172 396 25 212 487 291 33 311 54 431 56 304 107
497 99 140 1 320 140 54 267 180 187 114 396 181 405 213 228 80 99 489 469 233 322 465 6 175 38 190 166 121 415 203 235 302 458 28 319 481 136 236 396 167 87 154 119 28 55 248 21 309 10 217 339 467 494 182 141 68 360 446 124 266 330 208 408 199 317 92 307 308 236 85 445 442 283 111 92 95 465 495 172 421 19 18 324 148 113 249 476 29 373 355 377 48 97 410 27 139 443 26
266 406 72 124 90 326 174 303 101 186 254 475 349 443 294 122 327 98 67 145 189 84 441 278 328 481 198 455 375 302 311 429 437 122 216 32 302 69 377 379 174 155 274 199 133 114 438 292 240 197 376 173 263 233 84 244 42 73 446 477 115 462 55 213 496 309 340 5 310 73 159 88 46 490 315 215 237 420 457 397 95 279 359 410 60 95 82 38 498 280 327 488 377 2 171 145 274 482 186
16 452 56 158 140 478 443 417 381 11 455 129 36 66 158 38 434 142 62 464 71 461 411 338 495 480 415 46 169 10 232 364 497 36 222 129 122 11 428 422 433 376 286 68 446 107 421 120 73 175 399 452 462 26 4 309 418 59 53 343 122 268 272 348 260 23 312 426 338 454 353 104 89 485 359 289 8 210 107 253 233 379 13 191 485 142 150 201 193 495 292 151 296 71 500 279 144 343 28
217 36 268 10 392 127 144 150 169 143 63 327 186 245 267 287 191 490 261 451 247 303 480 446 454 167 368 417 104 122 92 417 371 75 336 474 132 213 317 414 288 493 47 149 145 13 175 244 469 429 179 236 104 328 78 46 89 453 464 187 401 87 254 440 169 115 469 422 487 176 337 17 63 182 198 477 189 123 336 401 245 264 304 134 489 67 15 181 399 333 348 294 264 469 157 120 58 491 276
439 206 455 91 2 126 269 482 364 88 314 327 492 89 246 129 500 274 177 482 263 52 338 57 197 214 361 347 453 306 31 212 465 372 2 269 461 305 370 161 353 382 368 435 204 500 304 453 418 413 246 430 366 43 464 84 119 493 428 349 478 448 415 204 476 277 156 392 447 386 377 97 483 239 362 493 230 393 341 86 255 117 444 172 291 318 71 8 205 106 356 174 233 70 443 473 370 370 265
270 246 271 202 329 273 35 327 394 276 154 32 355 363 289 191 218 252 261 95 388 152 207 213 304 30 455 303 186 419 328 212 343 434 492 254 376 333 366 240 143 242 31 97 464 207 151 485 126 180 203 425 142 40 231 122 157 318 92 485 48 456 27 204 29 120 332 194 416 343 40 440 218 75 79 141 249 238 401 358 3 243 282 19 490 148 107 304 334 358 247 376 195 236 138 88 78 257 142
233 406 190 78 39 109 152 258 141 116 253 428 477 425 93 266 388 186 396 202 500 160 108 466 313 281 19 454 498 374 463 196 426 170 139 348 454 128 18 302 49 419 292 114 115 422 370 456 78 205 64 179 400 136 333 35 301 390 82 306 11 370 116 424 222 85 496 17 316 419 382 244 376 372 161 109 408 466 68 305 260 98 494 117 347 385 350 74 162 299 397 15 322 369 373 340 132 73 190
218 321 11 402 226 31 172 316 324 479 184 385 255 428 270 319 160 49 177 153 14 312 147 102 354 483 406 209 77 435 224 283 50 310 409 152 404 355 204 491 228 455 475 39 159 484 410 256 280 349 2 53 432 452 205 38 131 181 323 116 152 235 148 144 250 304 358 412 207 339 367 275 165 454 285 351 270 492 272 463 253 388 304 395 175 120 79 41 497 432 428 498 438 115 248 405 244 405 2
292 259 170 107 490 360 187 262 115 210 63 461 420 303 182 133 268 370 302 310 168 250 249 272 36 451 338 187 290 77 256 243 221 353 356 192 396 160 339 44 313 333 384 240 51 137 455 408 273 406 464 279 479 483 125 362 354 180 162 334 393 443 467 68 8 128 428 418 378 300 147 407 261 202 18 310 393 482 367 287 487 190 261 437 407 1 114 221 200 387 147 284 238 239 275 210 44 240 406
463 107 477 415 14 350 49 210 247 5 214 350 102 336 250 341 241 10 375 132 319 316 378 45 54 490 239 462 36 165 144 27 195 103 42 463 310 17 239 54 156 223 498 470 94 154 39 400 415 274 321 280 324 418 9 396 427 488 233 162 323 242 122 45 200 473 213 112 439 187 7 28 382 142 390 18 358 102 390 370 23 163 310 265 479 283 394 342 353 195 54 392 186 484 180 144 453 124 224
327 270 268 438 348 474 297 385 172 423 442 239 136 201 448 352 140 430 309 277 231 422 36 81 220 481 440 116 385 460 320 59 436 315 245 482 291 339 339 429 38 335 89 446 306 272 271 2 21 93 121 451 104 278 233 455 294 283 416 345 354 5 215 104 343 47 497 14 334 202 93 226 450 380 138 97 323 373 412 420 450 62 428 351 387 4 193 167 47 127 97 492 271 192 485 411 272 49 96
9 236 487 125 483 457 194 17 72 267 200 65 197 49 224 326 247 134 330 116 279 323 220 395 64 457 445 59 466 142 181 337 300 99 229 291 152 221 355 265 119 499 338 469 119 486 465 369 304 414 257 478 123 416 323 255 330 146 336 211 314 114 46 362 418 452 380 10 22 468 431 181 139 314 192 391 29 333 91 285 497 485 461 171 156 288 296 194 277 344 317 308 473 134 431 111 434 229 326
307 356 26 255 347 61 406 118 196 489 297 402 331 72 259 19 387 406 319 210 2 161 171 246 133 177 227 2 413 270 107 393 155 461 183 496 203 309 266 259 243 465 372 291 206 491 304 133 53 322 452 208 356 301 198 286 257 86 495 395 40 278 80 374 216 235 487 479 229 96 351 41 193 340 163 298 476 352 235 233 229 295 317 80 270 54 304 6 453 494 377 189 156 159 459 127 6 428 464
181 155 476 19 373 483 229 232 455 461 247 105 266 301 170 240 63 200 214 231 1 356 466 200 170 245 108 231 228 465 26 256 352 306 122 413 237 484 54 18 8 245 298 386 381 411 409 447 49 414 18 446 463 415 37 386 196 102 127 257 56 14 150 234 66 493 70 189 16 263 402 180 37 278 87 351 469 489 57 463 170 500 287 496 21 39 223 342 265 285 413 57 472 358 164 462 340 166 327
409 151 116 461 74 337 26 53 500 300 388 144 45 218 111 108 29 74 423 228 336 431 193 333 288 339 55 110 293 124 255 286 283 451 1 481 187 21 271 313 95 218 489 147 246 368 73 396 302 200 296 39 496 82 70 116 215 285 60 16 139 287 145 31 343 278 180 203 8 416 217 241 421 353 498 72 369 235 17 102 240 173 86 137 303 227 289 169 463 386 117 180 302 177 259 259 368 242 134
441 413 156 102 476 360 220 175 286 448 92 74 235 462 222 300 34 207 234 218 116 91 203 423 373 5 470 490 257 429 167 359 449 189 390 386 199 131 226 91 178 24 213 231 228 464 55 287 455 200 296 427 483 160 408 63 136 346 305 58 316 161 288 130 183 380 437 315 322 261 15 104 1 138 449 61 169 218 416 478 363 67 439 64 256 292 241 421 220 93 301 78 21 448 460 197 23 206 202
383 365 74 351 237 352 269 456 196 383 53 157 445 199 251 272 10 158 231 262 341 143 417 336 411 26 23 191 376 325 207 125 360 230 426 179 276 372 21 87 370 389 335 206 431 200 199 232 128 330 279 450 168 282 295 152 488 118 492 40 64 25 400 149 412 305 307 480 232 108 193 223 181 464 86 178 170 449 98 457 436 153 260 243 214 142 414 312 306 35 448 42 330 141 348 405 70 355 293
487 394 377 229 418 429 255 23 8 475 139 166 31 6 396 336 395 193 34 344 455 414 158 9 310 159 100 144 115 323 471 146 7 405 280 327 133 494 399 182 87 240 464 26 427 374 171 296 115 410 386 420 447 116 136 433 200 77 411 234 371 143 282 29 226 417 104 328 70 200 378 475 449 353 316 320 41 393 54 341 103 305 498 274 431 469 118 157 307 420 457 347 294 101 382 214 406 151 207
192 112 58 177 491 64 421 283 424 476 226 175 216 98 497 259 108 230 83 138 333 456 132 460 235 109 177 62 450 37 406 123 289 157 340 457 287 243 355 221 209 384 133 184 78 128 334 375 117 106 160 85 332 273 212 430 472 448 426 267 232 248 394 39 87 424 254 449 25 221 359 61 206 204 301 165 227 120 172 314 344 493 354 296 136 188 38 186 222 17 158 52 418 412 236 251 266 178 393
493 256 180 331 30 234 366 286 498 306 269 320 264 281 378 110 235 285 441 282 290 270 389 320 294 223 76 8 325 472 452 479 286 451 145 286 400 283 412 80 167 477 209 359 144 144 205 147 453 223 496 333 109 110 201 169 254 366 343 186 11 386 229 25 137 243 96 359 243 456 195 156 301 66 129 176 475 488 130 21 315 342 163 379 130 162 219 282 97 345 166 173 166 128 126 163 293 254 495
497 200 143 489 177 486 454 103 74 302 455 369 87 265 462 269 47 380 165 259 380 9 350 459 413 287 105 129 253 134 249 250 2 52 358 394 472 375 1 376 202 163 230 485 194 154 147 457 136 171 104 253 237 450 249 492 222 151 197 8 192 167 481 421 341 484 45 119 434 410 408 362 248 485 437 498 59 121 66 384 210 412 319 216 244 353 301 26 464 263 500 500 453 116 192 183 474 158 23
73 442 278 269 285 325 136 464 261 46 194 188 124 489 88 169 83 160 129 431 400 307 485 437 239 185 452 469 481 174 335 278 68 311 276 110 308 169 355 68 27 192 83 94 421 469 199 118 173 209 291 304 237 5 330 453 94 371 379 74 33 345 230 128 219 428 308 392 255 427 12 18 119 371 404 335 200 322 405 327 434 413 440 309 379 490 62 199 365 500 259 7 416 434 151 281 73 296 174
446 498 291 452 144 148 336 15 69 168 230 38 446 235 224 35 463 244 126 391 459 421 11 315 199 289 340 179 312 158 195 370 288 34 290 12 459 224 499 409 39 72 287 214 78 74 264 279 147 450 244 229 262 64 235 160 108 108 415 171 332 232 303 171 488 274 284 208 122 45 264 67 121 213 115 163 30 99 216 148 315 477 233 321 498 483 76 335 117 186 81 417 132 66 127 102 64 496 81
25 407 14 24 343 151 90 124 432 257 347 409 56 165 139 500 292 478 26 89 56 216 347 41 208 173 173 246 125 421 75 40 488 455 46 215 11 296 55 401 489 319 123 70 404 163 235 70 390 346 44 275 367 227 287 65 447 220 134 495 472 202 260 294 326 369 290 349 116 415 208 90 33 29 252 180 488 279 232 41 218 230 121 475 492 34 203 47 412 133 112 462 76 473 265 458 181 7 428
479 60 79 145 337 298 38 84 459 486 417 282 388 484 117 418 333 445 430 29 468 382 168 362 452 179 417 349 498 249 345 198 382 349 121 44 437 430 482 359 77 219 392 479 159 498 6 295 366 43 434 182 350 80 173 342 111 248 199 123 364 66 53 198 77 83 345 444 341 93 55 460 147 148 67 460 374 182 30 211 453 210 376 282 134 39 247 386 212 477 299 129 64 119 120 148 312 43 197
80 369 456 496 494 341 297 404 423 166 31 104 140 128 151 433 444 278 37 30 352 419 315 445 149 227 99 4 304 94 103 252 116 328 253 395 278 263 125 204 107 401 111 166 2 469 69 284 364 110 16 179 293 237 320 497 401 224 93 400 270 5 289 363 369 55 429 476 366 245 352 449 318 147 66 310 348 434 114 498 475 51 342 238 442 163 425 320 175 445 5 18 433 186 163 151 196 437 297
308 72 489 238 409 256 70 165 360 144 56 174 299 269 254 382 278 343 51 455 59 300 81 115 144 163 426 142 258 57 370 468 363 256 464 19 52 108 102 70 190 176 203 26 176 286 208 383 332 226 147 139 489 289 330 270 341 173 81 118 414 208 317 143 125 17 310 160 359 146 225 116 164 90 28 25 492 92 348 99 27 17 325 216 1 458 273 207 367 71 346 368 225 137 451 379 235 250 230
42 154 126 296 258 485 291 322 310 3 265 156 28 78 25 116 59 94 24 442 466 437 34 418 82 362 69 199 498 166 214 172 84 49 488 172 99 355 265 378 14 414 162 370 429 296 136 338 293 435 497 146 422 290 389 440 489 357 206 139 186 3 175 303 475 298 97 414 429 399 205 473 286 445 13 28 167 162 138 160 262 467 156 406 398 321 326 18 353 398 205 184 94 444 326 366 426 310 433
500 253 445 53 485 9 18 404 425 291 486 474 361 466 364 424 496 290 141 214 395 425 103 185 339 350 18 284 77 207 326 140 320 443 385 179 119 464 99 193 167 130 236 414 188 55 328 190 83 271 446 216 299 57 125 467 267 451 402 131 147 362 252 144 347 93 24 496 74 466 382 172 40 61 43 227 26 462 347 103 282 360 349 59 397 494 179 149 35 94 66 101 55 222 429 226 142 341 60
449 98 34 414 432 449 134 486 484 385 330 450 335 330 473 376 97 4 206 168 437 298 39 214 8 94 207 458 237 134 289 43 376 483 81 46 376 146 113 177 9 49 52 72 89 174 450 402 117 273 62 284 498 120 278 203 180 169 489 234 479 228 385 110 192 401 342 249 472 443 180 468 151 186 192 4 481 21 304 365 391 339 393 296 157 447 124 479 262 114 210 226 144 171 282 391 352 54 311
116 275 293 479 310 37 102 483 250 289 139 119 101 116 291 58 151 419 84 420 488 138 53 125 61 466 32 458 245 114 473 418 334 306 228 444 168 212 473 109 441 17 405 360 126 445 229 247 332 320 483 203 153 292 126 235 452 133 223 67 419 395 446 2 462 452 140 125 373 25 192 364 363 316 222 279 205 68 135 414 324 296 232 27 164 323 461 276 455 181 371 301 435 357 473 130 3 135 104
108 419 320 230 500 281 407 432 420 2 299 246 110 180 43 338 301 418 18 212 203 46 395 426 107 61 91 111 12 218 133 375 106 12 307 464 149 101 430 214 233 346 43 458 76 99 68 74 89 471 229 419 383 57 104 112 297 166 323 366 143 161 172 451 47 43 98 153 35 266 343 378 246 113 376 137 395 122 171 499 481 203 257 409 467 111 59 471 53 167 90 29 246 93 437 423 309 301 106
265 458 338 337 161 236 453 376 190 248 160 499 123 364 139 463 258 479 113 323 411 435 498 289 191 388 351 100 486 410 190 232 462 116 409 346 401 456 264 89 474 466 161 431 444 60 253 259 332 41 93 303 177 98 242 345 320 299 264 382 332 314 235 67 268 165 164 232 118 205 333 475 123 216 104 310 351 62 62 246 92 275 267 449 455 159 225 364 223 305 418 409 365 69 291 401 230 103 152
495 218 300 358 354 309 206 411 411 183 84 359 195 361 300 415 43 35 265 58 352 98 382 193 462 500 350 212 464 384 69 339 296 54 421 342 460 108 317 319 251 34 120 247 414 480 72 252 473 261 167 34 118 362 320 377 178 54 147 57 273 81 259 112 152 265 112 410 109 41 89 393 223 456 374 237 298 446 493 338 329 218 289 12 105 269 22 279 443 90 67 17 478 140 347 388 111 327 183
169 327 108 341 337 21 25 260 177 365 429 109 129 410 485 25 258 126 9 456 241 481 463 35 86 221 395 348 55 414 339 468 309 424 313 303 261 240 349 334 43 496 149 470 156 499 498 186 152 214 179 177 374 431 162 13 107 7 420 385 65 393 401 223 332 21 367 325 396 442 268 42 190 45 37 261 209 331 41 359 471 252 240 351 401 2 198 498 388 378 446 468 242 226 366 352 72 19 251
281 146 25 427 444 239 262 395 390 414 365 454 474 246 52 364 328 61 298 215 279 172 335 284 111 198 267 419 147 66 81 254 284 153 139 323 84 174 44 287 140 368 25 318 427 275 246 12 238 414 230 235 157 346 50 460 145 225 178 253 402 367 345 53 234 347 143 171 96 179 428 101 414 442 104 200 367 427 115 115 289 236 327 365 104 352 407 12 38 449 375 283 432 364 110 135 137 167 217
326 47 156 177 356 45 134 437 51 490 28 354 224 484 68 395 6 64 76 291 428 12 167 278 452 401 169 330 121 95 439 232 294 245 213 79 59 235 432 465 386 400 362 230 56 59 6 299 366 401 310 312 377 334 175 473 270 449 190 202 395 192 437 451 155 286 437 291 42 384 29 85 198 274 306 181 9 371 383 223 112 121 12 224 388 328 453 70 6 369 296 185 102 418 310 351 18 72 233
499 212 44 495 63 415 107 75 279 305 167 274 164 148 247 358 138 90 42 50 218 115 64 203 22 271 452 205 112 396 148 222 44 324 180 137 194 410 365 128 371 403 469 163 382 476 35 272 96 87 243 100 20 51 386 260 64 15 369 159 37 173 57 472 331 471 262 314 315 143 94 8 186 93 183 500 15 159 313 294 89 344 469 491 183 396 141 500 209 103 63 110 381 381 439 400 412 419 457
195 261 116 459 106 474 77 206 430 276 177 170 307 52 283 403 500 246 308 370 213 187 421 323 68 105 132 253 340 353 338 280 164 31 16 194 141 205 333 33 107 128 117 73 339 422 103 379 303 490 482 355 377 326 313 115 390 390 59 412 337 46 58 9 410 97 5 358 410 207 342 496 450 442 229 441 419 7 229 460 153 484 237 211 31 240 440 184 195 265 292 193 184 428 252 57 46 212 163
38 392 420 243 170 279 198 1 271 311 145 21 317 48 494 238 408 119 422 85 418 434 186 194 35 87 127 385 373 390 347 298 209 318 236 227 15 232 329 215 104 416 111 42 445 489 248 478 85 177 197 404 38 120 487 355 185 182 378 201 462 86 191 201 311 465 418 246 491 289 455 218 72 336 92 428 451 353 242 440 378 341 395 16 354 249 137 319 493 53 4 380 293 415 131 125 31 263 128
93 161 118 184 191 304 376 381 31 113 250 149 41 277 497 387 486 426 282 415 33 3 86 199 210 188 380 218 159 499 449 407 242 416 433 136 12 186 155 484 443 415 33 430 496 159 284 418 335 271 430 267 406 63 203 253 136 344 417 218 309 52 284 119 345 145 413 342 406 162 305 172 186 154 462 151 101 60 253 426 359 293 338 107 187 31 165 498 482 13 452 4 143 446 219 450 291 142 135
481 214 87 17 233 107 149 309 197 95 438 5 81 374 325 95 90 177 402 63 186 492 7 474 175 239 318 25 149 248 405 341 134 211 294 366 30 114 416 45 398 237 491 497 325 458 108 272 407 428 347 55 240 363 36 21 317 252 100 171 486 290 74 167 186 389 445 3 481 205 387 135 279 412 376 321 371 444 114 89 346 268 455 152 88 33 472 232 390 122 390 163 474 295 421 45 235 301 363
341 212 169 154 342 281 409 44 417 329 401 142 124 350 121 46 218 236 334 259 249 317 208 479 295 275 284 205 328 354 450 442 84 304 155 357 74 423 451 118 12 149 423 155 128 253 59 350 36 475 11 277 472 425 441 95 235 86 273 485 142 443 183 433 362 430 261 235 86 399 119 278 338 179 41 230 84 18 337 478 59 217 211 437 17 252 425 385 373 39 233 83 450 194 145 411 185 363 281
269 345 147 321 420 230 199 292 128 76 235 140 375 219 302 402 309 348 15 223 466 132 261 186 277 388 450 228 415 294 48 412 259 147 16 310 103 483 477 477 97 41 17 157 358 20 434 174 335 413 135 77 398 244 43 212 312 412 280 112 417 81 336 471 76 113 313 2 324 316 105 461 247 494 116 68 333 185 264 473 416 332 393 50 304 206 56 176 434 63 225 467 348 334 458 243 214 369 305
486 8 76 280 324 473 220 87 303 416 232 199 361 186 175 399 22 331 437 360 60 383 426 462 410 213 344 407 260 282 49 471 249 324 462 402 380 354 447 491 199 417 440 346 358 251 114 167 200 125 382 59 77 122 277 143 257 251 416 112 244 42 31 288 409 272 305 427 212 97 19 380 86 124 404 101 41 235 464 418 280 389 115 449 493 113 488 326 159 331 391 366 145 112 387 119 133 391 381
369 179 493 74 22 316 302 334 464 413 355 154 183 228 38 438 15 109 123 361 489 66 435 494 135 194 23 489 172 180 183 320 189 255 405 493 20 477 370 316 330 461 211 322 319 387 226 413 75 73 74 280 207 493 425 257 226 129 432 447 37 274 80 175 103 1 467 149 228 68 233 365 485 270 475 351 289 331 421 418 290 314 21 243 247 363 327 50 497 418 145 292 485 481 428 40 21 412 374
211 400 477 451 339 295 418 259 351 331 82 280 330 68 412 364 83 247 318 472 212 226 21 484 312 3 281 200 137 475 395 318 436 148 15 499 230 122 105 208 387 260 228 119 108 158 275 224 313 467 339 288 55 396 141 409 307 83 335 350 166 204 310 49 171 227 431 370 473 405 115 147 97 12 209 81 305 36 256 233 317 323 240 30 446 450 331 33 186 81 417 466 178 386 320 199 41 128 174
152 309 22 44 349 67 412 469 309 403 206 300 100 194 83 283 463 255 463 305 459 269 7 63 393 183 260 413 22 327 95 39 261 481 114 206 355 320 355 449 188 441 362 363 37 258 81 317 403 39 473 363 261 120 52 89 153 312 276 80 306 11 305 14 152 316 153 269 225 230 231 332 218 405 84 494 26 497 438 18 405 216 278 245 340 114 478 278 160 206 158 440 326 133 495 297 45 126 30
159 106 394 302 206 6 146 126 251 186 233 261 285 457 470 142 353 307 429 306 284 260 354 89 399 175 363 52 403 446 14 237 489 59 6 335 422 133 374 154 96 11 454 203 483 104 49 374 180 261 143 100 300 339 161 325 407 45 489 148 340 343 271 407 430 105 37 253 83 154 198 102 473 150 493 1 226 448 79 486 148 276 257 176 72 454 213 116 30 157 111 337 331 406 318 280 326 136 52
381 278 320 480 305 294 445 37 393 140 45 431 106 296 355 116 80 442 334 442 72 13 127 381 62 340 281 343 52 130 455 482 286 303 274 284 103 85 48 266 9 10 31 328 261 282 272 70 446 40 37 67 78 268 337 231 271 105 438 124 328 147 265 118 486 241 267 490 322 414 479 77 186 451 92 478 27 17 373 273 147 265 164 35 412 77 189 34 72 259 125 241 34 479 249 371 264 447 444
444 277 398 9 100 121 109 309 98 49 446 447 226 299 42 456 301 487 331 37 223 145 264 55 23 112 242 224 38 353 438 64 306 146 271 121 120 181 345 495 397 412 327 489 416 96 129 389 296 442 151 303 239 267 123 478 188 443 441 398 436 435 306 27 462 127 150 413 269 221 80 475 475 491 453 424 204 50 219 14 307 228 131 403 85 489 384 38 160 211 191 246 454 115 265 10 331 473 208
116 141 225 245 424 496 211 123 43 358 178 288 199 281 47 304 204 358 331 336 480 114 365 161 438 131 366 459 53 99 269 220 289 9 111 191 33 347 137 485 289 457 265 280 461 481 483 85 135 110 182 32 171 74 408 430 175 371 490 431 113 454 101 372 348 117 187 378 198 282 75 237 321 424 170 22 380 209 157 98 18 286 355 291 374 43 353 9 347 67 330 471 345 482 441 17 440 341 429
427 274 93 51 74 40 441 295 431 196 38 251 325 142 111 450 492 181 408 116 179 74 142 1 57 433 424 427 161 12 147 349 60 388 149 413 164 425 75 239 459 254 190 224 447 443 449 225 433 377 413 481 84 226 303 194 255 21 441 221 374 291 37 291 226 92 2 122 285 475 495 372 77 226 293 250 266 20 242 83 211 59 325 206 141 489 13 417 242 465 128 460 67 384 448 121 59 376 30
