99 99
422 364 354 410 3 267 500 493 459 367 292 27 6 81 288 429 425 315 393 297 367 319 362 237 360 467 482 458 419 284 312 235 372 137 278 378 112 279 476 405 295 130 232 94 302 421 257 277 17 464 80 305 69 227 340 255 24 254 447 76 198 292 155 139 396 360 356 52 304 100 223 99 208 111 424 339 261 388 239 51 61 353 118 306 247 246 258 84 150 173 374 394 6 489 29 367 22 248 446
133 484 277 266 239 309 493 150 275 232 243 155 70 106 306 20 40 450 284 78 370 282 250 265 287 35 278 488 223 206 140 440 65 238 71 486 383 74 217 12 253 444 380 269 294 6 195 39 450 255 239 202 497 298 94 286 311 249 491 71 415 495 464 29 353 309 264 257 208 62 377 410 155 395 3 367 70 488 114 263 107 73 175 296 108 398 459 305 232 423 327 19 395 302 193 199 149 427 56
379 270 127 347 166 373 255 387 299 24 363 259 272 467 362 5 3 64 307 413 98 400 325 262 41 107 113 410 328 209 131 316 286 171 218 347 26 284 454 57 32 460 388 235 267 93 137 266 118 193 391 220 107 252 166 245 225 379 431 61 94 404 373 435 5 51 114 144 162 111 93 326 84 89 384 25 79 238 62 44 486 493 45 132 151 17 366 459 402 342 466 448 115 51 395 325 213 168 54
16 72 1 151 101 239 228 32 251 41 120 149 480 282 152 464 349 40 459 423 288 32 290 336 171 48 259 110 438 279 240 139 456 162 453 408 402 338 380 249 453 469 278 345 112 131 98 438 179 122 55 385 108 230 107 284 256 433 449 409 255 223 284 201 454 470 97 469 173 368 408 271 12 8 232 201 162 338 124 93 138 67 432 3 409 195 394 192 303 422 33 401 69 99 68 106 36 428 95
354 96 145 162 282 149 2 430 258 121 162 390 79 431 110 490 274 359 23 364 297 206 158 355 154 121 32 318 290 372 192 321 148 462 331 234 431 196 406 46 144 215 239 448 145 48 412 194 398 244 404 171 256 38 38 409 344 491 186 217 500 351 116 454 216 235 33 78 142 266 126 405 340 366 156 276 124 147 135 55 37 165 496 134 285 493 34 38 298 396 183 287 267 126 80 493 232 242 239
176 240 203 203 63 47 118 9 437 131 279 123 360 63 321 65 21 282 289 167 399 137 316 322 366 337 482 213 414 266 344 87 148 214 488 354 481 173 369 119 333 66 321 68 254 273 309 285 83 248 257 113 249 118 438 58 5 138 478 250 467 489 345 287 339 214 82 446 141 454 422 350 141 405 419 423 98 364 256 112 304 79 319 212 123 5 441 396 322 61 186 391 13 489 400 148 387 491 148
427 413 162 290 152 93 236 243 424 49 191 449 138 256 221 247 258 36 303 90 244 360 376 352 340 320 351 381 25 59 169 150 224 308 128 120 169 234 136 489 447 432 93 283 495 177 74 11 406 323 226 159 39 274 352 9 391 137 12 209 200 296 37 466 479 81 58 328 267 400 427 61 402 283 6 275 368 330 269 113 244 21 52 432 106 47 156 17 102 435 257 49 366 76 212 23 190 218 449
306 323 73 224 306 362 471 240 15 312 486 439 6 488 338 337 173 109 402 360 21 75 483 179 87 425 36 81 59 358 366 58 244 67 499 89 208 480 427 17 472 73 363 237 140 169 430 500 200 432 73 54 322 262 490 280 228 28 375 419 192 461 416 430 444 276 493 23 136 461 419 408 227 153 355 162 396 372 478 452 410 118 390 57 444 429 102 427 498 4 465 131 341 442 135 163 283 385 23
302 155 49 434 66 284 447 409 156 243 84 231 60 65 241 314 209 252 264 145 13 463 172 107 49 419 72 177 385 98 105 174 422 449 247 48 180 227 180 23 27 480 490 229 489 10 492 357 138 5 480 348 201 39 44 61 85 310 337 327 142 217 56 334 225 71 199 54 336 428 245 2 128 456 100 9 385 158 225 401 348 35 338 458 61 496 189 282 1 141 478 127 411 62 289 309 476 223 307
66 280 59 52 446 416 100 406 107 148 364 264 174 375 76 311 274 117 243 256 190 19 399 105 70 427 249 476 343 448 319 463 67 346 379 283 484 460 339 286 399 363 96 51 331 324 214 265 304 17 9 472 228 149 107 123 305 350 290 462 162 424 218 89 400 69 162 493 437 131 158 132 19 37 336 124 486 30 171 244 295 485 195 384 114 280 147 456 113 380 294 435 143 404 404 311 422 177 219
20 29 390 63 334 175 12 195 485 251 183 146 223 328 106 138 473 417 298 251 265 68 80 195 363 289 210 246 190 113 438 110 136 216 17 252 183 33 492 376 429 35 266 378 211 192 216 345 490 38 102 38 93 173 146 262 315 5 492 94 24 23 17 306 392 142 222 233 274 231 455 295 257 434 26 187 210 300 45 61 298 384 178 152 490 462 163 386 307 451 33 465 193 427 238 135 181 102 160
366 458 297 326 70 31 68 231 404 100 400 323 474 450 63 280 165 255 337 189 35 356 275 437 294 219 21 432 186 311 267 74 383 141 465 240 368 118 437 97 277 105 198 154 205 375 283 266 328 159 474 49 72 41 407 102 454 225 361 178 67 111 424 11 240 237 368 194 80 220 46 411 492 106 446 56 315 156 150 328 360 117 9 128 211 481 495 305 114 148 142 424 479 416 147 339 20 77 326
228 236 46 153 455 435 122 74 415 136 325 267 81 97 285 135 188 125 117 426 19 80 418 219 309 485 256 323 213 366 486 379 364 326 247 67 183 9 273 211 434 382 267 315 124 162 99 418 83 123 121 122 448 319 215 440 462 461 257 94 432 391 266 95 390 402 76 297 16 412 267 96 232 444 321 474 341 411 371 98 134 12 242 165 84 299 55 391 79 197 189 329 453 396 443 208 76 204 269
416 112 437 267 379 345 41 5 44 440 454 105 496 97 76 293 468 293 165 64 113 495 367 179 366 38 286 142 59 112 81 305 402 455 181 70 474 306 439 440 491 106 351 252 39 287 268 297 355 350 233 219 66 171 8 263 313 283 279 322 296 188 457 282 395 414 320 122 23 452 270 424 374 110 480 412 313 280 495 477 386 4 27 31 173 186 458 109 500 471 85 201 380 192 96 335 306 60 310
348 276 192 186 348 69 399 277 119 433 402 424 314 40 15 262 471 243 97 71 366 29 406 434 213 59 219 405 212 389 223 477 476 293 193 165 347 84 354 1 269 474 286 184 282 283 346 167 84 54 188 243 361 481 253 193 394 475 53 122 8 85 115 339 352 112 270 409 242 357 346 31 33 296 334 271 493 225 329 83 423 22 332 291 358 163 440 252 432 449 433 448 370 128 320 262 395 262 121
304 432 332 329 251 435 143 286 276 499 390 429 235 497 398 212 324 324 140 197 497 389 462 148 177 350 353 70 184 348 153 458 281 297 444 362 182 350 384 60 473 364 92 381 126 10 177 341 151 111 125 202 183 337 477 74 29 10 413 99 183 466 335 57 137 19 491 351 227 64 162 375 423 18 143 95 322 412 119 138 45 413 234 157 386 44 347 62 266 259 387 412 173 386 270 181 314 260 392
7 127 300 154 69 92 73 186 330 330 26 361 19 14 383 85 383 419 83 233 209 464 183 147 318 24 205 157 278 243 223 492 59 444 457 184 492 193 367 54 306 30 429 337 59 224 119 345 484 456 156 89 156 130 306 22 424 382 185 138 40 142 473 232 358 120 392 444 181 243 98 451 29 136 144 451 174 373 23 142 38 93 118 432 242 187 259 471 391 270 37 443 283 191 431 356 17 218 259
387 383 434 494 265 427 431 354 470 433 491 235 372 57 76 141 248 51 455 464 141 405 115 210 137 386 147 440 137 95 473 321 12 139 496 371 478 86 386 394 215 176 60 66 129 304 139 227 14 75 310 375 124 225 163 439 241 405 245 354 354 318 109 101 324 54 37 25 179 43 407 170 357 460 73 157 419 413 320 462 123 214 303 468 26 310 394 10 119 27 344 359 109 138 289 163 437 13 132
271 109 476 45 89 411 206 49 425 379 485 344 468 370 1 63 439 374 172 13 452 320 454 478 195 424 92 180 275 338 130 452 420 417 218 463 500 306 141 219 267 344 32 330 184 45 105 234 158 259 115 114 383 227 267 289 36 28 64 50 375 427 311 310 44 196 170 50 206 326 445 437 42 258 333 61 53 41 305 179 36 284 251 115 468 7 328 146 54 230 102 497 166 241 47 105 83 484 418
429 8 64 66 295 440 335 83 53 19 213 104 383 261 128 274 84 75 152 152 121 251 155 237 50 413 116 472 102 443 89 364 399 372 490 28 76 361 97 253 41 55 82 82 427 410 441 368 26 373 484 387 126 181 478 240 189 118 150 136 277 324 134 185 86 239 122 138 167 79 471 365 76 173 159 435 61 125 281 273 433 366 190 457 446 427 413 2 374 422 6 270 404 358 406 418 43 200 124
240 453 125 293 473 189 354 491 91 316 369 133 52 193 98 359 226 187 65 405 448 16 177 381 441 413 322 132 117 66 303 7 171 247 122 158 416 327 79 435 342 296 337 237 323 148 174 496 494 256 322 365 301 408 9 297 43 462 375 375 485 462 287 232 39 232 3 90 435 158 324 381 356 475 496 466 200 487 183 248 164 484 24 7 133 137 360 29 50 36 162 35 394 313 183 284 461 219 372
470 263 78 136 94 114 102 431 473 224 382 46 320 258 32 54 416 378 283 455 148 341 423 476 349 284 489 67 224 51 289 256 226 15 255 197 449 252 101 222 165 59 78 174 132 318 279 494 195 304 264 314 247 39 315 285 222 121 52 74 500 460 143 271 243 166 272 223 475 127 191 145 457 62 24 304 386 122 418 95 399 359 110 444 54 238 441 102 222 27 178 142 198 116 457 56 327 308 134
155 247 374 70 154 453 54 497 133 422 78 484 194 201 317 106 468 349 243 500 95 397 453 237 250 307 267 169 142 31 40 426 201 35 7 18 133 287 472 36 67 10 339 420 218 323 123 78 201 112 230 485 209 266 50 226 45 450 386 432 321 221 463 467 8 63 272 80 102 116 289 287 409 21 484 159 51 391 319 406 119 247 179 319 113 167 444 409 97 109 86 280 276 329 401 96 235 292 49
374 296 485 310 224 10 354 172 478 422 395 4 304 209 325 365 243 140 74 428 36 133 49 389 381 367 77 156 78 80 282 492 323 114 64 385 66 446 291 397 129 446 72 26 317 109 40 403 444 293 486 257 395 37 217 1 103 498 197 291 267 374 128 352 494 202 404 27 137 400 29 386 479 27 73 380 209 489 176 160 159 183 221 472 302 151 467 3 82 259 41 85 181 262 11 186 303 93 336
479 252 225 452 126 136 363 494 278 129 377 499 483 327 476 258 470 194 50 479 251 30 18 86 273 189 428 3 138 197 81 139 311 164 7 468 10 356 215 489 6 212 257 222 348 348 302 98 303 418 326 357 38 417 346 380 126 141 408 35 335 397 361 185 367 256 322 42 217 87 312 407 417 258 128 196 441 296 315 162 300 277 33 83 432 88 165 338 242 356 100 430 421 479 485 347 482 197 25
31 160 368 274 387 326 12 71 91 76 288 397 407 330 385 198 251 81 237 60 376 90 241 95 78 268 102 368 393 245 259 352 212 485 323 464 397 306 317 367 189 56 483 465 498 275 272 60 154 382 240 295 291 131 5 265 66 3 373 107 358 99 93 253 178 240 80 104 258 354 40 390 309 289 193 228 439 460 26 44 22 374 392 330 58 407 49 330 254 13 93 308 170 143 315 157 493 285 496
396 208 470 458 38 247 460 192 63 131 339 177 316 478 317 422 421 122 327 253 74 448 156 410 477 388 71 23 299 125 445 476 390 308 186 172 460 361 120 301 381 185 441 427 95 459 186 176 482 147 29 380 182 414 126 173 157 158 31 111 394 57 11 15 362 492 250 437 180 409 174 43 137 221 175 124 281 452 276 279 98 490 13 117 43 161 335 285 262 122 378 21 3 239 320 255 256 380 372
323 366 76 195 367 249 148 482 192 136 480 72 470 26 213 75 121 61 226 124 345 413 125 124 101 274 399 481 69 342 150 274 17 385 396 399 454 300 18 224 304 220 187 409 248 247 226 241 143 4 60 430 23 45 337 282 130 97 194 5 244 343 459 377 113 456 465 209 199 23 420 64 309 200 160 220 239 227 116 165 145 134 435 286 215 16 245 435 459 35 116 170 41 291 67 138 21 157 337
206 103 276 214 484 194 355 277 178 349 27 368 468 326 144 147 147 338 60 345 72 89 136 50 469 444 368 451 264 185 466 235 155 408 255 290 177 400 298 406 27 469 403 380 138 193 170 358 142 394 459 255 297 126 128 454 372 101 461 272 357 278 365 33 190 125 119 5 53 304 21 324 361 417 199 34 445 257 17 176 454 102 382 396 35 89 310 150 485 55 66 195 18 249 116 498 219 322 144
240 116 26 401 106 39 59 292 76 485 243 276 389 289 335 397 323 105 307 59 177 364 70 345 331 202 109 188 107 27 118 158 425 392 36 58 438 256 155 48 447 127 248 470 311 28 210 323 314 34 480 253 426 311 187 247 386 195 128 153 396 80 483 142 87 250 55 167 5 455 428 180 1 479 166 261 457 478 297 212 315 243 4 402 359 321 12 436 259 402 287 315 442 366 248 471 102 309 382
416 462 462 95 113 381 470 481 442 485 360 275 244 23 291 233 18 460 426 62 465 380 441 305 310 98 34 460 462 232 203 403 331 441 10 147 488 208 358 348 286 81 68 23 139 366 423 432 278 46 210 371 395 153 337 145 311 372 193 486 486 343 367 205 409 195 9 431 444 112 429 223 165 92 7 82 374 395 238 129 187 189 14 433 288 371 149 219 383 441 87 242 348 478 48 73 201 80 205
50 271 145 54 372 78 322 351 206 212 245 289 102 189 449 384 115 380 281 413 380 419 427 63 60 174 309 279 115 348 162 285 135 413 468 239 118 106 349 364 365 315 47 428 62 467 451 340 348 460 264 352 183 138 7 298 481 64 355 22 261 355 463 236 434 154 488 99 208 303 287 208 19 245 479 301 38 373 408 266 465 247 425 80 84 314 11 447 12 86 336 371 68 212 20 391 446 216 159
6 380 62 380 115 117 84 438 393 356 187 96 146 234 199 282 400 120 126 188 372 398 414 157 350 36 363 342 216 250 196 430 199 350 377 311 272 423 179 96 49 146 243 157 339 143 74 330 285 203 101 69 398 252 292 245 239 370 159 482 36 182 333 442 96 354 484 251 51 141 76 76 41 258 469 102 409 86 315 359 219 43 123 132 217 150 219 392 255 363 107 47 3 8 92 153 118 195 168
416 156 380 17 32 178 13 247 12 436 492 118 290 407 279 479 468 193 439 462 158 450 32 496 333 5 114 478 302 133 256 12 497 342 133 391 231 493 390 114 457 422 191 72 234 111 199 387 225 31 352 329 368 402 198 210 366 400 372 196 296 330 334 39 441 245 141 92 351 386 80 139 370 327 435 362 137 165 96 365 5 80 204 200 355 112 321 409 269 234 61 320 34 21 356 91 345 394 228
380 237 448 328 226 325 293 96 478 303 135 325 276 458 261 265 438 350 361 445 315 226 330 259 121 224 212 217 60 66 194 233 391 10 186 369 229 243 139 84 449 208 489 42 241 471 342 159 337 141 388 315 480 372 31 151 489 402 60 29 413 294 71 305 124 122 387 344 243 284 41 254 376 117 345 398 402 411 339 290 185 257 403 351 320 283 116 439 367 92 93 422 484 235 457 119 100 185 125
176 394 313 38 475 34 472 180 140 411 415 75 191 69 11 291 203 262 337 281 237 327 477 390 339 50 378 257 45 96 495 342 155 427 182 146 18 90 80 463 34 220 131 143 2 266 243 271 83 179 22 276 379 485 414 169 239 291 334 175 247 410 153 85 139 425 469 69 358 295 112 156 36 330 284 262 45 316 137 218 158 268 158 150 286 275 433 119 477 454 294 450 368 484 416 148 230 92 114
81 139 78 166 19 283 227 411 436 179 268 199 112 217 355 434 455 69 126 245 331 323 479 372 257 245 439 34 187 305 343 131 134 223 320 413 376 46 354 419 99 489 56 258 174 244 224 254 239 192 32 48 327 96 459 218 235 447 457 275 72 498 385 151 384 289 408 242 165 320 31 44 285 11 177 212 439 292 351 437 489 109 410 34 408 21 149 73 427 155 159 161 397 95 483 482 493 73 58
154 225 300 430 26 288 59 123 393 405 390 88 327 310 68 238 462 354 15 458 5 257 148 51 256 326 252 154 57 161 185 163 398 179 178 53 262 120 42 11 445 345 345 373 468 107 467 429 269 397 116 413 49 496 276 310 242 91 38 58 274 491 293 475 151 288 99 154 333 483 435 276 170 96 1 55 438 156 38 384 145 199 77 22 106 208 295 244 337 270 349 297 322 81 364 254 211 217 59
263 195 160 222 379 139 219 375 189 352 231 32 320 70 320 308 472 457 344 356 123 380 26 185 342 144 368 330 13 4 220 233 237 446 265 300 283 453 396 324 436 422 152 302 173 83 334 92 303 140 432 398 470 282 159 280 344 88 231 320 151 56 21 162 304 413 30 59 287 480 442 121 368 39 11 43 239 385 271 229 313 384 289 145 318 308 151 179 292 65 125 77 127 195 266 139 387 413 311
76 334 427 184 271 446 290 232 66 90 375 168 390 62 108 118 180 39 24 191 168 276 494 137 357 365 214 280 499 52 167 368 485 415 438 110 108 340 461 278 427 283 298 58 267 114 168 144 253 222 113 329 431 346 50 136 194 447 125 308 432 148 15 53 92 34 487 140 120 14 215 256 468 267 366 355 205 414 118 78 135 108 46 62 441 118 102 253 5 397 201 213 31 407 403 363 427 34 106
232 78 328 360 76 66 39 20 99 360 146 251 80 253 22 292 89 444 360 114 387 268 389 459 84 275 298 349 307 496 124 378 104 132 432 23 6 8 80 88 461 390 340 433 448 238 262 316 424 420 477 438 141 86 391 478 21 362 4 151 423 312 203 215 465 389 332 227 496 52 283 274 317 179 186 495 6 485 20 167 34 274 53 360 219 29 108 116 473 160 406 400 149 4 422 306 360 267 169
359 388 401 423 295 350 484 239 377 206 231 369 68 311 259 96 449 269 209 372 221 176 136 169 303 109 70 84 233 195 314 217 262 485 361 103 239 95 377 152 4 376 242 269 437 437 135 168 3 166 453 330 166 93 412 385 101 168 60 328 467 154 46 401 425 266 339 7 76 282 72 412 199 495 488 95 47 26 295 243 50 399 168 59 498 102 361 81 159 114 134 124 350 83 445 116 120 356 499
255 404 300 316 230 41 342 388 413 260 22 214 363 442 263 107 110 202 497 69 346 151 115 265 124 186 482 479 226 471 96 420 326 175 249 213 195 440 105 474 472 51 150 184 406 358 349 8 41 210 292 306 258 482 45 200 227 290 379 60 99 389 312 104 497 320 434 445 129 103 252 203 340 345 436 116 52 66 97 460 159 403 208 456 120 479 203 379 226 116 439 154 477 450 86 89 206 287 213
311 399 316 131 346 105 305 60 10 90 145 483 360 186 275 234 429 108 184 464 304 77 449 66 149 139 376 478 209 301 299 375 253 121 60 37 107 96 475 347 318 51 345 157 59 94 400 58 186 391 493 310 170 346 303 130 42 457 161 120 93 426 499 190 469 455 164 211 110 12 48 60 218 16 459 46 350 427 407 379 126 109 22 443 148 411 455 389 261 404 449 3 169 269 141 215 384 265 67
366 407 90 448 31 97 69 51 443 467 167 416 94 244 281 136 364 98 110 106 114 418 244 216 458 149 265 117 170 476 499 486 43 197 282 443 48 279 117 161 364 446 486 32 241 422 437 480 331 487 153 429 362 100 442 463 337 261 239 448 277 80 304 273 155 394 189 287 100 234 94 141 216 285 491 135 3 486 127 427 80 72 463 176 276 491 320 211 154 193 240 481 487 407 381 191 323 17 195
288 2 23 345 201 440 462 78 157 20 427 484 467 16 376 198 428 170 201 468 198 404 322 373 420 268 243 123 451 162 456 69 378 51 125 418 146 412 146 372 39 486 499 422 137 211 146 345 311 113 297 177 469 440 258 266 439 217 412 449 147 13 58 242 47 292 134 109 379 407 180 277 111 243 368 198 476 57 389 430 214 310 320 201 469 263 13 107 419 51 232 349 459 54 412 326 94 480 151
310 463 108 459 414 356 155 465 479 383 449 355 465 211 126 493 253 61 365 322 306 278 81 186 269 195 3 378 370 498 313 432 341 476 132 281 181 429 219 433 445 372 191 376 342 209 81 48 72 325 448 104 496 274 35 428 460 148 40 462 438 99 285 40 43 281 396 349 115 151 471 76 189 78 309 39 130 101 206 400 72 245 256 378 396 301 283 58 372 456 402 178 456 45 155 167 250 328 390
121 400 29 451 390 66 42 37 90 80 89 437 81 381 205 152 433 23 416 376 467 8 380 221 326 95 201 421 283 177 37 151 134 377 191 269 332 45 100 138 275 397 92 144 395 342 365 364 371 70 169 380 65 222 78 57 171 249 423 136 48 99 313 161 148 277 274 152 449 210 117 20 435 376 400 160 49 346 224 157 64 362 447 339 320 274 436 413 53 225 223 358 482 197 93 354 26 245 269
6 249 142 494 61 331 331 455 454 111 112 41 162 103 293 3 454 267 146 369 340 275 213 171 372 467 364 325 368 227 335 289 139 436 383 264 164 138 278 90 478 101 403 458 181 208 312 108 288 111 265 212 454 215 73 89 311 53 118 326 410 146 242 320 348 208 35 172 296 52 132 90 424 467 414 67 268 233 294 393 332 183 77 107 285 376 275 371 224 224 475 462 86 71 208 256 111 274 288
131 306 73 338 265 224 467 168 69 235 388 32 165 371 304 42 445 485 498 125 243 378 119 157 161 398 212 268 84 78 402 289 392 258 200 323 180 180 404 473 276 406 56 49 100 56 460 140 452 398 100 317 69 348 327 32 452 130 231 28 378 159 21 363 159 182 120 482 312 489 305 117 358 80 163 16 95 95 399 30 411 27 487 153 263 314 99 422 218 92 48 132 180 403 458 154 201 367 462
79 69 125 195 336 95 27 201 436 313 500 444 264 54 308 437 292 35 444 436 435 246 29 265 162 190 399 437 187 443 241 78 205 487 346 467 269 244 399 67 201 282 312 306 326 63 385 344 185 120 262 368 121 289 272 3 96 498 404 172 222 19 153 455 404 330 299 49 148 28 352 409 204 445 214 114 18 192 332 273 97 60 149 295 38 453 476 69 334 265 452 101 76 86 421 334 217 4 231
498 425 427 410 249 178 177 238 387 80 396 422 131 141 469 102 42 499 15 331 33 404 352 384 281 319 144 125 415 108 3 229 305 430 143 253 81 80 437 327 128 222 442 288 373 325 6 416 411 113 307 214 223 443 213 54 297 199 344 256 434 477 470 297 242 134 244 403 102 425 49 323 292 18 445 208 473 110 24 103 383 22 409 492 393 291 292 352 289 147 485 36 354 344 373 167 309 90 16
126 392 245 148 81 161 449 90 295 81 241 36 440 186 368 82 243 380 198 230 105 282 356 127 95 371 54 90 295 112 299 466 457 319 203 34 402 42 323 45 294 355 300 427 276 422 398 277 257 306 56 366 230 462 357 14 444 271 216 472 88 468 342 457 260 256 164 63 465 39 299 59 473 394 241 39 29 64 405 364 81 436 321 294 298 123 432 231 236 320 124 254 75 48 377 212 238 201 37
82 479 267 221 97 73 117 219 389 339 133 193 383 419 442 328 85 489 18 275 182 80 464 80 169 121 300 178 64 431 267 1 12 325 297 320 11 177 120 156 258 230 267 63 341 292 463 194 460 122 460 335 206 345 50 233 490 212 34 474 240 184 389 20 109 23 469 150 26 385 248 396 107 394 48 218 287 373 228 312 234 270 151 156 75 307 127 322 322 257 74 401 196 463 286 211 369 115 299
369 271 298 203 68 202 154 435 90 120 160 465 72 248 375 370 211 125 383 280 3 87 51 395 381 428 420 252 187 129 55 302 119 68 464 45 134 127 394 421 350 467 282 109 7 346 222 95 321 176 408 397 232 139 398 178 485 147 442 21 65 66 235 101 148 318 396 377 69 248 103 244 323 120 390 362 419 440 142 305 17 302 392 124 233 218 367 334 340 55 85 64 415 110 409 409 294 161 97
3 250 303 161 427 22 68 302 240 378 132 442 44 284 97 161 349 102 251 491 131 284 257 287 447 365 459 402 254 93 174 74 60 190 211 81 332 431 309 497 262 300 284 142 68 390 7 403 85 35 87 316 224 390 37 364 298 464 144 466 314 311 433 189 186 463 477 298 75 26 188 125 300 137 33 325 360 377 220 326 400 325 5 38 309 47 158 194 17 286 210 227 476 255 115 330 112 416 449
127 228 133 362 309 196 456 73 392 343 491 121 1 395 128 131 72 400 294 138 145 307 469 378 211 125 428 478 388 78 409 124 217 292 232 264 473 476 477 468 143 409 154 346 411 445 262 284 4 341 259 286 135 199 310 58 469 163 7 410 434 303 250 128 316 344 123 401 271 183 38 210 304 19 247 38 451 242 200 152 97 161 141 427 120 228 168 426 35 422 63 311 440 223 370 123 324 348 18
100 456 433 493 206 175 325 180 51 472 57 159 79 70 396 117 298 9 351 348 112 421 229 399 248 225 353 439 252 98 373 376 165 353 97 268 121 132 252 277 156 127 470 377 475 156 398 468 133 95 53 102 274 159 496 470 449 291 434 489 249 456 14 146 184 261 296 489 336 101 187 317 365 447 15 54 388 427 285 227 195 160 66 176 14 419 264 297 397 204 245 144 426 149 417 493 442 291 276
309 239 384 207 433 38 175 435 228 477 482 435 462 162 76 274 198 325 165 153 45 260 86 495 86 207 325 446 93 100 493 180 254 444 229 321 325 166 53 440 409 396 93 417 84 131 352 84 421 380 192 434 209 468 479 401 121 107 259 123 90 324 356 137 293 92 139 43 48 284 145 385 388 155 45 255 413 429 155 374 187 179 89 1 387 221 93 363 193 362 425 441 30 313 441 244 146 482 131
379 72 474 17 88 54 36 229 267 357 79 460 346 154 347 260 365 163 23 471 31 64 172 214 37 142 260 253 28 261 371 410 107 361 90 405 265 403 233 76 381 157 329 293 264 191 482 217 59 287 297 263 489 22 11 445 440 336 154 402 61 411 475 446 288 225 284 380 470 225 190 162 381 210 117 109 490 331 168 436 15 65 386 112 69 159 202 441 304 461 352 485 95 480 181 183 455 241 179
206 239 135 276 214 28 224 298 177 356 19 283 31 137 157 248 257 367 186 457 214 347 186 433 341 35 42 92 49 47 38 60 260 360 112 38 306 416 449 422 269 31 93 83 148 246 476 95 473 66 412 276 312 434 173 330 98 114 48 26 427 215 252 373 96 207 118 411 500 263 35 4 16 407 392 154 14 420 359 326 482 231 190 193 278 217 250 229 179 480 215 361 350 280 486 90 184 408 242
115 374 360 245 434 221 272 55 22 109 181 449 114 142 398 37 262 380 259 355 315 306 489 26 386 23 377 189 213 249 450 362 332 268 267 477 55 45 392 236 478 82 441 279 290 449 167 484 430 350 211 471 16 192 225 145 16 479 184 429 414 46 308 438 105 73 308 161 440 161 304 88 297 471 374 199 423 202 59 465 273 347 41 211 55 237 481 144 96 42 114 426 247 345 187 469 485 234 28
105 202 495 331 380 426 60 33 496 434 406 126 403 364 156 164 200 461 230 221 94 417 67 265 357 205 351 260 78 395 86 418 461 296 132 165 62 314 235 478 229 28 286 317 13 326 338 252 320 269 493 173 279 68 303 384 497 37 472 467 205 413 47 362 36 373 173 485 485 115 340 229 388 360 483 105 373 125 62 460 415 271 113 398 61 140 148 121 405 3 161 377 189 389 323 482 53 424 91
345 444 391 244 16 233 275 445 249 196 454 368 397 3 116 280 274 115 249 336 223 357 452 136 358 166 437 378 20 210 393 93 217 215 469 169 432 143 153 184 329 377 53 305 421 223 278 405 354 76 272 189 479 197 455 331 301 267 181 149 86 133 35 17 119 284 101 87 442 11 482 443 66 194 399 249 488 295 415 121 331 494 131 192 452 348 71 37 306 154 253 491 443 188 402 108 417 494 233
66 173 399 338 237 480 449 8 248 144 272 194 110 279 488 243 370 63 373 217 167 382 119 227 289 17 349 22 170 263 286 444 280 365 60 424 121 199 95 163 419 227 194 73 371 105 106 185 399 493 408 114 384 352 356 18 261 265 465 32 333 186 129 65 382 212 341 238 197 322 450 182 174 300 152 115 305 196 82 409 453 176 92 154 325 224 209 220 274 218 48 246 103 403 490 207 6 439 407
282 451 444 297 48 156 149 260 39 464 119 9 18 294 474 120 439 141 177 260 331 419 28 374 352 260 17 327 216 317 174 294 70 367 308 351 338 8 219 246 457 120 31 344 169 51 22 144 418 164 25 409 483 90 368 291 278 138 95 79 484 474 231 67 452 256 369 111 246 485 2 42 154 57 469 478 286 200 145 370 260 268 204 391 138 89 207 252 363 7 118 248 264 4 341 384 187 442 452
327 367 11 401 7 277 392 407 98 454 53 265 56 327 433 202 207 120 396 237 21 212 242 469 246 224 290 9 215 498 97 324 488 318 187 371 390 130 374 239 371 391 116 66 354 70 52 243 395 164 107 436 339 178 141 436 43 92 368 494 395 286 429 192 424 466 84 362 235 6 285 372 460 77 433 283 421 271 253 293 95 138 54 393 359 361 134 292 267 212 90 387 334 334 168 63 465 322 107
411 290 462 486 37 263 205 70 46 33 297 26 145 496 154 89 124 143 375 176 164 195 424 162 43 411 191 126 195 445 482 300 321 344 290 24 57 343 85 162 46 231 393 253 472 342 167 117 240 405 99 237 97 294 321 289 252 194 376 188 217 61 231 424 334 355 373 118 94 388 216 8 493 462 138 415 87 340 182 27 3 123 427 117 340 456 356 221 415 312 122 267 108 25 193 222 266 285 77
2 126 399 142 175 463 50 288 22 88 64 248 371 229 498 280 218 412 445 492 493 244 317 241 210 435 173 264 316 382 315 461 8 233 387 80 183 494 271 112 336 20 321 217 4 258 186 25 24 126 163 72 474 296 487 150 152 341 284 71 101 409 417 432 396 459 373 496 315 435 363 10 193 375 227 370 70 77 348 213 191 409 291 320 188 97 179 309 69 464 368 458 152 422 485 318 402 190 19
267 265 439 359 34 124 180 3 499 213 456 318 199 27 289 48 45 455 4 97 391 120 327 235 497 372 213 61 384 84 424 177 111 474 40 46 495 410 383 473 144 152 392 138 145 62 357 1 491 263 346 488 255 244 169 228 178 95 320 107 71 133 308 120 497 84 310 65 466 462 401 319 357 119 42 440 275 89 241 4 236 85 126 437 327 233 437 59 132 473 139 276 267 358 467 342 496 263 489
497 35 278 63 305 157 54 496 495 251 402 479 459 408 365 129 361 485 12 49 318 382 247 318 278 101 386 367 368 17 294 85 492 276 146 139 215 375 498 221 368 10 424 393 210 337 23 121 316 189 196 133 149 454 78 263 324 257 183 233 110 182 292 37 401 468 419 266 428 103 124 3 96 181 410 431 445 140 286 38 89 388 330 477 348 397 312 179 356 429 276 4 81 311 160 488 275 83 489
112 370 260 463 281 404 437 340 459 17 42 164 277 88 333 15 55 229 181 298 394 429 182 275 208 151 452 70 148 321 168 152 253 430 23 181 137 499 266 65 147 416 269 70 335 422 252 19 140 188 235 286 3 483 369 86 386 110 371 468 442 240 318 74 230 1 443 186 461 67 490 458 455 148 192 183 16 328 288 128 256 56 307 19 438 415 53 102 420 473 194 418 107 319 26 186 221 338 391
477 414 437 398 349 306 441 375 89 135 66 475 327 77 475 253 368 281 214 13 307 351 259 64 295 351 41 174 492 499 176 373 197 231 6 399 156 424 300 188 481 207 358 359 250 428 485 438 55 321 363 236 216 281 168 168 290 62 320 254 224 397 289 90 35 434 244 360 342 193 146 410 67 497 400 194 154 355 338 379 482 464 423 363 39 409 14 408 351 100 230 180 273 193 159 147 34 193 103
439 450 97 185 127 81 367 458 151 254 83 386 429 56 435 282 235 360 402 173 2 71 478 441 41 270 11 129 290 423 484 308 344 55 353 227 44 165 166 172 271 133 94 71 115 335 66 384 351 350 35 116 399 310 321 329 455 323 36 441 2 299 238 135 294 280 382 192 65 283 307 414 186 427 147 248 334 237 490 215 156 211 368 424 467 203 499 198 303 275 368 233 54 45 407 414 140 312 434
488 432 279 294 2 409 318 163 78 157 29 115 342 204 402 114 148 128 15 152 440 356 403 337 246 288 3 369 415 151 471 469 119 114 471 2 128 286 326 143 193 178 390 464 163 268 212 275 246 211 468 365 407 403 385 356 424 434 229 193 381 43 316 61 196 72 45 41 358 297 213 119 468 309 430 94 434 19 217 119 373 225 67 320 206 336 212 485 407 263 177 57 339 203 86 467 15 239 198
58 107 214 238 294 61 477 243 226 59 355 316 408 123 358 68 51 22 66 364 477 3 143 426 172 299 284 127 331 401 361 259 225 361 309 88 104 299 47 117 440 106 142 211 6 34 164 343 321 131 455 276 96 205 458 275 137 15 10 355 97 221 385 224 312 368 440 20 108 34 24 499 377 293 221 368 191 258 467 421 226 204 305 117 306 385 311 442 262 463 312 380 116 129 498 431 221 262 25
254 198 230 99 461 148 62 3 154 66 137 446 228 454 267 24 382 220 108 85 464 407 17 439 62 19 197 487 225 86 390 142 21 141 129 457 118 472 9 42 95 214 230 312 364 27 359 429 379 355 452 322 237 341 467 88 57 469 298 160 267 204 425 4 155 174 321 84 393 213 192 399 256 238 148 396 460 290 188 277 312 26 27 209 77 241 111 289 71 496 103 404 137 71 140 110 163 230 421
320 121 131 33 192 128 163 447 427 61 128 463 322 3 191 233 12 199 363 72 466 268 401 142 196 225 182 173 213 288 292 452 259 495 35 19 469 423 8 395 107 361 286 177 37 9 399 397 415 346 41 177 128 312 145 434 426 274 152 431 342 414 149 114 479 339 170 294 492 226 111 244 356 164 229 275 422 192 169 410 218 494 321 433 132 7 414 105 99 288 235 154 53 234 385 57 196 52 42
241 146 203 72 54 156 82 296 482 415 68 310 149 332 267 191 169 344 308 305 365 6 339 402 255 415 259 193 103 338 5 43 498 228 368 220 82 184 248 398 424 229 84 485 274 99 427 228 461 104 433 153 85 224 79 303 317 278 325 134 462 66 383 314 427 283 486 178 390 431 206 293 216 386 212 315 177 59 161 414 104 429 5 389 469 15 315 223 361 34 252 387 398 262 57 94 396 441 389
369 87 445 408 344 483 87 273 434 427 231 483 380 5 213 105 376 110 117 294 453 248 492 210 154 190 74 246 417 393 140 199 392 388 203 256 381 271 241 271 133 432 297 445 3 226 451 64 344 9 473 13 469 143 453 238 360 281 157 198 138 1 202 299 430 437 303 484 494 405 227 481 56 471 82 216 465 433 256 128 128 384 76 221 58 27 57 372 457 466 76 383 470 215 349 170 254 180 183
286 44 118 179 64 150 281 58 53 410 297 99 356 230 22 82 130 339 428 245 335 230 26 287 146 150 493 270 87 428 66 491 102 492 455 304 467 374 428 404 347 440 493 286 327 290 225 354 480 200 193 85 259 26 287 345 175 154 326 331 296 446 139 413 426 373 56 322 185 236 66 250 95 101 395 325 450 423 492 473 382 404 146 130 297 67 260 78 251 490 110 188 34 78 263 70 46 494 398
475 255 319 1 482 175 437 51 43 407 247 350 6 325 126 198 407 118 275 139 186 345 291 183 55 441 156 405 311 144 80 325 178 111 280 227 165 341 436 455 29 412 261 71 426 106 460 478 221 68 17 47 78 303 280 82 218 86 252 363 34 133 475 238 313 322 258 413 474 214 10 421 37 171 203 468 306 73 359 331 278 117 167 51 76 467 66 445 61 161 434 80 368 475 38 426 167 318 136
138 320 123 484 20 43 319 90 435 187 12 321 122 430 234 13 161 220 252 298 342 155 18 117 111 24 487 380 171 169 321 2 409 347 217 400 180 366 415 191 73 127 240 156 53 429 417 179 17 50 316 67 249 105 432 198 412 450 358 426 105 230 332 481 206 362 111 194 385 305 23 143 155 197 418 360 211 46 390 224 351 36 314 320 437 128 355 254 375 249 386 135 350 22 483 82 322 367 477
337 477 290 390 92 269 50 232 13 5 494 69 33 446 478 49 183 143 200 383 382 314 50 213 464 168 455 215 172 257 348 339 15 350 425 431 137 21 6 300 353 321 311 48 46 244 253 281 42 220 70 335 484 288 479 256 451 9 328 107 350 435 20 98 426 394 78 493 74 434 473 256 14 42 83 10 242 331 388 256 324 421 237 321 295 500 215 496 214 240 156 226 290 137 80 146 420 497 52
264 173 464 436 237 463 193 483 222 215 414 482 85 495 441 154 33 218 37 200 126 273 457 66 327 161 247 83 254 458 248 382 132 24 241 297 132 200 337 77 411 316 297 398 177 408 149 390 454 242 414 466 271 349 158 279 90 407 357 178 160 318 494 251 268 296 499 288 372 369 469 442 344 456 33 262 149 54 367 283 428 385 311 353 403 453 311 205 78 377 285 182 227 428 212 224 243 296 399
59 344 152 204 416 181 57 29 171 450 356 408 373 305 305 82 217 28 136 424 393 126 350 227 137 293 364 66 335 472 105 52 351 68 457 71 414 240 189 116 130 76 469 372 33 165 249 44 160 18 298 490 131 492 318 403 294 172 327 4 488 193 166 245 434 133 259 84 411 493 356 304 471 257 32 179 55 254 241 240 474 187 256 208 304 444 92 409 84 327 399 178 265 315 88 259 133 342 389
140 11 316 231 411 494 231 43 8 412 315 428 200 489 481 377 324 299 376 143 356 403 109 488 157 298 126 239 207 245 422 135 216 441 164 485 202 291 7 433 469 409 333 131 28 350 487 428 359 178 15 208 91 490 58 237 210 231 108 164 40 5 386 457 86 126 355 173 99 371 371 478 341 311 230 451 8 68 410 481 482 412 438 283 411 458 150 335 130 193 418 254 73 47 352 145 421 465 472
198 135 60 453 230 283 79 369 343 385 363 374 352 201 67 46 235 230 277 369 121 488 219 2 332 1 45 155 178 464 168 291 8 461 194 332 268 65 219 215 207 325 138 128 132 142 221 287 491 3 324 456 63 277 269 415 218 304 214 86 442 262 212 320 460 26 315 434 499 434 226 481 282 372 327 185 75 187 42 350 428 150 78 342 151 95 250 421 468 231 188 271 471 46 114 191 1 387 85
472 416 408 411 399 434 366 76 230 362 462 314 29 52 284 140 234 436 390 22 325 491 388 145 357 233 379 270 156 213 226 485 252 328 434 402 347 434 177 281 371 123 104 357 226 27 264 371 14 281 138 472 365 304 358 71 278 240 90 258 284 136 279 450 398 51 494 105 7 463 499 120 202 332 331 186 329 214 278 300 339 168 130 344 245 420 481 221 159 104 312 203 380 139 448 114 292 182 185
42 399 10 266 452 365 476 437 11 117 452 333 284 104 143 36 240 391 152 21 441 390 162 421 269 87 81 244 106 476 334 31 72 366 194 379 284 393 50 478 215 8 147 488 322 404 202 42 10 56 293 211 102 345 112 376 325 80 147 70 398 67 303 151 214 203 172 216 36 129 29 320 5 84 449 261 360 118 87 437 325 60 397 493 109 476 252 267 431 224 291 105 53 79 458 297 356 357 182
233 400 3 275 38 452 188 39 397 444 331 209 268 114 136 316 72 425 55 434 297 267 109 368 317 225 184 197 343 469 356 112 437 99 472 376 202 266 400 232 339 471 67 263 353 440 155 231 144 220 116 77 168 500 331 448 102 282 468 143 34 400 483 384 406 444 290 404 350 305 421 447 415 358 355 461 498 7 296 214 406 387 424 414 443 412 150 362 200 318 13 393 97 220 417 339 52 414 489
65 483 77 7 433 499 459 434 295 361 269 119 495 391 144 268 11 232 234 98 93 116 402 151 248 60 241 376 500 136 188 70 499 208 346 328 327 308 231 398 160 60 32 28 389 386 434 72 266 271 98 23 226 232 36 37 79 17 129 239 248 180 198 60 398 198 221 294 362 70 345 432 488 78 417 246 255 279 70 492 47 365 386 452 259 284 453 14 374 404 182 409 224 203 452 422 233 192 401
42 285 32 56 145 462 466 359 252 150 316 164 278 119 289 234 47 478 336 474 209 355 370 491 455 489 433 312 387 232 405 301 414 432 346 174 325 418 22 286 351 321 393 273 392 200 307 282 102 45 384 166 420 261 375 1 202 372 359 385 93 296 337 474 274 384 45 407 325 71 447 482 357 99 131 79 442 176 446 444 149 106 314 472 456 171 359 108 26 302 173 207 398 48 49 316 206 152 46
172 470 325 476 294 293 100 471 479 474 37 264 226 308 204 118 302 239 439 481 9 118 408 90 323 244 158 85 43 124 398 60 200 142 134 482 229 460 61 336 153 231 204 164 282 231 301 379 61 11 13 115 197 260 196 361 136 365 188 200 354 495 51 74 100 130 190 234 475 210 188 109 466 294 342 286 274 127 349 302 21 70 443 44 69 25 374 382 112 466 62 205 449 4 191 234 475 311 321
268 387 222 160 156 419 132 239 360 219 74 161 155 289 216 352 128 378 245 490 291 369 311 328 305 120 313 381 438 314 393 254 67 344 82 222 450 297 115 143 165 133 216 163 94 61 239 63 59 343 106 460 216 145 158 91 260 33 248 225 120 88 299 12 193 266 335 466 436 434 162 106 240 464 171 218 123 203 76 220 30 164 320 92 406 68 339 65 130 55 214 350 338 381 162 428 58 190 449
471 380 205 410 307 367 246 389 286 91 177 343 23 158 380 419 365 367 487 173 166 362 313 135 282 50 81 350 29 451 141 261 392 70 130 140 406 438 351 372 175 267 2 400 472 282 381 160 179 97 472 151 131 418 494 438 491 423 234 39 381 96 181 196 263 443 215 194 170 435 273 408 198 194 366 167 433 197 294 261 118 299 378 82 172 137 40 348 15 120 148 53 218 291 298 317 13 143 126
28 196 104 195 39 17 234 451 142 276 149 260 412 173 112 484 421 218 298 86 399 292 132 73 198 192 32 347 238 177 110 409 108 295 222 435 80 318 109 80 92 112 146 244 332 247 228 138 322 65 361 466 335 360 131 86 345 128 48 86 131 90 66 432 168 144 154 307 162 131 443 20 68 420 316 19 178 61 404 391 122 42 390 143 132 124 58 365 137 351 214 75 291 125 38 7 75 389 282
363 44 333 400 243 177 368 121 466 215 499 468 490 435 157 490 252 153 131 100 63 392 489 52 105 371 110 95 474 344 107 27 447 27 145 25 460 165 484 458 167 293 29 121 438 387 15 430 298 317 141 430 265 194 289 446 154 124 364 423 241 207 489 355 204 134 193 181 113 315 97 493 39 40 353 1 33 304 288 73 377 169 380 82 232 316 279 113 234 279 173 439 494 398 385 370 120 333 345
308 390 144 279 464 57 366 476 164 161 152 245 185 242 114 199 470 338 232 288 70 276 189 357 477 472 126 129 267 268 383 163 309 354 172 111 316 413 235 336 352 452 17 309 54 147 159 397 76 422 212 220 341 184 200 138 47 106 486 433 441 218 162 363 354 119 267 106 140 418 317 68 374 26 44 452 6 156 401 427 394 456 419 300 387 281 390 195 417 335 42 371 144 453 349 260 154 478 372
