99 99
36 362 353 79 216 311 441 455 158 491 25 210 196 165 262 288 432 273 73 21 326 10 133 257 333 39 180 220 404 307 212 93 249 171 251 497 276 283 340 400 229 180 371 119 125 411 419 165 258 31 288 464 338 468 29 235 125 352 213 382 348 477 106 187 204 419 310 368 466 466 172 414 331 343 7 320 93 460 442 242 144 394 376 161 487 489 321 245 258 475 250 140 16 106 386 205 307 275 175
274 339 424 361 248 83 62 210 69 173 404 79 385 449 362 143 489 234 435 367 194 302 217 453 156 325 420 420 136 71 417 30 1 402 481 20 378 317 494 207 261 477 248 98 261 444 128 319 161 278 251 499 399 488 232 47 110 327 217 234 20 94 476 155 393 285 305 50 396 500 298 362 149 474 479 55 103 88 285 215 354 196 462 46 392 245 229 150 208 22 373 160 184 125 229 155 70 217 431
90 280 468 290 8 371 492 17 134 443 54 406 231 267 365 131 33 192 276 373 326 150 201 351 384 159 500 141 429 77 243 124 383 497 259 315 389 68 268 440 271 351 101 498 330 458 416 270 176 262 242 235 295 28 488 92 27 430 43 376 156 138 64 191 376 411 178 443 123 131 67 269 71 345 137 390 60 285 64 305 439 146 350 456 112 317 227 74 398 325 75 346 239 309 207 291 460 382 100
13 388 206 110 255 352 313 332 492 134 43 34 276 298 271 431 354 249 344 490 210 141 224 327 498 20 294 50 315 398 487 54 485 340 199 15 363 407 133 257 373 152 25 11 425 394 396 358 8 475 113 308 175 309 41 323 329 347 285 329 425 34 167 33 158 157 236 160 313 362 152 61 471 307 291 50 432 154 395 111 351 68 402 155 321 342 87 92 265 235 439 201 315 18 437 465 388 181 316
414 60 162 310 233 86 353 178 231 379 334 183 365 230 410 432 85 348 368 462 110 301 63 456 142 390 277 213 418 492 241 176 381 321 139 336 341 62 95 94 295 41 232 351 22 320 194 281 414 344 258 414 270 413 124 241 17 383 145 53 126 335 422 11 183 223 206 184 446 373 321 332 168 116 291 16 320 331 118 3 427 117 289 309 263 307 144 396 157 480 221 352 228 52 229 383 25 327 252
410 444 434 305 218 22 203 291 132 440 474 151 450 303 7 381 133 389 342 295 25 178 235 129 20 280 397 450 446 131 80 288 350 408 16 60 482 242 447 387 216 486 253 231 53 188 249 73 274 331 411 391 58 74 412 98 256 90 276 255 152 276 238 408 174 134 451 221 482 343 358 71 144 145 3 59 332 367 445 21 215 147 126 45 131 85 86 119 488 363 416 266 223 470 358 122 90 334 421
463 150 435 137 79 44 130 173 310 60 449 130 302 258 271 178 27 455 256 121 437 147 68 281 279 349 429 229 316 51 16 226 295 488 51 90 493 455 467 410 121 472 484 219 85 482 102 367 397 291 238 261 488 405 360 221 455 20 294 276 48 26 132 374 44 187 317 198 37 388 235 368 189 83 84 58 68 427 380 453 129 117 282 343 390 463 168 37 330 439 42 144 186 421 475 236 31 181 97
283 409 280 41 47 444 220 397 80 305 445 170 187 439 223 360 15 195 259 32 459 228 303 278 278 488 275 409 274 195 351 309 392 345 92 114 196 47 446 26 326 99 82 295 118 204 151 275 214 337 61 487 219 490 476 401 60 410 335 130 466 388 362 405 106 459 450 340 153 375 290 455 481 430 81 300 49 126 213 477 350 216 320 281 209 209 112 23 26 92 154 284 396 238 130 478 491 228 445
269 28 111 397 265 58 138 101 15 438 287 120 366 396 265 275 88 244 395 498 189 499 253 448 328 288 229 214 223 232 298 294 322 185 229 95 425 154 388 344 489 328 92 332 348 105 150 296 76 447 120 229 212 299 217 427 164 347 319 444 436 226 195 337 38 424 244 301 429 455 184 321 332 478 454 162 498 420 145 100 344 63 28 135 432 69 240 71 434 104 317 90 34 336 45 304 484 28 15
337 346 340 279 57 18 6 33 30 257 285 154 357 148 416 297 188 102 52 380 122 310 32 204 126 53 477 496 376 404 172 104 434 11 334 355 52 254 170 191 67 220 165 285 239 215 123 107 44 196 256 373 314 210 476 85 409 132 469 180 53 35 136 364 374 128 313 422 131 391 443 51 420 362 7 464 154 114 39 252 246 17 482 310 145 140 46 324 409 105 395 158 458 54 313 113 62 57 313
51 27 276 138 411 454 89 463 240 64 31 425 332 81 159 409 481 107 392 264 382 39 487 459 333 186 476 261 202 210 333 22 125 104 170 350 276 441 396 134 70 385 6 416 115 205 452 127 247 147 408 215 126 471 269 281 51 323 101 365 146 493 466 414 272 110 262 495 482 172 193 485 48 207 223 386 313 238 451 276 284 429 269 345 278 182 153 220 355 26 71 205 170 102 41 356 432 135 304
239 497 153 423 38 263 357 130 348 378 287 115 408 12 328 322 347 318 9 373 344 96 79 414 232 413 266 134 236 286 166 399 299 355 84 325 327 442 493 383 436 472 17 450 483 377 5 7 148 288 332 5 121 478 26 79 359 197 359 130 495 285 14 455 277 246 292 71 223 152 153 461 194 459 392 205 252 99 6 281 352 354 488 194 461 436 219 453 439 27 33 339 193 407 119 404 5 85 334
62 466 120 438 49 42 142 398 150 304 173 193 188 245 59 301 41 32 468 284 443 74 499 121 433 149 230 490 232 66 357 205 370 461 389 370 42 73 465 170 109 304 455 94 317 51 326 323 380 61 109 30 203 356 458 180 263 385 462 81 437 70 307 90 348 472 187 79 418 74 207 395 114 313 32 179 130 23 122 461 498 64 218 310 75 233 35 223 68 385 408 478 399 392 218 10 465 158 14
91 421 246 246 202 210 157 294 255 31 453 312 133 209 32 352 411 41 468 325 390 59 211 447 142 327 222 215 27 5 343 188 345 366 184 430 201 238 219 325 412 125 54 473 2 452 419 125 247 328 499 67 366 265 168 3 496 456 496 285 277 492 439 305 430 26 340 395 200 111 336 94 127 133 267 233 142 180 367 383 229 108 84 93 39 373 230 419 331 480 388 132 324 235 12 473 394 208 211
376 206 457 105 453 113 354 290 407 36 124 201 282 12 161 84 372 490 466 246 13 382 34 79 64 202 491 182 290 250 218 255 401 313 370 11 333 207 36 496 298 469 421 10 255 50 30 6 340 296 367 73 133 263 300 431 411 96 115 408 266 397 429 159 132 371 465 156 16 461 31 402 262 102 53 143 38 448 83 133 149 237 209 499 468 6 365 366 201 115 348 461 413 56 397 240 269 280 491
495 47 405 145 469 313 230 377 161 203 283 459 389 47 388 172 439 447 53 347 222 230 205 205 143 163 265 444 71 463 68 227 244 134 264 17 84 287 478 183 83 314 478 25 358 98 92 399 40 431 436 465 200 271 247 53 272 19 127 162 458 228 261 365 92 104 219 432 390 161 241 114 48 254 337 324 14 396 123 177 391 204 364 291 250 314 394 486 412 292 378 138 495 269 79 471 257 300 222
229 299 498 278 348 398 475 369 187 270 138 165 57 182 327 322 242 155 447 247 473 345 387 161 223 431 421 28 35 15 420 103 484 248 215 433 125 252 445 146 166 406 178 364 193 139 71 473 463 237 422 253 306 5 241 117 208 54 291 198 300 403 303 359 284 482 361 16 400 176 269 176 6 365 358 356 79 297 213 237 98 481 140 393 282 434 66 226 315 287 264 257 250 1 245 95 33 149 445
281 298 217 261 181 161 108 308 44 204 442 20 205 112 121 338 34 281 53 39 292 220 207 309 382 127 500 269 352 313 196 204 467 266 223 473 71 434 380 150 374 360 132 109 121 171 303 102 170 136 420 143 417 450 276 78 328 407 139 341 352 421 155 33 9 267 233 336 446 24 317 401 177 123 127 385 202 235 467 213 319 272 208 406 28 133 424 399 31 391 456 331 408 109 84 217 358 69 242
496 20 159 45 321 464 190 298 91 194 32 113 86 79 319 450 373 47 465 229 186 212 268 143 374 198 241 1 440 207 7 384 186 218 132 395 499 83 99 326 11 491 500 42 156 376 145 122 58 313 63 383 376 476 156 444 276 165 496 210 87 13 205 46 384 475 321 24 409 274 433 90 329 484 494 464 355 235 89 453 329 229 478 210 304 185 270 229 374 303 152 68 407 93 321 259 117 472 117
32 15 131 173 92 441 385 114 131 238 47 370 369 326 420 151 227 304 37 500 195 411 311 10 494 240 239 487 360 37 2 454 268 63 267 120 200 273 353 292 246 7 387 401 242 2 78 490 44 480 232 137 459 285 108 453 126 273 107 435 131 11 386 115 461 70 173 5 311 145 76 221 444 180 183 282 447 428 292 270 335 178 301 393 253 481 481 409 392 275 50 178 117 460 60 369 131 160 428
211 460 318 301 421 210 100 374 382 170 259 276 233 393 187 446 25 274 73 41 475 166 356 331 255 345 486 122 394 435 36 470 364 265 230 302 362 104 66 205 199 84 160 163 191 227 229 43 102 182 273 112 122 257 161 179 438 32 146 240 28 366 439 363 30 220 128 304 425 158 69 36 439 169 361 120 387 37 426 186 245 319 459 387 498 108 7 76 374 15 59 205 45 204 476 274 257 178 424
428 282 25 375 106 483 203 169 285 190 44 271 270 449 382 223 139 382 478 36 168 306 167 435 408 40 4 177 254 500 132 13 19 130 408 76 43 296 47 477 83 429 89 19 190 26 297 354 63 497 488 469 190 379 76 452 261 4 374 2 285 159 399 149 156 270 324 334 101 491 446 189 265 436 135 373 166 47 175 257 145 241 111 168 246 190 318 201 414 491 341 490 142 331 271 498 338 49 41
320 172 306 117 280 327 421 423 100 328 50 216 113 357 137 283 353 461 312 14 294 324 451 53 51 445 436 188 264 498 35 78 282 216 85 341 351 63 66 162 274 196 23 183 460 98 283 302 319 492 49 281 438 487 132 107 213 130 192 21 377 270 364 194 398 239 118 497 212 84 82 379 68 114 37 462 481 281 459 488 256 330 2 173 434 54 45 275 377 1 451 395 215 79 317 78 38 385 152
346 396 448 237 120 429 197 377 97 439 402 159 355 172 80 325 461 73 117 426 211 301 352 454 345 160 478 223 28 392 228 52 329 486 285 255 133 72 226 171 287 320 144 134 358 206 153 369 105 158 130 44 361 168 396 238 381 492 39 310 125 104 91 332 227 129 151 238 479 126 182 90 226 382 49 143 349 330 173 165 19 27 12 301 413 308 84 472 296 474 18 370 352 105 107 409 72 425 276
42 333 33 122 419 168 321 263 209 453 120 398 185 21 183 232 158 278 46 386 112 147 483 289 245 109 12 343 178 103 287 1 420 410 377 363 463 19 125 84 127 80 304 231 30 271 124 267 204 264 54 101 239 440 124 445 314 137 255 178 475 369 366 71 392 330 467 472 231 324 4 213 385 320 422 272 49 312 42 128 87 113 325 301 161 290 492 218 308 20 5 494 335 160 72 403 258 455 115
98 263 482 385 342 461 283 386 374 432 129 183 241 309 96 53 201 314 196 71 193 356 165 249 158 26 280 129 282 387 231 384 36 86 425 106 304 342 271 402 213 225 59 348 373 150 436 457 445 476 199 303 406 16 466 484 14 82 48 195 127 470 56 450 262 437 216 415 137 493 353 408 125 363 144 456 210 226 75 320 342 394 52 161 390 373 34 206 7 183 330 156 158 322 454 116 95 217 371
231 415 1 405 49 171 451 265 478 267 114 56 8 284 425 21 50 419 320 91 157 408 400 487 90 246 371 105 388 428 489 362 122 370 8 189 394 18 428 76 24 125 152 181 430 384 459 88 466 355 360 408 156 354 152 366 126 481 124 325 237 4 122 119 472 411 437 128 471 183 332 347 373 10 138 254 308 435 387 327 134 275 310 315 69 217 246 233 410 12 291 175 472 147 50 324 204 96 468
380 409 498 215 40 166 321 399 118 238 406 195 216 247 431 138 243 115 327 75 331 1 457 225 469 249 75 110 328 209 400 153 313 440 262 1 168 106 83 108 112 218 60 257 191 9 108 241 158 296 100 472 206 497 238 388 11 424 137 43 130 308 322 45 222 7 131 127 473 140 74 385 202 159 335 349 420 103 198 232 322 303 420 489 169 353 352 493 39 108 324 77 436 22 400 219 428 282 200
434 324 439 370 8 125 153 428 375 297 213 6 305 123 392 273 21 232 499 179 127 172 132 451 486 220 251 467 268 158 404 355 382 245 433 339 46 253 17 397 101 86 144 66 11 21 333 274 409 353 313 436 111 83 109 192 103 129 488 315 253 412 491 120 16 484 312 271 318 246 473 477 358 144 303 29 90 297 52 492 324 378 177 142 455 135 394 389 442 286 445 57 224 145 303 98 195 120 83
176 492 1 286 345 21 420 479 443 229 41 291 295 382 95 178 78 368 118 96 9 93 370 68 288 254 405 335 43 384 247 430 481 326 133 210 443 148 330 206 215 164 381 370 67 150 249 264 71 237 456 103 53 225 70 254 114 465 435 147 352 59 406 297 271 402 54 301 340 224 346 366 350 239 70 27 473 60 245 363 106 409 472 407 285 188 26 232 197 85 500 462 449 169 324 196 183 303 500
198 69 219 257 271 248 115 141 28 461 242 165 248 453 235 461 40 317 465 161 125 405 298 286 103 253 208 246 31 495 113 477 159 243 340 351 159 475 138 434 403 398 80 354 360 388 484 149 185 114 111 436 429 67 233 67 119 199 363 303 111 63 270 39 317 204 181 30 257 453 375 193 479 15 218 116 390 500 449 449 480 75 369 234 339 158 106 139 97 467 260 376 410 332 250 273 318 21 28
41 270 208 90 81 285 413 105 401 39 212 282 33 166 286 250 72 168 438 47 354 348 494 335 224 442 21 449 322 348 485 78 379 165 198 93 405 95 288 264 433 103 114 19 358 406 28 351 139 349 277 201 134 452 240 40 450 122 452 32 201 341 38 118 249 68 230 125 163 500 114 224 328 190 367 127 57 193 282 18 392 64 316 194 108 135 13 217 125 482 377 476 168 480 3 380 481 120 254
497 82 354 406 361 301 459 47 399 233 151 27 137 289 27 216 168 342 267 376 332 280 418 451 193 254 151 164 292 367 455 66 298 209 43 427 371 3 392 247 135 350 29 293 84 499 124 98 190 69 271 31 500 146 116 420 233 397 140 78 149 149 398 445 282 186 220 304 41 291 328 12 65 169 229 254 76 404 114 418 437 300 228 209 299 425 104 333 226 80 105 65 301 149 268 36 287 407 474
224 54 496 270 235 285 439 404 287 357 466 203 197 262 359 198 261 44 372 299 133 328 56 316 224 139 23 316 216 284 309 256 93 481 422 96 86 85 366 54 272 420 319 472 275 416 291 396 90 356 382 460 352 360 25 242 66 465 54 408 445 228 427 158 149 278 115 61 311 427 405 333 401 150 389 4 490 299 29 441 278 199 150 68 307 277 102 33 107 91 238 435 257 344 51 292 338 126 120
342 342 467 432 332 283 375 284 309 494 497 8 328 407 18 154 213 481 216 164 7 419 56 196 379 77 124 287 172 203 475 243 203 190 477 326 350 146 476 301 490 99 75 436 448 267 476 98 22 35 209 137 328 204 124 488 379 416 24 325 213 44 484 250 371 320 467 409 396 276 456 435 279 257 449 35 424 500 95 64 134 474 230 89 345 167 330 212 285 175 89 398 46 214 346 247 109 388 486
259 152 191 371 274 56 72 151 333 458 279 317 325 236 277 86 158 110 246 178 435 84 342 241 344 458 27 484 311 124 162 460 428 479 488 31 211 87 43 53 106 401 303 401 68 146 270 86 107 202 126 214 21 229 26 328 284 173 283 177 74 68 48 294 480 404 329 63 107 10 345 142 49 129 371 226 12 35 68 319 377 266 489 412 381 291 5 430 269 122 399 51 489 254 43 238 81 392 439
403 171 108 73 272 273 97 206 487 93 204 72 157 235 407 236 325 465 364 79 392 295 43 452 445 30 354 209 78 174 494 351 124 422 483 316 22 251 304 442 341 173 43 259 462 169 310 186 95 168 224 160 451 24 104 315 67 445 464 358 184 289 77 246 437 287 172 218 259 456 69 136 49 258 326 66 88 305 471 213 326 337 150 186 437 311 145 487 191 299 9 91 109 25 416 173 253 475 76
27 248 392 342 418 85 189 74 256 297 296 15 478 454 14 146 459 399 139 56 114 114 286 218 8 130 491 313 482 40 408 46 136 274 17 357 303 3 294 110 258 216 219 72 91 444 202 296 226 146 455 90 172 370 466 262 306 110 326 183 231 377 200 46 265 422 441 56 133 440 496 140 186 104 87 337 332 250 465 232 160 73 94 467 74 105 12 463 202 448 262 333 168 203 383 199 454 463 106
268 372 188 94 234 199 38 151 432 84 324 423 267 238 382 325 107 19 199 203 422 216 454 213 159 49 54 307 294 375 227 103 53 445 470 124 482 36 127 116 476 217 24 410 372 169 359 290 137 68 371 61 51 223 197 126 464 490 344 142 112 444 415 424 436 162 67 245 80 241 300 454 436 312 327 407 197 168 261 59 166 366 367 348 85 33 268 122 220 304 262 239 457 40 51 77 320 388 142
394 104 218 356 255 92 352 289 29 197 111 84 216 99 384 69 46 108 349 6 160 332 118 78 144 90 86 251 430 338 1 229 74 380 359 497 158 23 491 498 345 12 347 177 284 82 186 444 26 489 163 375 253 494 417 240 461 222 39 394 352 348 493 415 421 173 217 176 470 14 107 464 499 257 324 436 281 105 278 127 53 379 24 205 124 123 110 135 304 233 189 205 243 326 189 482 286 12 163
209 267 245 340 212 190 153 65 76 494 470 47 465 377 44 448 17 6 90 342 499 188 387 206 268 493 344 143 474 270 404 244 71 241 312 347 236 493 28 313 428 95 67 58 160 495 422 103 477 492 209 321 239 137 98 102 187 487 252 471 450 320 73 261 180 88 386 241 137 190 466 422 194 484 42 362 424 135 273 251 99 253 282 418 325 354 467 246 388 63 300 469 394 375 207 13 63 21 283
103 425 342 443 231 147 198 42 211 333 80 314 14 383 291 380 237 331 415 187 445 320 105 297 208 326 304 136 422 288 69 410 466 162 315 38 469 137 288 243 356 348 349 258 266 459 448 122 270 150 324 3 24 47 219 110 156 398 124 175 397 89 110 383 278 493 54 106 218 205 45 66 137 462 72 476 152 189 320 458 282 89 473 252 352 263 184 48 375 291 99 119 139 224 213 254 86 351 467
280 381 253 407 218 499 413 111 171 277 482 232 254 283 88 378 207 481 116 229 155 257 166 248 318 217 201 411 185 61 97 79 105 18 124 6 186 126 241 114 480 277 133 65 41 62 282 282 440 298 74 48 98 186 49 30 492 120 481 281 52 121 366 244 290 89 154 167 162 35 138 225 201 415 126 315 25 394 317 472 40 500 214 123 162 8 76 47 147 190 56 289 497 422 360 450 424 69 464
484 41 94 49 97 408 108 187 19 203 12 246 257 53 374 434 259 385 65 293 496 415 496 292 350 108 120 95 86 288 363 172 338 223 421 416 81 243 33 400 445 197 438 232 469 370 190 496 457 151 485 79 460 104 154 487 346 483 56 74 288 134 107 62 104 61 361 494 444 426 496 386 35 270 182 99 466 20 115 50 189 29 123 378 270 396 262 355 256 187 268 338 38 211 229 434 373 111 443
246 375 144 323 293 462 5 397 324 229 375 346 164 421 59 394 441 318 99 408 61 488 471 366 444 473 484 176 190 496 356 25 276 88 201 166 400 184 439 497 347 97 44 249 345 304 307 492 41 284 474 474 170 156 381 303 386 63 319 93 371 267 144 104 354 345 127 203 412 315 15 194 256 307 156 388 361 237 188 209 440 345 208 197 446 497 322 219 315 79 465 81 384 81 96 129 273 219 275
27 93 224 256 470 316 338 428 432 29 454 341 470 464 493 236 14 363 227 30 301 434 48 328 376 70 370 137 235 48 19 100 388 382 248 305 18 122 245 443 211 115 320 30 101 396 128 268 194 4 244 204 447 220 244 457 396 309 275 257 253 293 379 136 247 393 163 387 282 466 168 366 14 436 236 49 352 147 333 132 204 441 463 245 65 359 354 171 166 37 477 407 238 150 417 74 132 303 195
123 474 76 64 361 72 403 310 131 432 431 314 396 164 39 405 426 170 94 322 379 234 197 13 10 205 316 443 119 81 423 129 27 347 236 390 381 369 202 117 223 157 375 133 9 10 61 428 335 287 179 369 25 54 388 215 205 83 281 300 110 368 362 25 34 245 53 38 422 66 210 354 436 373 360 486 165 237 270 128 223 471 494 432 144 342 170 493 215 392 96 332 11 346 400 307 214 360 254
329 394 486 278 43 306 410 418 432 327 424 399 313 172 116 182 39 301 265 460 392 79 466 164 324 356 57 387 44 52 116 226 331 485 166 6 9 374 470 44 376 139 410 236 157 70 145 289 355 443 462 234 367 211 72 17 300 72 253 295 334 236 218 462 153 245 355 152 441 200 222 99 324 262 338 105 8 272 344 64 33 92 35 268 433 453 290 141 108 317 472 228 87 245 15 63 425 8 205
496 46 228 183 482 331 72 493 27 358 269 453 288 140 75 468 474 392 230 274 109 89 368 4 249 307 313 457 67 444 438 67 134 483 397 399 206 265 275 258 376 326 20 348 269 309 203 243 150 400 131 119 93 257 142 222 204 400 36 309 198 24 65 439 289 246 405 418 254 150 58 76 112 449 469 345 28 256 334 33 431 340 141 23 438 463 400 41 108 306 305 273 376 71 416 233 225 205 48
45 76 378 166 138 321 143 186 469 474 66 237 144 497 488 297 199 480 235 299 239 100 258 221 368 129 56 119 417 181 65 161 60 441 64 172 375 294 138 32 117 466 418 302 202 452 245 36 435 14 374 398 387 221 429 371 315 454 498 16 2 231 288 139 149 396 124 42 137 302 273 217 6 125 275 55 354 214 462 159 77 290 170 319 184 414 330 163 37 351 101 470 96 337 112 335 344 243 1
72 285 295 446 170 417 285 420 155 391 186 61 36 19 17 98 437 296 358 37 254 440 220 120 274 166 437 174 421 80 98 444 445 102 43 165 77 183 428 326 402 182 403 177 301 126 466 235 452 327 278 306 229 388 80 69 73 150 233 142 113 443 391 59 332 236 442 353 202 170 474 74 425 298 213 235 306 344 323 313 439 150 1 65 138 88 381 130 316 277 195 28 66 102 252 342 64 138 197
373 457 230 118 169 230 319 2 380 31 138 312 260 419 296 13 366 99 122 67 31 303 144 55 111 108 186 447 144 444 325 246 267 426 147 399 139 327 8 414 466 55 353 126 282 296 8 347 196 46 58 150 451 346 195 486 290 433 96 27 173 498 413 390 308 148 303 465 141 154 205 353 366 108 311 422 197 129 500 348 263 301 36 318 149 287 124 400 244 436 223 196 160 305 255 246 187 70 243
19 378 300 218 123 66 99 69 449 193 376 291 403 447 143 251 98 74 147 111 210 404 457 141 377 461 89 226 239 350 488 236 488 321 267 73 350 309 128 141 39 291 161 240 84 422 279 245 436 407 48 406 60 288 28 493 234 299 203 138 18 66 68 137 151 427 332 109 114 306 216 227 70 63 321 116 150 162 389 423 402 274 148 471 102 361 367 35 310 194 351 493 328 80 381 84 344 476 384
299 137 23 187 468 115 415 475 307 52 82 1 11 57 261 190 10 76 359 397 350 495 281 411 131 259 194 147 198 427 310 72 474 487 185 135 471 499 36 321 435 5 59 440 23 100 369 485 287 248 65 117 333 385 395 428 349 243 392 332 328 280 483 396 115 242 433 241 492 284 482 164 49 334 458 438 157 107 37 161 215 152 145 417 122 494 28 103 147 82 367 157 454 164 471 370 141 472 96
446 283 426 299 499 44 474 108 65 177 257 322 224 193 68 460 7 380 464 397 338 277 353 18 226 405 355 464 84 34 354 8 164 136 425 45 372 241 302 298 240 101 180 478 463 55 489 429 369 446 352 162 485 148 318 141 116 114 75 208 237 189 3 134 141 8 11 483 113 196 412 228 32 185 115 414 298 398 417 323 47 414 23 164 59 82 120 94 333 223 376 344 445 128 43 108 44 435 141
190 246 276 54 340 47 87 247 86 104 403 181 339 379 297 481 457 341 127 350 443 252 283 382 193 240 179 342 472 21 57 268 425 424 380 199 354 198 379 440 221 377 70 461 42 273 122 259 108 149 353 352 124 215 418 332 169 440 55 123 305 380 244 333 319 453 241 484 358 12 16 75 218 485 29 132 362 152 50 282 277 487 200 311 139 311 69 193 328 377 366 415 266 26 50 16 124 208 174
427 333 351 286 123 65 115 408 465 410 40 356 366 89 308 263 4 370 279 146 59 192 402 175 202 416 269 340 391 196 498 42 145 269 219 46 302 113 468 7 248 130 219 246 16 471 400 66 487 236 44 268 166 120 387 161 497 396 98 475 367 248 285 152 289 141 102 288 208 311 336 194 11 158 356 332 79 258 135 384 244 260 1 3 353 452 143 38 170 70 29 130 109 254 402 335 376 147 293
191 176 379 361 76 246 309 343 30 324 267 253 461 91 421 408 349 237 225 80 445 19 385 256 432 493 261 466 185 201 65 62 383 254 318 245 237 396 2 142 193 108 249 432 331 179 478 67 315 276 496 373 278 402 169 332 68 436 32 267 184 445 482 430 450 217 65 321 150 381 90 453 238 433 191 70 247 168 479 169 393 335 171 34 225 197 85 253 370 64 26 480 379 164 256 375 303 353 226
164 475 242 12 372 15 91 105 113 112 20 321 446 252 393 29 9 391 11 449 88 212 354 244 39 237 423 243 273 283 26 467 353 427 128 293 447 23 340 121 75 327 314 190 109 418 400 35 289 291 285 160 62 282 407 16 132 128 23 204 140 370 132 253 370 449 144 107 14 472 292 82 436 470 280 359 497 6 75 162 292 210 214 69 151 388 29 220 433 230 326 193 404 320 276 214 139 36 298
77 489 472 162 156 272 490 226 432 253 264 315 73 7 377 133 167 273 332 64 414 419 231 375 404 39 265 275 181 204 363 417 362 63 58 44 293 322 412 134 254 216 360 200 147 471 202 340 216 160 223 80 15 129 132 151 37 217 34 400 66 455 300 158 10 457 145 71 71 334 331 291 78 495 147 367 11 26 279 409 360 130 132 228 470 426 181 187 343 284 291 413 365 102 51 257 217 169 178
3 180 154 91 354 219 69 396 207 59 297 422 370 203 203 35 485 307 302 186 239 410 179 33 394 378 29 74 158 470 174 187 384 269 223 95 72 311 274 178 90 197 50 19 197 477 232 147 144 285 175 160 128 139 423 397 481 296 389 183 362 143 359 215 496 489 56 119 492 110 353 267 111 461 286 236 159 105 201 50 224 289 294 249 106 207 211 289 395 74 313 42 251 383 360 421 500 74 497
436 335 211 241 245 435 324 435 258 123 270 324 140 175 427 274 137 406 137 492 14 168 275 276 252 41 284 388 316 422 233 365 68 347 144 68 411 459 411 381 278 140 169 180 499 81 279 328 405 500 479 15 49 371 395 227 249 112 210 300 12 431 328 393 27 266 179 154 58 61 240 219 240 157 152 337 324 333 202 99 36 127 290 358 1 35 221 367 325 491 427 274 473 242 414 388 94 115 354
474 39 63 164 170 353 498 257 296 485 259 242 8 382 61 56 390 264 376 180 347 44 70 194 303 31 179 182 280 465 318 358 415 9 485 4 348 256 449 369 88 314 384 428 95 452 477 272 12 208 207 249 390 1 458 469 359 456 99 394 493 448 341 428 160 441 39 343 91 269 134 235 448 109 380 385 76 301 173 463 247 389 319 200 408 138 382 77 357 471 227 212 195 137 298 412 36 346 389
203 494 258 406 467 37 295 367 343 417 269 217 116 500 189 77 153 37 464 181 491 300 246 410 406 26 274 465 72 97 315 40 280 25 158 158 231 439 407 186 71 367 289 84 415 425 385 14 93 242 11 458 364 278 274 229 255 104 304 417 301 476 288 152 365 298 98 346 314 175 439 58 36 182 129 325 288 344 276 254 59 330 264 463 326 227 24 417 452 388 402 282 239 128 69 355 281 337 112
87 381 240 146 130 43 330 233 72 312 465 66 357 313 126 227 132 249 163 296 1 455 106 494 490 278 21 482 390 489 313 265 124 73 133 391 455 302 188 458 129 423 255 462 311 435 231 142 34 27 303 290 436 431 353 253 403 229 4 297 434 124 364 238 324 500 428 27 222 70 188 156 142 43 150 418 383 419 492 4 209 6 330 365 161 113 380 107 326 419 291 87 435 41 391 16 246 200 421
71 146 355 410 66 431 285 234 433 475 469 345 125 307 70 130 496 497 60 385 225 68 314 281 57 444 311 146 107 162 396 109 354 283 471 416 129 233 379 59 394 263 206 329 47 311 192 141 30 252 54 338 4 217 35 266 449 410 347 472 457 209 86 462 414 269 142 10 102 367 162 428 360 48 456 133 244 59 13 366 205 341 245 403 499 16 48 222 129 169 217 470 9 233 56 105 228 277 409
157 181 379 460 190 68 183 358 122 459 298 161 25 389 51 282 367 7 274 215 309 415 487 479 79 14 475 389 177 9 92 45 474 437 16 495 308 385 394 102 40 266 355 500 161 486 457 382 7 10 463 119 441 259 33 380 11 33 186 333 98 52 24 463 360 301 270 458 389 249 162 29 172 22 76 68 430 421 440 55 333 364 289 423 474 369 467 411 70 308 33 127 68 52 291 443 456 486 44
396 138 146 350 289 201 127 29 331 20 400 11 19 150 220 362 165 273 474 421 428 230 10 34 494 490 430 283 56 363 129 469 221 24 304 438 306 164 462 403 212 123 203 412 23 362 135 263 307 454 407 23 457 83 165 125 57 17 373 449 48 424 232 367 302 135 438 197 433 496 420 498 14 200 225 142 474 358 459 227 425 480 414 425 154 422 150 96 318 124 485 174 447 263 382 310 459 421 480
411 401 154 185 59 425 264 208 475 8 45 458 296 223 272 25 326 227 411 93 27 214 270 20 74 228 153 202 467 106 82 199 375 79 131 148 407 264 190 168 133 468 355 220 430 295 255 418 48 155 435 415 186 28 386 140 343 74 6 324 370 86 31 340 304 497 462 284 8 178 462 100 265 37 339 224 257 202 127 131 420 488 202 466 378 358 429 283 374 389 155 499 319 425 490 34 93 31 457
362 270 11 194 225 97 270 382 213 169 65 227 489 36 439 96 445 432 129 105 373 24 307 76 139 71 253 376 290 247 420 314 87 346 181 24 479 24 211 45 446 338 14 206 33 461 479 285 445 327 1 348 290 261 404 391 56 117 359 219 317 64 356 446 168 152 183 428 169 9 241 48 328 209 332 200 62 399 103 467 254 87 131 46 162 285 171 424 205 166 166 443 105 96 169 226 458 166 50
15 363 477 334 126 163 423 261 31 16 34 176 177 332 466 487 242 378 94 69 21 29 326 127 104 376 208 385 238 285 243 119 102 56 318 234 493 320 367 83 159 301 456 160 114 176 393 94 119 335 458 231 448 181 336 331 37 413 167 343 356 298 178 229 225 500 493 441 15 260 46 46 192 67 253 402 163 245 395 12 225 66 284 172 62 255 377 472 500 28 106 26 98 3 200 328 238 123 281
144 224 417 430 68 114 224 423 348 368 53 371 61 48 15 450 313 327 472 66 83 439 49 105 120 428 158 283 139 48 380 199 37 385 293 467 349 235 407 426 187 284 427 474 168 22 435 254 416 413 101 393 213 82 418 175 18 496 149 36 114 122 347 138 444 300 457 249 203 389 481 114 92 2 318 409 184 75 315 405 37 414 125 153 287 167 181 31 165 1 30 465 428 305 36 368 393 386 338
146 109 385 205 289 356 312 438 318 126 76 129 355 385 49 477 311 219 24 71 202 49 84 160 93 186 156 353 226 294 129 278 31 206 401 279 260 240 498 159 125 238 366 45 471 70 409 346 425 416 432 333 296 420 6 419 386 451 412 390 387 86 408 37 92 351 325 60 325 240 67 204 323 257 272 10 169 118 475 12 437 411 21 10 77 360 255 256 482 482 261 492 321 396 14 415 186 136 476
189 393 68 427 496 177 296 241 492 358 401 116 330 387 345 448 411 479 280 257 38 205 422 464 147 178 100 59 82 327 254 297 104 414 218 282 489 475 67 466 381 352 379 272 448 374 143 283 409 412 73 439 23 477 400 365 68 289 366 390 318 95 154 320 260 409 20 470 201 20 262 208 86 409 281 468 1 165 489 123 50 455 227 442 36 232 25 25 253 299 178 429 14 293 341 109 207 461 288
476 464 113 388 19 309 265 275 378 23 219 256 470 442 87 451 153 466 389 90 485 434 350 489 300 373 488 307 253 242 469 298 271 432 57 325 137 108 53 93 72 226 44 367 138 334 96 360 409 151 137 14 368 102 145 392 81 270 409 255 115 224 233 478 192 404 66 233 142 128 44 66 396 57 170 314 342 429 87 135 464 90 138 81 368 178 245 321 426 79 288 13 476 184 390 355 388 490 336
167 263 41 62 9 173 467 500 115 233 380 329 128 416 390 113 358 187 426 413 164 61 394 491 336 357 361 443 425 168 80 122 74 386 37 130 332 452 481 410 18 16 85 203 423 394 231 284 25 136 201 268 47 143 491 200 94 361 31 476 362 361 238 485 432 482 185 144 244 125 368 177 103 253 397 85 401 495 130 477 414 422 70 438 455 176 145 405 262 459 267 34 88 87 214 471 237 470 239
392 121 167 72 112 259 22 23 58 196 282 273 355 292 96 490 260 21 279 250 87 176 128 253 63 425 9 16 205 58 307 366 208 476 30 323 215 232 398 328 396 411 55 264 455 109 136 111 73 37 68 294 468 390 161 441 162 158 226 106 468 366 257 6 495 396 149 43 266 254 192 287 2 160 74 366 215 12 94 493 300 256 175 391 343 12 261 449 187 311 482 7 192 285 454 237 470 178 385
32 323 89 189 31 328 66 315 434 267 457 180 34 326 486 128 223 480 208 432 376 490 407 5 432 389 126 382 267 358 451 176 59 478 263 74 289 392 86 223 481 376 382 396 351 66 377 367 241 221 206 288 226 420 186 403 202 235 128 143 188 167 479 424 58 135 389 435 302 39 379 110 466 215 435 266 302 262 20 174 308 432 238 310 297 256 269 386 498 262 27 132 360 228 186 338 230 156 331
364 334 68 307 94 76 211 216 421 82 123 121 175 300 42 419 227 62 3 287 172 77 180 162 172 89 167 433 367 413 467 354 34 193 327 94 263 412 232 60 227 492 7 392 251 491 101 197 443 167 273 356 493 497 63 114 314 257 386 386 239 465 31 61 439 401 455 124 15 10 79 258 309 56 173 320 356 56 260 435 116 83 390 329 483 371 405 229 499 263 439 365 431 308 470 287 209 279 126
96 309 90 458 334 157 468 282 310 171 378 107 418 149 126 295 356 38 322 30 54 398 102 227 346 380 298 280 370 402 211 59 488 369 485 170 302 434 312 370 15 330 474 290 92 325 477 229 215 257 426 139 320 71 86 452 189 8 167 486 356 421 292 133 208 462 494 205 379 416 12 69 389 486 290 48 279 420 19 271 280 197 363 77 11 138 445 465 471 342 438 249 315 290 204 305 250 386 36
50 261 481 17 291 132 37 356 282 455 312 89 83 403 59 139 2 52 494 34 429 126 442 39 206 226 444 45 119 442 440 367 395 60 97 305 320 8 360 121 298 237 337 249 498 81 305 22 455 186 207 140 497 121 412 324 390 154 85 424 380 499 24 103 167 372 392 466 474 177 364 105 500 304 106 36 338 15 443 440 293 56 199 56 193 485 469 305 467 249 274 408 473 77 160 435 167 469 45
22 364 466 75 20 111 112 60 196 47 276 246 185 51 200 385 339 175 399 416 93 371 247 82 499 331 45 38 475 222 79 396 72 69 274 131 246 8 328 270 65 103 350 324 72 437 27 444 204 369 304 212 352 407 10 351 144 300 326 473 166 399 105 423 392 297 373 8 499 396 239 388 160 400 302 236 98 219 103 47 414 351 7 237 401 82 372 378 84 373 493 24 304 86 319 70 344 322 202
450 446 90 291 184 41 4 243 466 384 496 141 167 376 400 131 316 376 75 305 256 298 16 456 270 294 305 430 221 96 203 125 24 96 74 368 301 350 45 417 260 1 118 82 50 299 328 59 21 52 175 469 121 376 42 423 201 98 379 297 462 121 80 11 404 438 285 244 228 226 17 54 465 120 30 392 413 368 250 78 237 451 469 63 486 75 404 438 244 129 476 438 98 126 156 460 126 162 74
175 95 36 432 268 270 140 389 394 58 321 11 402 244 209 387 375 49 358 216 46 13 183 76 53 65 458 225 85 118 195 103 486 229 170 78 433 132 147 119 335 386 153 286 357 365 118 290 135 500 397 70 95 172 219 399 338 3 434 55 163 197 483 371 374 317 41 319 186 372 352 4 195 491 130 373 469 3 463 218 59 498 5 151 260 251 289 139 219 377 396 489 346 246 368 39 428 428 147
186 232 165 266 368 305 309 260 14 154 4 147 363 438 452 405 66 190 413 177 39 359 140 456 86 70 9 60 168 210 158 337 100 17 113 253 476 48 194 474 362 4 124 223 162 394 342 48 105 347 346 224 312 225 150 443 290 71 302 444 130 237 430 493 273 495 493 71 481 31 96 388 238 323 484 83 26 101 5 253 350 286 385 495 275 166 182 226 461 342 131 24 123 428 319 391 293 380 488
227 296 237 312 15 230 416 204 218 89 67 442 429 209 116 426 26 290 497 116 368 465 14 260 386 499 454 247 150 54 363 159 493 171 325 268 166 395 196 17 9 236 327 202 268 488 103 110 88 6 252 223 224 217 2 451 50 162 423 454 367 153 288 289 57 448 100 422 331 50 404 243 370 178 472 430 12 8 93 187 423 386 117 47 254 139 47 146 175 101 294 476 237 215 192 40 88 421 3
40 8 14 131 484 184 86 205 338 358 380 60 6 201 465 14 15 172 117 371 179 450 485 424 251 55 19 260 402 344 395 216 190 466 42 334 39 249 6 382 495 256 133 479 207 394 43 85 383 85 100 296 129 270 60 221 284 118 152 257 271 458 488 295 474 460 150 4 292 227 437 284 349 321 498 251 415 76 214 36 252 384 38 312 135 385 282 172 278 373 237 4 3 148 338 193 51 288 456
268 56 33 242 227 106 9 429 489 322 288 96 476 381 456 144 27 283 299 175 56 484 431 30 342 410 125 285 354 33 431 388 382 64 447 298 6 16 22 32 16 413 138 259 86 179 187 302 428 431 154 357 239 338 2 309 119 209 328 1 398 234 203 120 234 16 38 365 17 310 65 327 138 332 425 49 426 283 117 111 10 385 201 32 361 10 28 463 46 193 339 379 468 297 307 190 267 326 307
103 120 147 168 103 440 176 108 43 248 170 486 287 254 94 234 397 136 446 432 254 312 68 458 66 191 327 335 337 72 2 381 420 352 213 94 120 298 256 297 377 97 285 412 177 301 322 245 492 440 118 314 405 183 275 47 321 394 407 178 426 329 375 467 434 25 374 328 75 27 379 315 419 338 268 142 221 410 366 475 266 119 196 251 473 235 390 410 445 316 391 323 457 437 104 464 399 1 89
315 453 226 64 337 500 253 435 41 11 22 379 340 489 337 170 24 81 436 319 416 148 210 9 114 286 359 407 444 158 120 297 385 85 225 448 465 303 270 332 333 122 424 319 433 141 470 410 185 199 304 198 306 299 328 393 485 101 14 28 379 53 270 331 352 146 31 283 395 295 453 32 263 321 282 307 240 51 57 401 381 288 48 436 414 246 95 5 428 385 357 96 258 324 105 351 145 198 412
127 145 430 417 399 431 156 491 491 325 283 219 322 42 450 86 475 19 173 8 34 151 292 127 371 237 377 134 279 156 310 253 125 374 482 350 171 178 500 326 479 172 47 180 495 129 196 295 441 315 350 95 112 378 385 106 300 313 20 174 324 258 435 480 403 469 128 381 488 366 470 161 97 92 453 468 455 426 481 10 385 385 233 232 393 211 312 45 241 452 135 420 49 328 300 59 471 437 244
408 287 161 293 344 35 469 34 126 309 330 84 160 54 250 245 360 208 198 335 344 166 369 308 214 426 459 410 328 92 193 467 309 161 287 16 134 139 92 480 490 159 353 234 106 385 142 231 310 469 475 266 245 118 147 464 432 258 179 31 459 439 463 298 340 248 475 292 349 219 457 499 491 239 6 141 221 80 219 213 304 63 251 308 418 205 79 125 104 37 72 173 110 425 476 304 445 119 428
20 170 234 308 98 482 367 106 153 469 50 195 226 317 313 104 11 209 354 476 353 337 219 351 451 475 232 424 137 342 415 284 392 216 177 202 67 214 292 217 462 235 58 427 29 389 192 340 38 270 429 44 285 479 256 93 244 161 383 273 373 388 217 399 24 394 159 444 177 237 132 317 264 39 53 430 79 316 489 155 481 242 388 267 319 39 34 36 219 23 429 448 265 357 278 80 18 176 65
192 278 128 261 386 19 288 326 2 192 368 375 205 422 325 453 494 370 268 304 59 320 309 264 253 305 56 404 211 421 348 81 139 450 154 258 103 100 267 76 118 21 46 318 380 351 21 441 366 483 406 367 133 400 340 133 119 65 100 320 49 479 444 134 195 444 374 52 225 43 292 386 361 330 100 78 22 404 113 233 490 424 255 343 151 289 270 486 417 79 113 470 219 375 387 318 258 496 112
230 168 50 165 459 332 118 352 116 252 415 208 378 268 315 209 403 449 61 174 151 478 121 420 211 65 263 210 120 182 419 271 498 129 158 109 331 314 3 279 381 108 331 270 205 18 282 399 438 278 69 467 132 451 302 4 113 21 360 302 253 333 327 117 456 74 280 179 436 67 126 257 7 131 349 435 373 458 73 454 265 405 383 8 240 182 465 14 230 453 170 216 198 356 153 223 143 97 346
61 335 443 340 309 440 400 241 32 395 309 402 440 167 405 222 297 145 493 257 407 211 499 389 355 113 234 210 6 272 327 187 498 190 339 496 62 438 301 478 488 377 120 119 330 429 490 250 59 301 260 235 37 215 298 498 211 94 30 454 81 398 97 127 40 145 310 251 371 103 67 92 210 437 287 3 486 377 68 249 442 186 92 482 285 344 391 162 458 128 171 218 402 103 200 263 262 339 161
259 468 457 28 331 413 359 446 186 3 352 73 451 400 329 159 394 449 412 135 75 86 500 91 20 272 175 470 291 354 282 401 57 91 173 102 40 455 20 165 287 165 318 499 395 398 474 387 348 188 71 129 78 306 492 341 149 166 8 127 179 245 326 484 227 308 158 348 55 188 453 65 308 202 179 114 152 219 89 121 290 356 149 236 179 259 85 192 467 491 237 257 481 488 164 4 466 158 356
110 447 441 55 415 211 172 472 389 219 320 148 281 236 414 176 153 301 284 11 293 23 113 443 125 258 354 84 395 442 445 187 458 398 179 359 387 483 331 284 192 482 146 462 415 146 47 275 461 171 453 328 359 314 170 315 280 230 91 268 369 107 24 338 413 298 346 484 381 495 266 249 257 156 389 333 333 46 272 48 89 405 405 20 90 89 352 70 474 491 16 407 290 167 476 76 300 472 408
189 153 195 7 207 74 291 10 397 126 119 239 192 489 264 448 95 495 409 460 108 331 89 360 44 11 475 331 373 24 266 477 58 320 48 309 321 401 248 286 245 297 491 394 161 498 369 69 219 467 11 459 98 142 450 82 192 191 178 498 8 145 287 435 482 146 32 90 142 214 286 264 171 473 295 301 246 439 413 124 77 353 160 41 486 73 414 120 445 58 103 135 368 22 250 252 249 80 214
