99 99
343 111 279 237 499 436 485 333 434 53 465 228 41 207 249 291 112 2 266 133 482 32 195 267 246 472 279 498 73 495 162 272 261 438 414 130 255 285 272 221 49 205 117 308 463 9 147 256 452 241 289 117 46 412 197 225 102 48 96 285 423 143 155 64 358 125 287 276 47 399 323 395 466 209 225 134 9 496 220 264 112 488 5 15 4 37 279 2 62 126 438 116 374 488 491 271 376 465 113
271 340 321 232 76 220 420 240 466 467 308 41 469 194 390 131 140 376 334 188 106 62 274 47 17 220 388 33 166 77 379 472 366 337 333 140 199 365 206 231 15 67 432 189 318 413 418 459 340 113 110 471 350 83 51 1 333 469 477 492 499 217 335 321 163 23 252 270 240 219 185 88 396 337 217 252 193 138 444 191 154 81 179 171 284 492 467 499 446 145 293 304 152 213 144 133 104 112 295
122 285 65 438 179 120 37 185 478 329 223 303 284 167 43 194 195 403 437 250 440 275 389 219 379 288 120 80 156 261 152 278 108 410 206 299 497 210 175 308 464 120 134 306 38 317 379 125 205 370 491 419 139 166 149 442 31 279 246 460 40 152 336 319 385 91 460 19 177 391 304 314 241 223 337 146 477 382 65 362 489 296 326 368 166 467 231 308 146 390 306 45 301 438 113 127 407 342 373
188 193 235 16 332 335 32 232 436 4 328 403 174 306 404 341 283 427 463 347 421 372 191 499 88 153 385 270 430 31 184 85 73 282 425 392 167 265 333 11 333 67 472 491 8 349 442 465 99 328 392 343 32 275 155 416 189 54 203 186 363 116 182 449 260 74 232 432 280 462 274 456 127 133 247 151 317 165 207 17 134 245 34 481 424 239 360 42 496 215 142 101 188 404 48 468 64 131 103
194 439 494 237 282 481 455 449 41 258 170 153 405 453 60 403 314 19 114 261 340 422 192 80 386 201 326 484 335 405 339 280 174 177 190 490 46 495 13 368 297 454 52 229 34 456 482 398 422 394 435 109 380 277 314 260 427 329 198 471 439 430 178 363 343 217 116 384 98 353 492 472 435 241 432 33 168 173 433 330 372 490 9 73 2 214 449 178 410 169 240 208 32 265 127 328 98 296 185
277 296 373 3 472 186 319 35 303 21 145 312 348 423 247 392 439 16 45 359 88 125 121 356 347 75 428 245 462 490 448 212 304 358 177 16 306 350 236 21 231 196 322 136 26 322 469 364 443 196 91 280 139 52 296 118 58 419 175 184 171 96 258 292 165 344 209 432 226 361 76 358 469 412 45 230 346 192 363 49 244 181 206 285 385 125 335 54 424 264 281 130 328 34 234 359 265 79 484
231 195 498 384 469 196 77 241 356 492 78 147 134 259 296 467 338 341 409 210 460 364 414 319 322 40 218 403 35 47 116 367 7 475 439 178 405 139 456 194 208 492 356 187 483 458 116 192 216 275 494 459 139 397 217 77 487 285 185 383 472 391 253 328 3 490 20 30 422 29 389 345 259 336 373 23 168 49 259 270 145 165 44 225 429 171 71 47 444 44 361 118 96 417 283 166 25 236 171
448 202 60 126 344 235 418 402 289 375 248 462 454 238 342 48 436 238 11 471 178 378 213 401 447 446 71 73 58 40 20 361 363 337 315 303 87 257 279 354 356 9 118 324 107 295 85 339 471 216 305 130 241 354 219 285 373 351 315 309 103 425 85 466 187 477 105 72 485 229 49 155 211 392 444 472 199 3 7 313 70 15 285 40 18 452 264 71 40 136 72 287 350 386 451 209 492 473 406
179 391 392 55 291 48 160 197 371 359 315 138 166 385 380 182 351 240 284 101 277 267 117 442 144 399 234 306 39 299 218 354 272 406 470 295 121 294 242 431 117 252 393 60 101 329 332 442 148 418 440 493 144 429 480 360 130 42 310 326 480 407 88 412 18 424 340 101 152 395 227 54 184 239 131 415 378 51 355 23 342 430 226 150 441 32 89 289 77 12 60 145 272 223 320 125 488 107 266
296 129 407 69 289 216 459 23 315 135 69 496 272 108 483 290 248 168 133 442 338 279 275 327 257 219 238 6 69 382 172 351 441 20 238 141 336 298 409 467 4 325 126 152 193 87 151 278 414 359 203 250 210 417 484 66 314 273 485 392 425 267 345 325 361 481 65 63 375 271 409 187 47 451 269 384 488 406 223 256 148 136 302 420 87 320 172 405 204 41 269 446 189 26 341 264 485 497 110
140 26 219 249 23 417 54 97 44 294 205 491 460 31 112 368 235 452 86 447 367 451 264 91 465 458 359 195 355 332 207 478 443 48 423 46 249 145 495 116 67 60 376 185 67 138 70 415 52 128 61 230 319 120 7 364 419 482 332 177 207 228 367 468 212 491 32 376 233 216 62 433 370 270 248 162 291 457 154 60 380 275 138 368 172 292 45 284 379 240 90 325 232 263 119 143 234 78 479
499 90 81 45 419 482 178 6 423 370 157 261 125 190 284 93 188 173 345 215 425 216 481 226 348 260 212 485 261 97 189 488 404 315 217 191 380 354 271 423 89 82 250 98 122 128 116 54 308 279 114 380 72 270 159 141 135 433 358 3 312 122 206 427 119 74 4 186 368 368 280 486 295 312 262 456 397 144 287 81 495 399 404 477 86 237 228 27 425 393 302 370 50 226 458 260 174 339 441
229 434 157 257 346 272 402 163 194 388 347 156 418 69 196 134 291 412 320 213 405 218 363 72 245 481 217 250 168 166 469 15 476 352 210 95 295 355 61 76 123 15 299 410 237 319 366 202 352 280 103 234 7 301 403 50 237 347 138 398 116 336 151 161 180 360 169 220 266 405 177 471 305 321 314 458 451 182 321 216 180 193 59 206 394 450 25 139 239 229 91 376 372 140 179 14 336 488 313
252 252 327 162 290 69 465 115 434 3 276 489 25 15 363 205 59 312 443 29 205 444 383 331 30 148 43 178 261 128 121 453 390 498 259 257 241 454 109 444 446 208 82 157 57 108 171 289 193 214 485 491 413 459 351 270 14 219 31 443 444 144 180 243 21 332 100 208 112 367 119 32 180 71 234 70 130 380 406 483 77 160 39 374 222 290 219 74 173 411 113 421 46 330 470 145 85 282 338
390 421 163 241 432 385 8 120 51 411 235 16 266 248 234 392 396 437 474 157 263 382 201 328 416 200 377 497 182 4 392 394 437 323 32 184 179 195 24 420 136 290 312 276 168 7 122 102 468 417 133 341 269 154 147 153 243 230 396 404 145 303 336 319 22 74 386 103 403 263 300 161 200 5 236 182 134 133 460 408 12 418 74 103 23 1 254 173 409 448 232 291 361 270 9 229 59 142 176
267 281 368 406 78 252 97 496 427 202 303 474 319 469 383 152 320 332 83 172 158 224 3 160 376 143 221 278 441 344 349 38 402 126 424 21 285 329 275 318 138 39 421 347 224 392 373 178 58 444 165 420 135 488 132 219 320 200 484 370 22 109 224 122 143 220 333 149 148 283 207 57 184 372 331 365 110 388 125 373 314 276 429 108 35 449 344 198 485 382 197 1 406 284 410 366 155 70 137
237 135 97 340 61 301 279 34 42 387 444 317 326 266 49 264 98 23 276 357 355 462 239 315 249 458 29 287 340 254 195 232 123 297 447 484 15 355 484 89 346 491 376 451 363 23 400 434 26 451 158 438 28 369 385 341 350 140 197 81 180 460 218 99 247 163 272 302 186 216 428 465 68 156 465 235 105 9 161 358 275 322 298 447 302 131 293 30 130 119 201 61 160 259 5 38 291 41 288
331 79 182 71 139 131 373 432 81 163 94 89 445 463 467 113 427 396 455 400 441 451 3 285 78 424 103 360 283 25 131 322 268 153 160 274 44 358 127 278 130 202 271 454 264 281 135 216 101 240 475 174 137 489 259 221 195 408 336 11 454 399 428 249 278 447 434 315 403 338 375 443 337 381 154 499 417 396 364 15 167 154 234 125 279 471 439 270 384 323 159 67 131 21 305 244 245 244 297
285 299 427 148 334 314 182 246 174 28 379 174 292 110 125 70 340 457 288 87 156 158 425 299 390 188 139 88 96 68 372 350 319 442 236 8 72 45 431 56 133 491 484 148 142 115 18 169 8 237 434 341 196 424 27 198 146 57 109 290 443 306 152 414 407 291 323 11 187 145 177 240 46 494 148 489 256 82 481 340 152 128 18 184 222 127 241 447 34 413 427 177 101 269 208 86 31 319 393
260 445 341 300 167 368 410 306 170 274 464 253 259 432 316 163 475 242 53 321 379 138 389 323 466 227 227 421 239 84 385 249 26 482 332 63 12 332 334 238 25 233 466 487 76 298 323 51 406 210 356 159 199 337 423 133 271 424 12 261 308 281 12 80 222 162 22 12 383 75 452 399 378 360 195 132 140 153 474 92 183 84 180 214 480 258 412 39 298 128 322 132 47 11 490 271 425 140 433
123 37 488 305 145 294 473 242 454 347 454 24 250 493 305 63 101 391 180 462 415 241 269 453 265 414 421 117 356 296 476 275 387 171 431 21 335 66 236 340 451 478 395 273 375 443 80 390 406 145 322 412 209 358 384 267 209 464 105 496 226 68 15 105 349 67 14 264 317 158 368 437 304 266 470 447 304 165 474 405 109 310 250 327 254 20 404 173 36 431 81 143 297 223 196 19 405 231 200
304 468 175 421 9 344 430 288 88 173 478 457 348 471 160 234 177 281 252 3 428 362 39 488 261 315 85 85 416 48 230 465 342 261 308 192 90 68 270 31 42 364 168 368 219 380 306 284 144 417 350 120 88 49 30 462 354 372 35 216 104 185 277 88 186 322 350 66 164 276 250 461 419 123 14 481 56 83 230 88 268 182 185 30 195 166 80 177 260 223 349 164 364 115 428 469 417 96 68
329 208 375 464 93 264 178 283 157 281 286 229 146 332 400 445 472 267 273 21 467 214 200 461 128 264 344 374 325 55 106 7 396 483 374 76 210 54 260 475 201 392 365 138 81 162 363 414 481 182 32 326 376 421 423 371 47 323 95 492 405 221 491 234 93 180 438 279 370 318 155 425 471 234 387 290 196 123 29 279 398 298 237 350 168 321 419 208 267 50 310 276 111 351 25 216 13 5 380
185 446 253 127 215 212 45 406 333 374 229 163 454 477 31 55 320 216 212 322 372 385 430 60 77 483 2 80 3 298 54 332 332 422 72 190 343 488 267 161 116 7 430 85 305 328 136 352 112 164 202 114 344 307 309 430 373 489 460 393 54 322 249 219 20 416 348 270 400 489 82 442 173 236 37 348 169 74 245 241 449 346 481 142 42 313 69 383 403 155 80 439 114 203 155 94 280 91 496
147 300 187 457 389 331 300 74 248 12 418 274 433 265 213 322 149 173 44 16 469 382 392 464 378 319 157 13 448 56 493 182 48 136 459 134 263 277 433 205 11 14 151 59 371 409 285 278 478 40 315 473 163 128 13 301 158 135 2 73 295 105 442 367 228 220 466 187 488 119 100 116 119 101 216 60 353 320 82 111 304 178 471 410 99 494 332 408 341 352 384 423 42 427 42 181 396 481 160
455 388 289 264 393 102 242 220 192 110 476 76 158 372 25 54 73 107 102 400 278 489 24 76 198 155 369 186 300 208 70 150 51 313 476 427 184 257 498 243 475 383 347 466 487 264 268 229 164 23 2 57 37 385 123 167 488 48 312 239 188 82 361 122 407 109 284 144 150 489 333 270 283 400 46 320 272 109 423 458 149 154 132 150 306 106 100 144 207 121 272 330 402 338 200 419 293 433 132
222 445 443 55 378 383 373 125 362 232 178 422 104 187 229 497 438 141 140 407 375 285 272 452 323 175 124 146 359 256 261 305 238 151 419 124 361 23 332 390 419 95 81 308 421 170 419 44 458 209 99 319 393 177 165 389 287 466 244 35 482 301 1 318 27 194 104 400 293 320 161 499 491 228 296 69 498 250 16 351 49 94 135 311 229 495 378 457 234 457 71 105 383 101 165 285 325 57 266
232 357 209 225 200 448 84 181 81 39 119 330 89 431 290 243 304 392 451 477 324 398 226 349 50 163 413 101 384 216 275 166 461 291 445 199 25 406 292 50 266 70 423 431 486 390 152 241 92 442 120 493 121 326 262 441 128 264 432 415 323 467 180 129 453 209 214 336 360 272 401 369 325 65 246 237 84 41 386 339 484 314 236 17 146 345 229 22 329 321 428 457 310 461 140 83 205 271 205
298 8 447 198 20 17 302 327 400 271 56 472 400 198 266 233 208 179 292 449 228 37 380 225 318 108 16 225 270 321 123 165 319 90 169 187 54 3 303 69 491 218 191 159 374 185 91 232 469 406 240 453 18 238 276 61 395 143 428 410 54 479 157 487 429 90 482 154 274 467 52 377 180 81 355 100 486 214 393 150 259 266 148 15 415 408 186 435 494 475 458 238 327 343 73 1 183 19 479
41 180 165 52 288 12 277 499 53 351 440 122 498 2 475 142 29 426 347 291 425 281 20 106 443 280 303 232 158 489 488 316 362 43 255 286 269 344 491 138 99 6 271 467 48 314 445 308 376 15 47 175 440 182 85 434 375 247 412 144 433 372 294 198 363 478 377 265 184 35 305 62 451 119 22 160 481 101 366 262 75 492 353 483 498 48 180 483 19 500 33 109 276 497 112 235 400 50 59
89 49 274 88 203 5 261 368 321 52 36 360 250 418 104 325 301 319 161 34 205 241 153 203 426 154 295 139 139 303 318 264 73 144 5 203 318 432 28 330 285 233 336 93 44 2 441 434 65 251 135 292 196 274 181 175 376 39 198 35 247 320 148 456 271 32 414 6 487 50 98 325 136 300 250 133 398 126 481 359 53 165 223 458 41 125 261 202 454 230 420 340 191 112 351 373 53 418 13
463 93 416 358 259 212 282 379 322 129 269 455 175 478 28 433 227 62 90 114 341 489 454 368 56 76 377 181 102 98 323 48 251 188 416 167 122 266 434 317 467 394 471 491 256 199 140 430 108 367 460 199 36 462 430 161 111 401 177 184 318 334 2 59 333 275 498 241 464 275 351 482 306 89 61 143 140 103 219 291 32 296 438 1 370 472 14 352 108 33 471 455 218 114 318 448 425 72 125
66 183 103 169 87 246 470 28 152 245 30 66 206 140 441 80 405 306 411 367 312 74 317 348 41 113 295 428 330 249 261 384 274 65 376 235 97 293 72 499 428 452 172 464 30 427 252 232 319 399 106 12 448 343 278 81 480 87 454 273 132 456 107 270 125 352 88 7 36 219 204 230 77 51 109 227 233 460 190 124 443 252 457 424 237 489 370 480 35 115 354 74 450 146 3 301 445 263 377
128 253 451 220 410 265 255 409 351 494 453 319 474 13 2 381 481 43 162 394 444 164 318 476 493 353 154 235 26 183 159 275 244 124 390 125 87 131 354 274 253 169 30 172 119 392 87 327 199 445 397 452 344 339 365 8 166 71 498 264 343 427 150 291 3 221 352 472 438 374 391 283 343 238 116 472 490 116 422 82 341 435 373 252 283 433 169 345 276 196 400 316 45 432 75 216 261 492 66
323 468 153 484 135 262 63 378 298 266 178 276 251 205 470 422 174 223 70 200 500 339 22 91 258 180 433 72 478 448 439 145 109 280 49 481 337 421 321 233 437 221 118 236 375 415 293 391 41 129 46 48 2 370 347 83 324 423 6 223 113 316 117 399 68 419 7 368 149 272 237 202 407 327 251 427 435 221 223 201 285 406 467 355 284 212 187 172 97 143 337 136 180 130 114 311 187 166 490
374 178 277 464 497 464 122 63 253 408 211 188 142 246 160 307 209 181 274 200 387 389 451 343 273 162 175 171 297 491 172 372 138 108 141 400 381 159 451 348 392 315 389 383 351 86 210 170 119 287 178 286 445 351 82 334 233 114 81 178 164 294 69 222 327 320 9 163 158 294 388 385 379 205 341 208 319 218 460 46 163 412 478 43 105 446 41 262 415 59 128 425 373 492 283 136 183 292 425
64 437 373 100 222 268 135 177 189 300 25 185 253 494 433 387 363 266 483 246 496 281 325 242 39 349 385 473 200 285 393 108 222 198 491 444 95 280 132 27 109 265 463 83 106 308 353 299 273 406 320 216 116 488 500 40 483 194 144 76 240 8 173 470 390 36 54 309 409 421 485 432 328 58 327 96 89 385 384 351 318 451 20 262 378 206 290 91 323 121 184 409 215 240 456 342 133 176 85
390 186 438 48 364 57 357 373 114 243 249 405 480 129 487 100 281 245 98 105 242 366 355 228 384 282 184 216 371 303 343 414 255 248 10 9 147 18 170 86 91 225 9 495 329 186 496 53 381 344 51 252 410 204 311 385 338 193 73 69 136 70 330 155 72 342 9 7 136 345 203 425 47 358 130 478 29 297 252 259 344 363 29 116 308 230 194 396 458 184 145 101 91 367 69 245 252 483 203
447 137 55 427 88 376 21 39 377 303 47 192 167 322 163 157 101 153 200 450 145 31 168 227 244 428 294 369 258 487 304 391 461 121 396 183 405 401 66 115 496 291 107 214 45 212 298 242 407 282 17 216 165 17 113 299 171 191 224 53 269 388 259 305 252 213 12 88 300 195 229 194 470 272 235 89 176 486 256 474 416 107 156 126 395 219 150 20 434 350 404 320 269 389 17 296 463 302 484
406 239 290 45 247 268 133 244 334 324 229 42 379 191 22 118 332 69 85 90 156 213 180 122 214 379 22 413 469 481 168 233 295 289 496 367 286 188 256 461 304 53 48 163 116 316 92 94 236 49 438 148 414 68 277 439 271 183 246 84 415 301 482 493 159 66 185 444 395 161 450 68 191 252 450 403 466 24 211 78 262 88 13 350 142 199 114 76 277 401 433 451 246 109 229 115 392 251 15
374 435 27 227 280 252 357 14 241 311 279 92 481 439 158 26 231 37 102 206 55 148 386 403 463 352 367 187 234 54 44 177 128 472 252 9 498 59 2 249 235 21 4 194 266 447 252 423 77 28 325 336 185 236 128 267 20 123 376 381 37 74 8 284 111 114 163 498 384 406 131 393 206 460 367 369 133 210 223 43 205 316 470 447 378 90 323 61 272 191 497 77 443 237 423 43 238 398 193
475 17 386 100 199 119 452 267 231 470 328 110 237 272 204 22 131 362 18 21 307 392 266 8 484 8 171 412 90 408 20 183 68 177 292 329 334 261 317 112 282 84 329 326 254 470 178 99 227 142 436 163 56 24 196 149 110 263 156 275 112 233 142 227 131 180 338 82 289 93 355 290 356 19 217 93 381 447 156 389 1 434 199 25 29 167 169 208 233 56 258 43 210 471 494 323 172 422 201
366 296 53 379 212 331 375 296 50 359 462 241 126 277 74 190 329 444 499 59 236 60 265 313 415 56 237 377 91 106 274 232 318 13 135 79 255 469 309 434 131 140 301 182 432 311 175 22 316 342 465 22 18 391 301 195 301 35 32 318 205 237 393 314 10 150 264 381 252 251 228 383 205 200 221 488 335 58 74 478 54 372 467 30 183 346 336 381 34 227 291 430 360 408 497 307 386 460 413
497 112 483 8 46 236 333 74 347 436 372 54 382 60 497 431 174 97 432 31 445 334 196 155 24 166 242 80 451 355 395 247 204 171 28 32 465 243 312 353 82 373 58 196 424 8 188 215 19 428 128 140 252 380 403 342 498 496 327 448 459 238 161 248 495 261 136 62 361 236 220 299 370 147 220 449 24 243 469 312 147 239 350 22 81 462 239 191 180 255 1 329 296 432 273 470 44 284 381
186 212 24 437 174 468 120 70 338 360 82 458 449 333 51 126 406 428 417 309 108 376 158 191 437 385 270 382 450 256 461 118 319 357 87 454 76 313 453 268 162 246 176 181 500 392 242 248 146 359 208 173 74 331 174 223 87 214 6 239 168 287 64 196 380 497 96 308 68 179 402 294 173 68 312 441 290 436 145 497 120 158 404 384 281 250 323 473 219 419 401 131 259 418 277 201 145 173 65
323 315 398 35 178 401 423 250 496 460 41 343 45 438 375 5 160 386 387 164 176 199 411 232 104 118 257 247 24 491 477 189 246 371 133 72 307 80 221 155 47 356 54 481 333 62 369 156 209 126 394 144 186 110 487 126 301 105 383 58 453 183 466 83 347 120 251 26 307 172 59 87 289 209 170 48 290 442 305 483 199 80 211 414 10 157 348 203 113 133 26 186 201 448 96 345 151 141 467
456 406 163 43 408 430 380 159 104 30 422 367 288 317 422 111 439 151 32 175 342 462 255 353 57 357 296 299 170 49 478 51 223 106 185 371 481 192 267 209 112 476 467 85 166 87 51 15 40 371 368 178 363 444 491 182 254 227 78 469 196 326 224 91 206 477 455 456 252 200 403 243 383 344 209 33 6 202 449 242 122 231 113 459 268 436 40 34 210 7 193 159 215 320 346 377 93 126 186
330 391 391 15 193 176 94 432 353 24 268 130 179 391 498 447 342 190 116 2 31 41 362 312 176 413 485 120 248 166 479 87 106 289 227 448 24 362 155 247 103 10 466 32 288 434 35 325 97 56 35 411 18 382 69 350 291 160 168 198 227 481 494 436 479 479 72 299 437 445 451 315 445 205 454 401 61 132 301 194 91 457 329 159 63 219 70 5 459 216 420 163 213 416 476 241 198 213 173
491 121 271 101 119 81 16 262 490 408 24 159 101 335 319 377 484 381 272 153 67 99 269 244 114 227 214 23 490 229 313 103 205 433 404 40 227 255 200 92 75 115 152 146 313 286 325 237 184 118 314 249 339 425 250 112 77 147 495 477 92 463 300 425 83 162 340 41 483 199 21 69 103 440 173 234 261 194 104 103 407 242 423 84 88 330 139 273 447 494 220 2 21 71 20 398 32 244 178
252 461 354 80 251 296 231 48 419 20 405 413 310 60 330 498 76 404 427 136 487 64 4 253 398 421 228 221 157 56 220 347 394 459 246 273 149 454 5 488 361 496 496 105 106 400 64 131 500 72 158 365 296 231 230 114 423 469 455 260 417 370 245 277 144 253 376 72 373 385 257 17 330 74 81 1 307 450 317 297 410 348 85 152 71 361 19 210 20 407 201 389 54 304 439 499 239 34 94
245 290 130 248 337 225 267 206 191 327 279 443 172 325 48 2 83 500 418 14 90 37 492 224 80 154 456 219 38 472 203 377 65 336 465 14 231 476 119 279 76 279 125 436 215 481 433 107 159 254 36 25 430 261 234 205 385 226 221 480 235 52 10 111 296 336 337 255 479 241 138 230 212 151 139 472 200 420 392 333 110 195 177 200 188 229 157 337 204 33 243 65 164 360 241 346 311 205 180
487 223 308 472 129 359 390 134 450 183 259 257 148 308 386 145 278 149 249 435 280 179 143 67 173 429 207 108 435 465 89 181 351 174 399 75 65 24 117 281 135 45 235 295 413 458 9 136 15 86 360 368 418 121 436 202 110 197 472 236 219 332 311 363 341 302 406 143 484 195 283 221 403 256 494 382 59 315 385 397 453 367 423 378 27 285 393 174 148 404 342 26 313 109 49 462 126 413 180
142 371 4 356 247 445 321 485 26 499 267 95 61 151 104 159 349 171 48 375 189 465 81 148 18 359 180 44 314 469 156 371 77 469 49 416 324 369 207 189 485 259 18 470 341 172 293 229 202 384 294 176 122 201 40 409 129 63 20 368 380 365 181 227 170 439 166 382 12 366 351 61 295 74 361 331 387 461 131 129 239 443 135 486 4 230 408 187 347 131 38 436 28 346 30 20 397 437 234
481 466 151 23 330 136 314 250 163 232 380 155 325 126 97 121 149 46 353 311 184 379 116 400 112 328 391 308 15 175 258 431 455 68 276 469 348 160 494 330 200 466 455 452 114 4 72 307 377 311 191 361 470 258 244 349 205 185 321 11 225 328 30 84 118 175 415 463 78 57 349 48 123 304 413 195 92 121 265 262 382 343 142 121 322 411 155 317 383 68 440 285 333 338 387 23 277 224 421
161 39 343 97 38 215 134 268 376 29 379 324 300 92 488 402 155 81 328 132 182 122 4 403 75 320 396 423 209 310 180 464 113 67 479 148 241 298 153 413 185 418 379 236 441 86 196 96 143 331 221 471 435 226 28 299 255 171 215 478 220 427 137 327 461 103 245 36 385 420 140 73 313 291 301 440 61 127 378 332 62 220 15 331 119 264 173 224 153 410 198 484 210 240 463 31 169 322 413
210 391 439 427 223 383 420 293 156 217 362 477 310 353 147 391 11 137 212 103 349 486 46 356 66 104 142 62 81 338 322 218 431 144 288 8 468 155 414 485 274 342 463 297 29 391 106 187 443 206 89 120 324 54 182 316 281 428 187 275 477 238 473 302 62 198 373 327 176 358 283 447 74 409 27 359 113 113 465 260 142 318 224 374 304 443 201 369 160 99 47 9 411 235 194 359 130 354 213
327 312 357 498 427 176 371 2 75 120 388 47 475 436 398 329 117 355 198 400 266 458 45 147 374 238 263 271 216 5 219 148 212 331 286 437 393 358 287 203 227 417 325 196 495 131 322 457 302 360 363 362 358 257 352 139 11 189 217 81 407 397 479 164 452 466 415 55 250 125 132 436 438 404 87 376 143 119 279 353 141 486 34 291 396 64 204 344 164 41 12 363 120 93 418 191 402 473 4
413 36 102 295 11 355 448 101 446 103 372 300 402 28 7 377 448 248 412 93 185 68 316 8 274 377 362 156 78 326 161 258 492 381 252 307 295 425 24 148 138 172 65 386 406 117 371 43 156 43 144 185 177 450 79 366 54 435 81 156 328 366 216 469 83 48 23 384 57 374 218 21 351 323 279 225 353 215 76 390 492 349 150 360 154 439 69 231 180 494 240 1 429 495 249 66 307 134 451
165 240 421 238 165 430 49 190 129 106 289 264 188 297 478 333 91 277 184 244 36 438 135 192 89 252 325 318 260 448 219 287 79 492 151 29 8 128 410 35 408 366 248 3 48 238 174 84 223 423 155 23 415 42 371 397 314 462 155 171 415 393 123 311 482 201 470 139 100 66 189 254 107 54 324 411 39 471 388 409 21 402 100 353 33 148 350 75 303 17 350 422 91 397 267 199 209 313 308
426 271 221 58 87 234 217 401 88 451 430 66 363 360 392 393 68 328 413 184 179 420 84 382 14 311 91 36 81 352 359 494 166 164 395 40 410 105 428 266 14 422 199 80 265 464 62 225 471 23 39 165 278 109 369 254 12 84 474 46 142 80 286 14 121 73 2 343 445 315 225 282 500 461 162 496 448 197 158 469 209 339 358 183 494 236 97 413 186 372 334 127 500 413 486 44 98 383 104
78 474 90 322 71 138 168 92 369 87 39 65 113 339 476 105 349 380 257 477 178 118 352 333 97 226 346 315 286 255 242 324 196 150 352 447 58 435 260 56 177 280 102 237 398 416 7 423 53 468 233 102 286 65 48 254 349 387 133 438 153 357 339 136 196 130 25 223 238 210 262 325 335 238 233 27 408 271 372 162 242 318 96 27 20 202 15 69 253 371 112 456 128 111 297 160 261 10 301
273 389 63 136 224 292 100 478 229 130 241 85 6 15 265 69 1 316 326 134 187 349 168 254 185 50 414 164 44 332 198 190 333 313 9 437 339 166 494 27 325 419 33 454 280 397 85 250 69 75 260 37 389 137 480 18 42 355 223 59 311 447 88 444 385 39 41 327 367 261 208 211 388 250 41 406 201 75 200 269 241 267 341 108 474 81 341 405 13 142 407 448 86 264 204 24 75 129 17
85 281 200 404 315 140 217 222 196 84 362 50 237 288 337 2 235 92 199 86 297 431 395 85 26 194 343 393 381 250 434 431 39 292 485 497 241 477 306 491 444 310 286 307 33 15 473 32 358 251 314 184 372 144 212 335 437 342 339 34 387 39 238 211 472 225 222 169 144 96 134 238 375 57 402 275 251 139 405 38 310 95 69 454 8 137 249 158 230 205 407 203 51 11 212 377 101 204 38
382 269 265 487 369 439 305 78 390 204 500 318 402 322 49 299 166 498 145 427 22 95 143 150 283 206 266 82 348 217 26 190 488 327 429 79 454 87 431 437 192 112 157 400 412 26 12 392 389 75 454 269 380 245 360 178 129 199 439 198 85 74 341 396 385 305 170 299 500 257 241 292 168 176 494 363 438 45 30 394 423 101 154 25 263 343 427 357 128 255 50 354 137 98 79 52 110 332 375
274 235 337 403 253 1 344 169 381 396 135 252 407 330 195 219 160 92 58 159 418 418 423 54 267 482 357 212 500 352 253 102 443 177 243 448 122 30 161 32 337 271 109 480 281 497 117 47 425 147 427 231 212 147 175 297 224 461 97 3 161 446 158 251 398 394 295 245 411 194 307 393 376 341 149 393 422 457 447 125 87 171 449 294 182 131 392 124 352 343 486 434 204 110 18 244 366 154 428
39 420 487 393 325 392 103 221 27 304 144 263 252 240 15 238 98 425 178 374 319 466 207 58 86 139 208 379 229 261 404 443 246 491 229 125 98 272 459 142 39 158 367 498 486 88 424 213 86 149 142 126 191 207 192 77 211 296 223 95 120 400 337 483 498 99 352 386 177 455 242 371 360 220 126 137 223 415 447 114 354 304 89 306 3 303 292 457 12 250 443 184 308 421 487 39 425 268 64
219 191 313 416 355 37 402 157 237 35 347 462 333 67 213 175 447 127 66 454 203 443 183 381 319 56 391 329 305 338 16 82 467 173 357 160 267 439 154 460 301 130 48 364 241 444 336 275 63 330 288 34 492 226 479 352 245 430 95 326 273 288 248 422 328 145 216 6 363 444 27 34 28 68 221 34 361 246 107 186 452 477 230 188 105 123 457 397 398 459 328 144 332 411 279 486 378 318 86
315 209 488 282 165 420 88 82 47 87 25 430 456 477 253 72 259 191 347 367 207 424 303 220 146 353 123 185 413 175 129 230 171 364 61 145 107 1 474 97 45 69 5 418 475 225 119 336 267 52 61 313 137 154 87 440 386 252 195 6 390 282 306 265 183 275 147 60 279 50 22 243 348 422 92 182 94 367 274 224 33 482 231 79 208 258 47 357 343 280 490 54 190 132 403 354 129 239 255
189 215 355 30 251 9 121 168 275 218 462 313 185 220 409 324 27 311 394 320 44 449 173 233 256 51 246 171 219 218 392 421 485 355 356 432 269 252 473 343 105 192 372 45 393 387 216 291 163 493 321 13 42 144 409 238 115 117 117 274 328 248 88 294 8 266 80 428 428 373 85 248 51 368 145 254 27 441 443 487 108 204 481 392 223 415 157 20 100 28 225 446 226 353 316 142 262 378 426
233 449 150 288 394 260 315 248 320 147 193 358 134 467 14 370 395 347 118 109 114 476 194 173 357 97 23 107 493 402 168 59 472 429 428 366 221 184 125 331 450 78 325 93 227 337 393 177 172 212 402 28 234 93 95 149 495 481 202 275 293 353 380 359 77 186 443 433 344 209 264 486 137 4 477 183 382 304 431 22 13 338 207 277 403 208 288 180 418 439 356 350 377 465 270 418 42 191 257
24 27 253 43 110 166 181 467 299 472 100 451 389 294 90 19 6 398 385 329 196 279 42 208 120 87 369 394 423 169 144 136 407 343 404 458 132 219 125 264 231 20 472 117 213 22 225 7 94 55 442 133 274 118 465 365 217 94 409 148 479 106 121 325 137 16 280 102 132 15 404 244 490 10 351 64 375 121 273 249 293 155 11 196 272 184 233 442 72 254 271 390 180 349 470 498 43 143 280
160 401 319 237 285 72 44 391 116 367 132 401 56 175 459 241 295 376 44 200 104 444 306 123 326 243 158 66 61 235 486 46 32 436 178 110 455 103 404 430 207 365 6 426 408 72 100 195 54 202 387 373 215 205 119 146 334 189 391 70 450 416 288 317 51 273 464 354 74 300 50 192 337 429 131 272 121 272 402 470 104 490 431 220 35 293 495 422 111 265 301 165 15 48 41 209 229 410 385
54 30 359 432 259 381 71 43 256 48 331 456 119 289 86 339 106 291 32 350 326 398 423 61 345 30 390 119 490 265 32 157 198 267 172 219 62 1 347 468 344 327 120 388 258 391 371 300 463 390 290 205 336 166 175 368 37 322 208 61 292 254 144 84 47 486 292 160 493 440 454 248 451 34 208 418 103 323 220 5 341 458 70 157 346 12 52 430 224 173 203 148 345 424 368 49 262 284 89
461 291 230 195 4 225 84 59 236 160 207 481 207 479 50 281 499 112 469 299 306 272 394 49 303 132 321 377 228 279 389 115 484 20 474 133 388 27 194 113 186 35 95 196 291 70 108 159 188 193 92 424 85 237 366 236 51 272 281 291 329 96 9 236 493 400 486 359 269 212 416 252 286 150 201 78 261 129 165 327 247 77 333 451 394 173 288 365 81 414 333 277 244 20 308 383 314 212 465
367 377 30 82 351 9 165 331 278 206 64 253 284 61 106 296 479 32 326 162 434 76 250 315 180 342 304 423 69 361 218 139 347 91 247 163 68 19 490 318 85 250 121 392 302 367 38 476 417 371 148 412 422 275 25 160 336 335 396 36 232 241 15 10 440 217 253 329 284 117 283 466 110 181 40 321 46 281 22 143 333 346 247 35 449 349 438 489 362 90 270 241 368 101 42 402 398 439 8
45 444 381 474 440 332 462 202 236 70 216 262 488 489 406 312 438 196 106 11 184 90 446 347 168 283 326 101 369 228 116 480 175 75 151 254 446 352 198 380 410 118 380 199 308 324 88 431 127 315 324 264 96 259 331 236 499 34 115 110 421 284 238 42 492 392 381 353 312 494 40 16 466 233 338 267 403 437 285 108 8 178 26 172 103 145 415 460 159 310 68 361 324 66 72 94 348 324 96
211 406 312 485 114 241 2 283 10 158 281 260 492 461 187 223 302 495 41 259 325 134 360 263 240 25 165 207 195 44 89 478 228 70 407 256 190 112 166 221 473 83 291 490 324 150 201 452 170 128 229 427 157 238 155 191 38 326 87 329 392 197 173 7 165 7 166 449 26 451 192 231 375 121 37 351 416 20 297 498 294 268 249 232 226 471 86 382 392 292 245 485 293 392 361 477 300 49 220
388 71 68 164 377 75 194 396 11 223 298 465 140 414 60 399 255 194 454 362 434 351 160 113 153 471 348 163 294 143 207 391 209 293 127 28 199 303 375 387 21 207 327 432 155 271 366 352 404 85 112 20 25 371 30 314 193 289 219 499 111 220 144 432 171 33 175 79 457 19 160 43 21 417 435 85 492 297 19 453 250 254 123 322 203 204 373 203 271 499 423 371 87 372 410 405 350 208 299
499 281 427 351 114 286 452 176 214 239 327 203 438 284 356 33 6 68 27 28 399 39 277 145 204 426 121 406 352 377 198 333 302 499 233 281 177 276 77 391 452 197 145 169 166 84 188 5 434 375 193 31 197 457 305 343 489 423 490 262 304 238 105 111 92 460 13 347 151 373 192 314 282 391 227 499 19 481 133 269 372 160 9 299 490 299 200 232 318 451 106 104 21 331 103 457 292 448 171
283 420 236 233 476 494 232 463 145 293 378 419 187 221 406 140 449 2 248 148 178 223 407 162 442 225 160 297 170 83 70 489 183 286 126 377 189 339 171 346 353 29 489 389 63 198 93 385 224 381 226 452 172 138 79 456 30 48 172 380 465 131 337 403 347 298 163 242 248 348 81 363 482 420 144 464 186 340 77 166 253 30 183 358 61 120 139 335 125 30 119 182 61 401 455 196 248 489 36
285 296 486 289 478 123 18 255 220 404 496 334 123 63 254 94 438 335 27 252 476 324 47 165 486 367 243 256 385 449 377 452 365 344 65 232 423 75 473 406 97 312 9 157 10 50 345 356 119 429 464 94 116 492 151 490 424 154 38 294 172 349 393 301 214 48 60 38 192 74 13 106 379 82 35 68 135 311 345 247 72 382 402 122 494 341 500 345 472 305 209 268 369 253 182 44 301 133 295
119 95 363 362 186 226 23 138 96 220 364 194 201 414 487 302 202 130 211 128 223 384 328 355 221 26 166 281 57 11 255 5 269 298 21 333 213 415 24 354 333 125 468 24 248 29 487 177 122 196 374 368 386 62 375 162 4 54 113 28 232 32 420 442 108 461 254 129 438 487 30 298 295 338 28 370 244 292 225 155 335 365 427 330 387 463 25 271 419 229 96 349 22 465 283 289 256 221 235
356 9 397 18 266 290 420 496 408 306 238 198 116 99 483 190 467 454 163 132 463 193 118 199 173 32 214 205 496 133 247 260 258 147 76 352 185 239 463 280 30 188 307 442 475 484 107 249 170 450 178 170 160 188 244 212 272 172 463 159 67 390 204 276 3 476 122 122 223 260 264 83 370 258 336 158 264 29 327 5 283 232 120 361 334 225 355 30 2 216 374 413 472 75 169 2 278 383 196
94 301 409 56 356 344 288 394 11 158 308 232 263 393 398 56 74 2 437 206 128 39 426 331 274 190 386 480 115 475 295 235 398 95 219 475 81 11 144 205 326 95 74 155 439 249 477 368 255 140 134 261 77 364 442 397 105 500 340 426 393 181 141 434 495 352 449 482 139 444 365 128 359 289 80 128 156 339 324 449 500 360 492 419 316 53 76 387 398 19 16 47 124 374 365 162 182 217 371
397 438 192 328 110 123 367 75 410 447 299 53 252 233 31 354 259 29 101 92 319 152 408 401 289 98 140 475 375 86 363 138 334 337 152 128 148 369 196 246 14 348 214 209 81 490 262 230 357 223 312 456 9 60 146 275 140 6 201 327 218 373 398 114 452 418 240 286 109 259 336 111 435 330 136 170 141 448 74 238 311 310 172 316 211 449 441 310 79 1 54 195 468 428 49 401 318 25 356
414 22 353 219 388 78 272 468 418 232 246 312 457 411 345 348 4 171 104 212 429 458 199 453 437 102 146 264 131 95 139 36 64 46 9 190 189 149 376 144 22 419 256 220 62 473 427 393 302 103 229 16 447 256 491 225 178 407 74 179 130 30 99 61 442 32 344 488 188 402 428 286 496 315 442 482 314 385 166 337 471 59 224 393 479 413 348 191 44 91 418 375 223 165 97 254 389 284 457
387 433 113 331 94 29 337 286 400 331 339 376 262 454 457 9 184 182 311 485 17 47 320 495 48 360 142 344 176 217 455 183 177 52 481 435 134 375 79 283 258 3 33 403 473 63 321 340 145 215 319 443 45 160 164 213 321 238 424 480 460 361 289 214 418 377 121 346 212 405 470 290 250 76 382 401 192 183 366 240 137 120 485 150 247 422 98 267 102 360 470 379 468 22 331 114 116 126 448
303 193 93 210 152 194 474 459 209 467 427 207 185 368 474 46 423 133 60 328 97 482 434 441 97 291 312 100 45 391 386 363 422 42 250 31 375 418 497 14 494 457 35 1 416 271 170 486 470 145 466 131 224 295 442 256 246 235 135 32 376 470 272 373 224 261 223 404 26 248 411 103 66 312 474 231 425 331 331 315 51 76 86 24 466 41 167 131 482 174 238 183 290 246 80 263 150 472 418
345 222 340 120 205 340 331 374 23 88 127 72 416 355 352 31 155 339 224 387 42 296 158 41 97 170 448 44 251 75 140 329 151 114 29 190 330 480 369 452 130 84 199 13 329 438 351 182 481 343 5 485 425 49 160 285 166 471 389 388 497 102 173 152 55 12 64 116 212 412 319 236 351 341 413 223 270 8 160 386 406 168 332 381 337 319 418 328 338 172 4 133 422 336 329 139 379 87 144
378 127 481 463 353 391 318 331 306 105 57 299 221 108 331 487 63 176 78 468 330 424 87 303 110 312 101 415 363 249 116 430 365 18 167 306 129 111 130 9 142 429 239 161 415 333 354 344 96 447 383 368 408 276 289 225 168 435 21 7 193 443 180 421 68 191 387 390 1 128 415 35 245 116 22 227 430 91 395 280 409 299 50 334 140 381 193 477 500 392 390 415 37 123 105 378 466 192 174
74 91 467 341 256 97 140 467 141 339 156 224 99 256 4 221 500 66 232 295 226 343 457 330 251 493 47 29 144 323 287 147 219 335 134 87 82 384 153 270 299 199 37 65 66 47 290 327 163 39 217 354 481 170 309 82 46 152 296 13 116 290 411 278 328 305 444 443 307 470 421 371 188 459 355 148 7 312 397 158 198 384 64 288 118 184 143 63 335 19 196 360 422 235 315 419 4 125 298
256 189 453 436 123 200 474 231 115 33 37 493 66 209 53 307 108 196 430 380 396 338 426 313 197 462 465 427 242 320 122 342 464 64 331 7 214 378 346 21 155 282 337 337 391 61 246 384 479 318 487 461 431 414 379 104 432 202 204 427 491 392 272 314 61 170 352 188 416 220 13 209 419 143 374 15 204 157 117 500 6 162 360 486 174 92 142 357 116 280 17 305 303 286 488 245 51 406 15
112 436 85 37 148 139 141 156 280 305 167 387 200 166 325 289 493 148 10 227 425 328 467 428 346 365 58 83 12 44 317 349 381 358 416 363 41 362 427 256 91 442 464 4 171 160 458 119 109 309 378 483 394 485 20 389 118 379 145 467 13 434 157 38 252 46 216 139 103 320 298 308 394 156 14 179 221 136 187 334 397 310 425 238 324 473 48 397 389 457 57 245 375 335 69 65 174 188 1
202 35 353 477 182 382 132 327 87 154 107 107 371 229 459 194 90 362 6 392 84 171 186 204 468 159 5 240 45 496 176 415 182 104 164 249 290 273 473 446 424 166 217 292 429 264 131 119 445 219 426 243 101 470 412 269 184 415 306 380 220 471 67 164 419 101 216 108 100 136 447 201 485 201 229 474 396 219 245 125 48 101 264 66 339 421 468 288 143 459 65 29 104 384 132 463 473 15 81
461 485 214 94 434 465 361 335 494 195 262 408 63 184 438 461 467 308 469 266 478 106 423 216 164 214 238 301 211 219 182 456 37 448 446 376 95 146 447 200 92 419 462 500 334 423 127 317 304 69 124 397 90 104 124 387 113 15 63 17 143 29 91 493 161 228 179 212 289 457 358 259 317 288 438 220 248 12 498 321 206 349 238 216 407 489 278 312 30 402 148 296 128 270 75 194 9 374 368
253 136 62 305 310 403 124 167 155 194 375 358 325 98 491 300 366 34 143 196 204 62 92 266 465 218 384 140 318 359 420 400 51 500 267 174 390 41 26 281 468 329 32 155 112 429 368 295 249 403 404 130 137 40 53 278 424 3 178 338 181 446 55 166 105 246 34 103 45 290 464 81 216 382 174 421 439 217 455 140 354 306 199 432 165 374 390 69 3 132 256 374 244 9 48 486 460 187 252
51 251 310 121 124 111 348 17 208 43 277 53 44 87 114 173 204 241 322 336 60 336 37 350 181 312 320 208 141 266 265 147 458 342 325 259 20 200 152 384 208 265 154 303 353 150 347 335 361 426 426 284 126 426 246 145 154 332 238 221 100 249 206 363 330 390 410 45 75 143 458 14 31 490 184 338 389 151 108 383 374 263 352 106 379 150 25 179 279 164 322 495 76 493 477 179 88 116 393
410 75 495 59 1 228 324 221 424 74 54 91 103 63 469 19 280 375 434 393 408 265 175 462 32 128 226 5 179 138 364 414 287 407 196 26 174 142 78 344 131 400 278 59 227 99 166 271 469 98 256 277 406 374 184 73 196 283 131 264 183 307 468 256 341 483 349 312 162 188 277 24 116 214 304 396 483 417 411 359 342 273 94 239 269 402 65 122 241 97 364 141 438 125 345 179 390 218 366
453 461 147 121 152 9 180 277 337 432 176 133 122 39 442 146 84 147 321 399 127 432 186 288 151 207 76 182 426 5 384 384 6 53 486 158 397 145 328 11 118 43 228 113 141 100 474 155 364 313 234 255 300 121 222 54 338 307 274 104 218 35 26 118 296 336 91 185 246 362 197 112 496 373 494 402 116 7 419 46 345 375 207 88 359 219 279 9 459 493 207 414 480 130 24 145 223 484 135
