35 100 100
2 48 50 48 98
5 99 42 93 36 85 36 85 36 76 27
7 4 3 67 3 45 3 55 13 24 44 39 44 89 94
5 89 97 11 97 65 97 56 88 74 88
11 21 97 21 61 49 33 49 73 49 41 50 42 50 72 50 78 45 73 72 46 23 46
4 96 83 79 66 79 13 77 11
7 22 36 22 55 9 55 54 55 54 91 54 59 54 11
8 65 78 65 18 21 18 21 91 21 37 53 37 74 37 74 40
11 64 20 64 33 64 68 64 25 49 40 49 54 64 54 64 93 66 95 39 68 81 26
5 65 68 37 68 37 29 37 17 52 32
3 4 70 4 11 94 11
9 63 68 63 10 4 10 4 93 21 76 21 11 21 56 52 25 52 37
10 45 32 67 32 60 39 60 56 63 56 34 85 51 68 7 68 7 57 17 47
9 79 69 79 1 33 1 33 62 33 22 14 3 22 11 95 11 95 50
9 58 74 58 78 64 72 64 99 21 99 21 26 36 26 20 10 37 10
11 32 69 53 90 46 97 46 43 46 60 46 13 10 13 10 50 56 4 56 89 26 59
8 42 90 42 30 39 30 23 30 2 51 2 5 2 42 68 42
2 77 51 7 51
7 49 36 49 4 62 17 74 29 88 43 62 17 62 0
4 23 48 23 60 89 60 89 38
6 52 82 52 63 52 33 52 5 57 10 66 1
3 43 10 39 14 76 14
6 21 1 3 19 3 70 3 70 19 86 23 90
10 33 49 33 69 33 37 33 94 50 77 50 36 50 96 50 98 50 98 50 95
3 15 14 83 14 83 93
5 32 78 44 66 44 11 44 23 44 40
5 82 2 48 36 48 61 62 47 62 63
4 40 77 30 77 30 62 30 67
3 38 78 38 78 38 4
7 52 88 11 47 34 70 34 7 20 7 39 7 39 26
3 61 93 61 32 81 32
3 83 94 83 64 76 71
2 46 52 46 5
4 74 20 78 24 37 65 20 48
8 41 29 75 29 37 67 47 67 13 33 41 5 52 16 48 12
