100 100 100
10 98 72 98 59 98 79 98 98 98 57 22 57 22 11 22 26 40 44 22 44
7 89 64 66 64 66 70 44 48 16 20 18 22 66 70
6 51 11 51 62 51 87 62 98 79 81 42 65
4 68 17 68 96 68 22 64 22
5 33 5 33 1 33 8 60 8 81 8
9 68 4 68 51 67 51 44 74 44 50 77 17 77 86 77 44 77 57
2 0 26 0 47
8 23 19 23 57 23 91 29 91 0 91 0 87 78 87 78 88
10 15 92 15 56 15 98 35 78 35 32 11 32 11 32 11 66 73 66 64 57
11 99 18 99 52 99 25 99 22 99 22 99 49 99 97 99 5 99 67 55 67 77 89
2 49 95 59 85
10 93 70 0 70 98 91 69 62 59 52 42 35 42 7 42 64 42 82 42 60
4 38 13 35 10 35 21 35 55
2 41 5 9 37
8 79 54 79 32 43 68 43 96 52 96 52 24 52 93 52 17
7 37 64 71 30 95 6 99 10 99 14 99 99 99 1
9 23 15 23 94 70 94 70 6 30 46 73 3 73 83 93 63 92 63
8 27 46 27 59 27 47 27 16 27 99 0 72 17 72 18 71
2 73 41 73 78
11 23 14 23 97 21 99 21 6 28 6 0 6 0 10 0 19 0 25 0 19 44 63
3 85 14 85 12 85 21
9 95 61 95 60 95 41 22 41 31 32 9 32 40 32 60 12 60 51
5 74 79 28 33 75 33 60 18 65 23
9 67 6 67 88 67 37 6 37 6 37 10 33 10 37 10 57 38 57
6 51 67 51 97 51 6 2 55 86 55 33 55
2 94 94 94 52
9 2 62 2 6 38 6 38 37 38 88 38 33 38 73 24 73 24 10
8 72 68 72 23 56 23 73 23 73 23 67 29 67 73 67 51
6 87 41 94 48 94 88 94 85 13 85 13 48
2 0 17 92 17
10 15 40 2 53 33 22 33 98 21 86 29 94 79 94 85 88 85 35 29 35
7 88 83 88 96 42 50 0 50 0 97 91 97 91 68
8 71 20 71 58 75 58 75 64 94 45 94 48 67 21 16 21
5 78 66 86 58 8 58 51 58 71 78
2 84 20 84 70
8 78 63 28 63 28 1 28 23 28 22 28 82 64 46 64 22
10 75 26 75 87 37 49 14 72 14 61 63 12 63 30 72 30 38 64 71 64
2 80 21 80 20
11 13 56 84 56 84 56 8 56 8 86 8 36 39 5 18 26 40 48 86 2 86 62
4 45 1 48 1 48 71 48 40
4 57 83 41 83 2 83 46 83
3 8 57 8 39 8 49
6 32 64 61 93 61 70 80 89 80 95 76 91
9 1 99 95 99 95 91 95 25 33 25 59 25 55 29 73 47 73 5
11 63 42 23 82 32 82 56 58 67 69 67 55 5 55 5 45 9 45 9 56 9 8
11 34 48 36 50 36 52 36 47 36 37 16 37 9 37 4 32 84 32 84 12 48 48
6 2 86 2 38 2 88 0 88 3 85 66 85
8 66 1 66 39 66 55 13 55 13 14 17 10 17 94 60 51
10 78 50 11 50 11 91 11 60 11 21 11 12 23 24 55 56 55 33 16 72
5 21 4 27 4 27 16 27 76 32 71
2 56 95 3 95
3 16 25 16 8 21 13
7 10 36 39 36 39 34 90 34 53 34 36 34 50 34
7 79 72 72 65 60 65 34 91 34 31 75 31 2 31
6 62 27 62 29 18 73 56 35 56 5 47 22
7 49 98 42 91 12 61 12 54 70 54 29 54 29 91
11 62 44 47 59 90 16 76 30 76 27 76 1 58 19 44 5 44 40 44 92 44 22
10 13 15 57 59 57 97 56 96 52 96 95 96 7 96 7 90 2 90 2 69
2 74 36 61 23
7 89 65 19 65 8 65 8 83 8 10 8 42 15 24
7 25 92 87 92 87 36 87 4 69 22 58 33 58 80
3 22 49 63 90 63 63
4 51 88 48 85 76 85 42 85
9 1 85 55 85 43 85 96 85 96 25 50 25 50 55 50 38 50 7
6 95 53 49 7 49 36 49 11 80 11 80 52
7 37 94 28 85 28 80 8 60 8 54 8 39 35 12
6 1 79 1 79 1 54 25 89 25 77 25 12
7 75 25 39 61 39 28 39 1 39 39 93 39 93 22
5 32 6 61 6 67 12 67 32 12 54
8 37 98 37 83 23 83 78 83 2 83 2 9 2 63 5 63
7 81 66 94 79 94 82 48 36 42 42 34 50 34 65
9 52 12 43 21 43 75 38 75 38 99 63 74 63 1 74 12 74 29
11 77 51 77 79 77 15 77 49 77 88 77 78 77 10 9 10 9 65 9 16 9 58
5 4 82 98 82 98 22 89 22 89 84
11 67 67 67 83 32 48 17 33 20 33 20 45 50 15 50 97 54 97 87 64 87 8
3 29 40 66 40 66 61
9 72 96 72 31 25 31 25 62 50 87 95 87 93 87 93 11 93 22
4 81 22 81 62 81 11 81 51
10 19 55 2 38 2 74 39 74 39 10 39 6 10 6 33 6 10 29 10 92
6 79 58 90 69 76 69 46 69 2 18 42 18
2 18 80 18 77
4 75 83 75 53 75 2 75 25
3 4 85 36 53 30 53
7 48 29 0 29 0 65 0 75 0 98 0 0 30 30
2 30 28 30 34
6 5 56 5 39 5 37 9 41 48 2 48 22
2 52 8 52 42
5 49 24 26 1 73 48 73 25 35 63
5 61 41 63 41 63 45 63 41 63 9
8 81 10 81 75 6 75 17 75 17 74 16 73 13 76 34 76
7 39 42 67 42 32 7 32 82 32 77 78 31 78 79
8 15 34 27 46 27 8 21 14 21 41 21 44 24 44 24 30
3 96 17 96 25 67 25
8 37 4 13 28 48 73 33 58 52 39 52 26 69 43 69 49
10 60 6 25 41 25 15 22 18 22 79 22 60 22 0 22 73 57 73 57 4
8 44 56 44 57 84 17 46 17 46 98 73 98 47 98 47 30
7 83 80 71 92 71 5 71 0 80 9 80 51 80 87
6 38 36 54 20 54 4 23 4 19 0 33 14
4 22 58 14 66 65 66 65 23
3 88 11 88 35 92 31
