44 2
3 18 -29
19 34 -9

41 6
-15 2 -9
-4 -23 12
-13 11 -6
26 40 39
40 10 37
19 -34 37

33 5
7 -13 -16
21 13 -18
-28 -19 32
-26 -27 7
2 -3 -26

25 7
-20 11 22
2 -4 9
19 -12 15
-16 5 -20
-22 -21 -20
-11 -3 -20
20 -4 17

26 4
-6 -23 5
-24 -7 13
-6 7 -2
6 11 -11

35 1
-16 -7 -15

16 5
15 4 4
-7 -16 -6
-5 12 11
7 -3 13
-8 -16 11

32 6
-8 15 -23
-18 20 -9
-4 16 31
3 18 -30
-18 2 13
13 23 7

50 4
-48 -36 -14
29 -18 46
-40 -39 2
37 15 -2

29 8
18 26 -4
13 -27 -4
-25 24 3
11 -10 25
0 25 25
22 14 2
27 24 5
-18 -9 -8
