3 2
9 6 6
9 12
3 2
10 5 6
10 11
3 2
3 8 10
11 10
3 2
5 7 9
13 8
3 2
5 10 6
7 14
3 2
3 8 10
13 8
3 2
8 3 10
11 10
3 2
9 9 3
13 8
3 2
7 11 3
11 10
3 2
7 11 3
11 10
3 2
5 6 10
8 13
3 2
4 10 7
11 10
3 2
5 7 9
7 14
3 2
8 7 6
8 13
3 2
9 3 9
8 13
3 2
5 6 10
11 10
3 2
4 8 9
13 8
3 2
7 9 5
9 12
3 2
9 4 8
11 10
3 2
7 8 6
13 8
3 2
11 7 3
11 10
3 2
8 5 8
8 13
3 2
7 5 9
9 12
3 2
7 8 6
6 15
3 2
6 7 8
15 6
3 2
5 9 7
12 9
3 2
7 7 7
15 6
3 2
3 8 10
9 12
3 2
8 5 8
8 13
3 2
6 4 11
11 10
3 2
5 5 11
9 12
3 2
7 11 3
11 10
3 2
8 9 4
13 8
3 2
6 9 6
10 11
3 2
6 6 9
9 12
3 2
6 10 5
8 13
3 2
8 5 8
11 10
3 2
9 3 9
9 12
3 2
7 7 7
15 6
3 2
3 9 9
13 8
3 2
6 9 6
13 8
3 2
10 4 7
14 7
3 2
9 6 6
15 6
3 2
8 6 7
10 11
3 2
7 6 8
10 11
3 2
10 6 5
11 10
3 2
6 7 8
7 14
3 2
6 11 4
11 10
3 2
7 10 4
9 12
3 2
9 3 9
12 9
3 2
5 8 8
15 6
3 2
6 7 8
8 13
3 2
8 6 7
13 8
3 2
9 6 6
13 8
3 2
5 6 10
10 11
3 2
9 5 7
9 12
3 2
6 9 6
8 13
3 2
6 7 8
10 11
3 2
10 5 6
9 12
3 2
8 3 10
9 12
3 2
9 6 6
13 8
3 2
8 5 8
15 6
3 2
7 5 9
14 7
3 2
9 8 4
10 11
3 2
9 3 9
9 12
3 2
6 7 8
6 15
3 2
6 8 7
11 10
3 2
10 3 8
11 10
3 2
8 5 8
8 13
3 2
8 7 6
6 15
3 2
5 8 8
11 10
3 2
5 8 8
11 10
3 2
9 9 3
11 10
3 2
7 7 7
7 14
3 2
6 9 6
11 10
3 2
6 8 7
10 11
3 2
3 9 9
10 11
3 2
6 5 10
13 8
3 2
3 9 9
8 13
3 2
7 10 4
9 12
3 2
11 7 3
9 12
3 2
7 8 6
15 6
3 2
5 7 9
8 13
3 2
8 9 4
13 8
3 2
10 8 3
12 9
3 2
5 5 11
12 9
3 2
6 11 4
8 13
3 2
8 3 10
9 12
3 2
7 7 7
6 15
3 2
8 6 7
10 11
3 2
7 4 10
7 14
3 2
4 8 9
7 14
3 2
3 9 9
9 12
3 2
7 7 7
9 12
3 2
9 9 3
12 9
3 2
4 8 9
11 10
3 2
11 7 3
11 10
3 2
9 6 6
10 11
3 2
6 7 8
6 15
3 2
6 5 10
14 7
