20 51 2
61 56 93 78 77 16 61 72 25 65 67 67 71 19 95 96 25 4 56 42
20 61 2
66 60 90 82 72 97 54 21 31 20 59 29 31 45 57 46 46 40 15 8
20 32 2
59 56 37 15 98 87 34 36 34 33 18 5 24 32 67 19 24 27 79 18
20 15 2
3 92 41 89 81 45 66 66 10 80 47 85 96 17 69 27 48 33 75 78
20 107 2
92 84 47 29 95 99 45 62 72 69 40 100 30 86 31 34 3 60 50 46
20 108 2
77 17 32 74 7 46 66 78 72 15 31 92 98 33 4 36 15 11 81 77
20 99 2
100 1 82 82 98 41 22 29 50 66 13 15 28 36 10 5 9 65 29 62
20 102 2
59 38 91 2 67 57 93 68 89 38 14 100 9 19 56 55 50 72 12 92
20 50 2
79 81 78 76 44 2 92 50 49 14 72 51 77 32 84 96 42 87 55 8
20 42 2
12 84 97 9 3 29 90 45 98 88 43 61 6 36 58 10 94 51 10 92
