30 30 2
5 17 14 17 10 17 11 6 11 16 9 16 17 16 13 6 13 17 10 17 14 17 11 14 16 17 9 5 18 16
30 30 3
20 1 9 13 12 17 11 5 13 9 2 9 6 12 9 2 11 20 5 6 11 17 1 13 12 5 12 17 12 6
30 215 28
1 13 1 1 3 3 19 9 9 19 1 1 5 13 1 9 1 3 9 19 20 1 20 3 9 3 5 11 20 11
30 37 5
5 11 3 4 5 15 1 10 16 15 1 11 1 1 11 16 10 10 1 4 15 1 5 3 15 1 15 1 3 16
30 282 30
5 17 17 4 11 16 1 16 4 4 5 17 4 17 1 1 11 9 3 11 9 17 17 1 17 9 3 17 1 17
30 218 29
4 11 1 2 5 9 2 16 11 3 13 3 5 14 6 9 16 1 2 14 17 1 13 1 17 2 4 2 9 11
30 143 26
2 7 9 11 1 11 3 2 3 9 11 1 1 3 1 3 6 7 11 6 11 11 11 11 9 1 2 4 3 1
30 27 2
11 1 19 5 11 5 11 1 6 6 6 15 16 1 16 6 16 5 9 19 9 15 1 1 11 19 5 15 5 11
30 338 27
11 6 19 6 20 6 16 11 7 6 16 16 11 1 11 11 19 20 19 11 20 11 1 6 1 20 19 6 11 19
30 16 5
2 1 17 5 15 1 17 11 17 1 1 10 2 3 15 1 17 17 5 15 11 15 5 11 2 3 17 5 1 3
30 167 23
5 11 1 13 11 1 11 1 1 11 1 13 11 11 13 5 13 13 1 3 1 13 11 11 5 1 3 13 1 3
30 76 8
6 16 8 11 13 1 11 1 11 16 11 1 11 1 1 8 13 11 1 20 15 16 11 1 20 6 6 8 20 11
30 23 3
10 10 7 9 3 7 15 19 3 16 16 3 15 1 7 17 9 1 17 1 15 9 5 1 1 1 1 1 5 10
30 52 23
3 3 1 11 14 5 13 9 3 13 11 13 9 1 11 13 18 11 1 11 1 5 14 18 3 1 17 18 14 17
30 67 3
3 3 6 3 1 9 1 1 3 9 1 1 1 6 1 1 1 1 3 1 3 5 3 5 1 3 9 9 5 1
30 20 4
18 1 15 1 1 13 1 14 1 1 17 1 14 18 1 6 17 1 14 15 1 6 3 6 17 1 3 17 17 1
30 25 4
12 19 7 7 9 3 17 7 12 17 9 6 3 1 11 4 4 11 1 12 9 9 17 7 9 6 19 19 3 6
30 25 27
17 6 6 16 16 19 17 13 17 16 12 12 17 1 17 17 16 7 19 1 7 6 13 12 12 13 17 13 7 17
30 240 24
7 6 15 8 11 13 16 5 2 6 11 5 11 15 5 7 16 2 6 11 15 15 11 15 13 16 5 13 8 5
30 14 1
15 1 11 17 5 7 7 3 6 13 2 2 14 13 14 15 6 15 11 13 5 1 7 17 3 15 2 17 15 7
30 277 23
20 15 16 1 11 6 16 10 6 11 17 15 11 18 16 10 16 17 6 20 1 1 1 16 1 10 18 20 1 15
30 142 23
5 10 1 13 20 10 7 1 1 13 5 20 5 1 5 1 10 5 1 1 1 1 1 5 5 1 1 20 1 5
30 228 24
13 11 18 1 9 17 5 9 16 11 7 1 16 13 7 13 18 1 17 1 17 17 1 18 16 15 7 5 1 1
30 232 28
7 1 16 9 1 14 15 7 11 1 1 1 9 13 14 11 1 9 1 1 16 14 11 11 13 1 16 7 11 1
30 258 29
14 1 18 1 7 1 11 1 1 18 1 1 1 17 11 13 1 11 17 13 13 9 1 13 9 11 1 14 18 11
30 293 29
7 13 11 20 11 17 13 1 13 17 20 5 7 1 17 1 1 13 11 4 1 5 11 5 20 17 17 13 17 1
30 202 6
13 11 9 8 13 7 13 1 9 11 11 10 16 1 13 8 11 13 13 6 11 16 1 6 10 7 1 9 10 6
30 212 23
1 1 17 13 11 12 18 18 11 18 11 12 1 1 11 11 13 11 1 13 10 17 11 11 17 10 1 5 1 5
30 32 4
13 9 19 7 9 5 8 19 9 8 5 1 13 9 5 19 1 9 1 7 5 1 1 13 13 13 5 7 13 8
30 183 6
8 16 17 3 8 5 17 17 8 13 13 11 8 17 16 11 13 16 16 3 13 8 5 3 8 13 16 17 16 17
