100 226138 3
8359 2734 5636 9052 968 5512 9184 7668 9890 6981 2169 8728 4554 7941 4529 1170 2286 2684 4798 4949 7243 8614 3867 6779 2127 3323 2544 1391 3658 2436 2516 7820 8202 1133 2704 1221 2343 4539 9205 8487 4188 2031 7313 2796 376 27 5774 737 3940 2949 5627 1147 597 8890 3503 8677 7892 8789 6459 1869 6556 5008 4399 879 2707 2409 6704 802 7933 953 4025 5730 9710 9778 1871 573 7071 8583 2041 9171 8883 3680 1104 4007 8121 1405 1092 2699 6564 5995 2063 3323 74 3365 1070 376 2106 2365 9052 4505
100 247186 3
8331 5569 9485 992 5429 2876 7460 471 4304 3901 7422 5220 2149 998 7507 3313 9400 2338 1621 5241 773 2198 9267 3565 1484 7095 3568 6215 8047 8941 9107 9326 9577 8855 2448 1529 7137 7903 6151 5143 1678 7151 123 8942 8574 2228 1222 8403 4370 945 1899 4442 5292 9175 1580 2349 8828 5668 2461 4434 4535 4410 1448 9592 314 9666 371 563 9389 5072 2175 7161 3451 3449 9426 6699 9504 1186 328 1592 4372 938 277 4270 1896 6923 7742 4946 1422 7981 1048 9586 8158 6812 6737 4698 2726 9643 9918 1828
100 3348 3
8584 6661 8563 3389 9682 92 9185 4438 3112 4529 2583 2950 9876 6107 2718 336 7145 9761 2452 3546 6617 1466 6849 1580 9737 3012 1482 23 2888 6969 7573 4360 3182 3567 8430 6284 6898 9935 3290 7510 3791 4665 5354 207 8408 6261 130 2237 393 781 3626 503 8320 3369 981 408 1163 1147 2753 898 3203 3852 3470 8630 4154 5223 3506 721 5842 7685 9948 264 5086 7176 7079 8967 7949 9596 4738 9398 6691 9546 4270 8622 2298 95 7399 6587 1306 4844 54 7842 8548 4880 7542 1012 101 8483 3110 771
100 11882 3
3870 3030 9207 1383 3003 342 1589 8260 3216 9328 8918 8022 7455 6962 3870 5004 9228 3409 4739 9901 1042 3579 2935 7499 2934 1341 9764 4299 8223 3430 7949 5893 3094 7099 1922 5095 8842 8556 1924 7135 6615 1767 8074 4312 8552 204 3284 724 4539 6209 8590 8843 5269 7158 7911 9795 5109 9084 1954 2961 5021 2193 2300 7823 1790 6015 8608 1534 9363 4135 1032 46 2385 6871 6516 9660 1117 6340 3647 2378 4622 8212 2128 229 2741 4810 3087 403 2395 5367 7977 6668 266 5935 3526 7548 1230 315 5224 3157
100 13092 3
9332 6409 7755 1720 6532 33 5321 4311 5710 7217 2913 643 6363 4941 6967 3076 1103 3912 6561 3589 2110 9463 8161 2579 1535 7829 5396 676 208 5640 1689 1289 4042 6051 8502 1943 1415 701 3784 5507 1810 3858 4473 460 1502 2409 407 7902 857 4038 7938 8451 4561 8497 630 605 8904 1990 7018 5826 1269 8510 488 870 6411 1535 5278 2799 6541 1439 5172 6821 242 4366 6304 5545 454 1285 9382 2376 4593 7897 9380 1471 5164 6277 3244 8417 1777 1831 2259 6903 2946 3705 4250 375 2414 8659 571 553
100 254375 3
4406 7805 2173 5553 2443 9320 4989 4170 8560 473 5822 6657 7318 9723 5133 8520 7443 911 3719 4924 9314 2736 9401 7029 3034 1593 69 6956 2500 9893 6423 3037 9943 6071 4585 3933 3622 1788 3445 61 4013 9582 2009 9040 1352 7739 8847 9753 6501 2229 1037 233 3066 6331 1947 5464 8106 4567 9267 7553 2292 9881 318 6691 6876 1125 7548 2388 1535 7640 6084 7001 1057 8641 8653 4676 5593 141 987 1134 7327 2243 2591 5893 7668 4434 5784 4951 8003 7415 4095 6143 4711 7251 738 5199 7470 3293 8270 879
100 208948 3
2276 6594 6581 3107 3896 5202 646 1457 4265 4345 1852 1610 9616 9955 1529 5207 669 9930 9402 879 2800 287 3087 710 8412 5580 8154 68 5736 3767 390 1127 3080 3785 570 8587 4428 9839 2286 5592 1127 8529 205 1581 4771 1746 7788 1932 644 2984 2906 6501 6218 4012 4233 7096 8986 8931 8091 9094 1678 1486 1232 839 3884 1583 2608 7537 2149 5022 1491 4343 960 1035 1897 1088 3734 8084 807 2090 6415 4201 1423 4110 8765 8478 9220 1446 3814 4465 6652 3980 2712 380 6438 4421 7736 4573 8205 2238
100 19241 3
1941 2878 2677 3210 4478 39 3451 896 6753 3281 8553 4790 5190 5552 7329 1600 7324 5944 9958 9721 8204 8418 239 492 6442 2831 9591 6900 1387 8588 3817 9271 2221 391 8026 3775 3827 7920 839 5177 880 8931 1121 3489 9911 8838 2022 8718 4000 8862 5762 1673 6829 7079 9462 9508 3325 5492 3767 7321 1313 1315 3946 9424 2830 692 7519 7765 1938 5164 5963 9401 8490 6965 2059 9448 212 1160 5670 2476 5152 5150 4450 2160 6604 6499 2713 9846 7264 3292 8525 9693 5991 9659 7610 1038 8400 2544 9675 9510
100 13504 3
7416 382 7790 4356 3060 8111 7991 5299 8933 1311 5772 116 1681 5181 977 4428 2154 6128 5136 1161 7716 459 336 5720 7834 4657 2710 9784 2094 2650 9596 5455 4224 8743 1666 811 7776 4387 323 5211 4999 9338 3642 927 8563 6270 9172 9005 1698 2152 1800 5318 8370 1804 8196 5144 6005 2304 4537 4117 2682 1950 4554 8788 8682 4327 3968 630 8801 2091 1778 300 8974 2247 7203 1960 8876 3086 9373 2161 2801 6075 877 7738 2183 2581 3342 6581 4825 9012 4459 6180 817 8723 2911 5072 7600 3207 4671 3150
100 21080 3
753 6845 1456 4262 2130 820 8657 8079 1103 5329 7192 7679 1275 7391 5703 135 2174 2102 4244 9932 2185 9636 1173 8524 984 2478 7911 5849 3132 4472 1222 3594 3434 964 9400 867 190 2072 4650 3777 2052 6675 6960 6379 2888 5473 4054 8742 9132 7149 2589 4711 4826 5990 851 6190 5883 3029 7521 5425 920 4862 8459 7670 7151 7925 5427 1254 7272 6851 3823 9102 5991 9593 8861 1528 2149 5172 2180 938 6587 3522 2348 140 1902 964 5073 719 2545 1236 1492 6093 1207 8104 3315 4204 8009 376 3626 4119
