4 8848 4
3023 6354 260 8060
4 8316 2
3266 9965 312 3089
4 13479 1
2497 6502 9560 8399
4 10883 1
2207 5284 6807 7468
4 6401 2
8114 1603 6834 4798
4 8892 1
9329 8892 4212 5391
4 3704 2
5509 892 1205 2812
4 21504 4
6727 8133 3322 3492
4 8665 4
2955 9193 446 4736
4 8372 2
2038 3926 2270 8510
4 6271 1
2088 8557 853 1045
4 7063 2
2863 7673 1457 2133
4 12435 2
7662 4773 4667 5782
4 9496 2
536 9215 8960 3709
4 7832 2
271 4458 2056 8879
4 8290 2
167 1995 3770 8123
4 6068 2
3864 1926 8054 2204
4 14575 3
9618 8461 6611 4461
4 17328 3
6759 7309 3260 9272
4 11326 4
7313 2145 934 5515
