6 246027007 5
529482 90566328 51600736 61142576 72586321 30744140
5 275528549 4
70149652 82520722 59623551 99833185 45922161
8 221141990 5
20464180 64580489 58153240 39692923 19189972 303952 40630216 38588073
8 266385967 5
49612895 89674450 93716587 16022400 17359635 3914415 5824968 29928096
10 191865260 4
44726600 21055069 26342919 48004048 33843639 53129338 20732500 30004422 5947142 99944843
9 369598004 7
56948308 96384109 49165349 60206994 33276873 96015600 32798552 24544050 49072321
6 286085698 4
61356860 51961178 19073016 62580544 77084560 95683100
6 120654149 4
57256222 20085200 92306500 2478332 39815228 29366816
7 288148557 6
65525885 9627357 65186818 80534500 83580170 35732273 31541724
8 227055679 6
15169824 55089286 89624420 62027902 11080399 27777280 16030900 55049912
8 139841567 4
60318410 56634404 17913920 11523174 95446791 14076415 20022793 3747228
9 274969293 5
21288180 70552714 90218568 31715648 84793131 47449942 82339160 83297260 38283984
7 173661004 5
7457996 48647570 71847536 18461080 52741825 71238970 76927032
6 85276501 5
756938 6004688 50578160 32538888 24943668 55730660
8 294508989 7
15173960 61943772 3659293 82901224 84628556 6985128 39217056 79035900
9 338672301 6
60486393 59751876 96091750 689270 1294816 60708712 40654288 66932240 13798918
9 279743564 7
5015540 37944604 96053040 29116550 53189950 482902 38895815 2149314 93736268
9 240911192 5
11565484 53944952 86002624 98298090 54829356 22757078 21628408 43529932 22273310
6 87337863 5
65077875 15086919 50156694 23203818 19538450 1611970
9 367245263 7
70401772 22576878 26196137 95108106 87898067 18118369 90756040 7574028 51298000
7 241860870 4
97634704 64221195 19568104 80472320 74904227 23825015 62659308
9 203726535 7
6513776 3905816 8737540 73012642 34178880 94161570 43183318 80639352 63120176
10 161200927 4
24295702 15778975 41631006 5414707 19805905 73881256 43963840 6328695 34999370 56302399
8 127001183 4
32590240 1987806 74510052 14663858 5919778 5097377 46541007 72692248
9 251644857 7
26329248 43403139 21206801 99230545 73759720 95147043 6053076 74442792 63717350
8 141336537 4
69945113 31245875 14504040 93869666 7838278 3527816 11260964 21701867
9 72995618 4
84216368 12456384 23247065 5426261 41466048 25193280 36536077 5840000 52996393
10 244286054 7
50771682 45131950 50173425 68548400 22191412 16735480 360645 38214990 35505010 43028993
10 203137220 4
69072332 31308350 29531024 14948994 87747782 5661360 55655496 27232048 23212651 61904404
7 362282900 6
70645705 82912124 9072728 75839054 43776170 27335972 61773875
