2
10
79 21 49 -8 0 45 36 21 22 -21 28 -17 -17 20 -41 39 31 -32 -25 41 16 -11 35 12 2 -40 13 24 -18 19 -32 30 14 24 -29 -3 -19 1 15 -44 30 -24 -5 11 26 21 -18 -12 -23 -30 16 -5 -34 22 26 -17 19 9 -20 10 31 -29 4 -14 -2 -46 -47 14 -23 -22 28 -23 -29 -33 -35 37 -42 -47 -23 27
81 7 14 -4 35 -40 -24 31 9 -5 35 -26 -31 49 -31 -42 26 -19 -11 -13 -16 43 20 -17 8 -13 -5 17 -40 4 -24 17 2 -28 46 14 -21 26 0 36 -12 0 29 -16 -47 -22 49 41 40 -42 34 40 20 12 41 -31 42 -39 -1 -5 -36 -4 24 18 -28 17 -21 32 -24 -11 -10 15 -28 -43 43 -12 -41 -11 14 26 -11 -32
24 17 -48 38 -6 1 9 5 -8 28 -10 -32 -24 -45 -42 -15 -23 -18 -16 21 -50 42 -16 -35 -17
38 -18 -49 39 7 25 13 49 38 35 49 -48 38 49 -10 11 22 41 -6 33 -14 10 -24 0 -20 -48 36 -3 -2 13 37 23 -41 -28 -21 -19 3 -33 -43
21 11 42 44 -27 -24 38 48 -10 -34 47 -45 37 32 -15 -20 37 -13 16 25 -42 -8
74 -12 27 -31 -37 -10 -25 -26 9 17 -32 24 37 0 -48 7 -13 33 -8 -35 -18 42 -50 -50 43 11 -33 17 -36 46 37 34 10 12 -47 30 44 43 33 -28 9 5 44 14 32 32 38 23 13 -46 9 37 -21 15 36 -5 -20 -27 3 -37 0 4 -13 -34 42 1 23 -32 23 -25 43 -47 0 20 17
82 -6 29 17 16 -32 18 -42 -12 -43 16 9 18 -41 31 47 6 -13 10 -1 -5 -14 4 -11 -39 -5 -42 -22 34 46 19 -25 12 44 -9 -8 -25 40 46 -14 -35 -46 -13 -41 5 -50 -32 33 0 7 45 -19 -7 20 -43 25 -32 42 7 -19 -31 19 17 -1 42 -9 -15 -28 22 -11 25 1 -29 -8 -20 -43 43 -41 -3 -43 -10 22 36
69 -37 -50 23 -27 -4 -38 -21 13 39 -41 -13 -4 -49 25 -9 -17 46 -25 -7 7 -12 -48 -44 48 12 -9 18 5 33 -12 48 4 -21 25 -45 -36 3 12 1 40 -3 -27 24 -30 -43 -6 -38 -8 0 -39 -50 1 15 -38 47 27 -5 -6 22 31 36 47 20 -50 44 -40 28 -5 28
15 46 12 -11 10 17 -14 -46 32 -10 -21 2 -16 17 10 -4
25 -8 -6 42 47 -10 -21 18 22 -35 5 -10 41 11 -43 27 46 -43 -11 -3 -14 -26 3 -8 -43 42
20
2 7 8
3 7 1
3 5 5
2 8 7
3 5 2
2 7 1
1 9
1 7
2 9 5
1 1
3 9 3
2 3 6
1 8
3 1 6
1 2
3 8 7
3 9 8
3 6 9
1 4
2 3 3
