13
1 2 7 3
9 5 6 4
10 11 0 8
13 14 15 12

14
1 2 3 4
5 0 10 7
15 9 6 8
13 14 11 12

12
1 2 4 8
5 6 3 12
9 11 0 7
13 10 14 15

12
5 1 0 4
9 2 3 7
13 15 11 8
10 6 14 12

14
1 2 3 4
9 5 7 8
0 13 12 15
11 6 10 14

11
5 1 3 4
2 6 7 8
9 10 0 11
13 14 15 12

14
6 1 2 4
8 0 3 12
5 10 7 15
9 13 14 11

12
5 1 4 8
9 6 2 0
10 7 3 11
13 14 15 12

14
0 2 3 4
1 6 7 8
5 9 11 12
13 10 14 15

14
1 8 0 4
6 2 3 11
9 7 14 12
5 13 10 15

13
1 6 2 4
9 5 3 8
10 7 15 11
13 0 14 12

11
1 2 3 4
5 6 7 8
9 14 0 12
13 11 10 15

12
1 2 4 6
5 10 3 8
13 7 12 15
14 9 11 0

15
1 2 0 4
5 3 6 8
14 7 10 12
9 13 11 15

12
6 5 2 4
9 1 3 7
13 10 11 8
14 0 15 12

12
1 3 6 4
10 0 2 7
5 9 11 8
13 14 15 12

13
1 2 3 4
5 0 6 8
13 9 7 10
14 15 12 11

15
1 2 0 4
5 6 3 7
9 11 12 8
13 10 14 15

14
1 2 3 4
10 9 8 11
0 5 7 14
6 13 15 12


