6
1 2 3 4
5 6 11 0
9 14 10 7
13 15 12 8

1
1 2 4 7
5 10 6 3
9 11 0 12
13 15 14 8

7
1 2 3 4
5 6 11 7
0 14 10 8
9 13 15 12

3
1 2 8 3
5 6 4 12
9 10 7 15
13 14 11 0

10
2 3 0 8
1 5 4 7
9 6 10 11
13 14 15 12

7
0 2 3 4
1 6 7 8
5 9 10 11
13 14 15 12

9
2 5 3 4
1 10 6 8
9 14 7 15
13 0 12 11

7
1 2 0 3
5 6 8 4
9 10 7 12
13 14 11 15

9
1 3 7 4
9 5 2 10
0 6 12 8
13 14 11 15

9
0 2 3 4
1 6 7 8
5 9 15 11
13 10 14 12

9
2 3 7 4
1 6 11 8
5 10 14 12
9 0 13 15

2
1 2 7 3
5 10 6 4
9 14 15 8
13 0 12 11

3
1 2 3 4
5 6 7 8
9 14 10 12
13 0 11 15

6
1 6 2 3
5 8 4 11
9 10 7 12
13 0 14 15

5
1 2 0 3
6 7 8 4
5 14 10 12
9 13 11 15

9
2 5 4 8
1 6 3 12
9 10 11 7
13 0 14 15

4
1 2 3 4
14 9 6 8
0 11 7 12
5 13 10 15

7
1 2 7 3
5 0 6 4
9 10 12 8
13 14 11 15

1
0 5 3 4
14 1 7 8
6 2 10 12
9 13 11 15

3
1 2 3 4
5 0 8 11
9 6 10 12
13 14 7 15

6
1 2 3 4
5 6 7 8
10 13 0 12
9 14 11 15

5
1 2 3 4
5 0 7 8
9 6 11 12
13 10 14 15

10
1 3 0 4
6 2 11 8
5 7 10 12
9 13 14 15

4
5 1 2 3
6 14 7 4
9 12 0 8
13 11 10 15

9
0 1 3 4
5 2 11 7
9 13 6 15
10 14 12 8

10
0 2 3 4
1 5 7 8
9 6 11 12
13 10 14 15

10
5 1 2 3
6 10 7 4
9 11 0 8
13 14 15 12

2
0 2 3 4
1 6 12 7
5 10 11 8
9 13 14 15

10
0 1 3 4
5 2 6 8
9 11 7 12
13 10 14 15

6
2 7 0 4
1 3 5 8
9 6 10 11
13 14 15 12
