6
1 2 3 4
6 14 7 8
5 13 0 11
9 15 10 12

9
2 6 3 4
5 1 7 8
13 11 0 12
10 9 14 15

3
1 2 7 3
5 6 4 0
9 10 11 8
13 14 15 12

5
5 3 0 4
2 1 6 7
9 10 11 8
13 14 15 12

6
1 2 3 4
5 6 7 8
9 10 11 12
13 0 14 15

7
1 2 3 4
5 0 8 12
9 6 10 15
13 14 7 11

6
1 2 4 8
5 6 7 3
9 14 0 15
13 10 11 12

5
1 2 4 8
5 6 3 0
9 10 7 11
13 14 15 12

7
0 1 2 3
5 10 7 4
6 9 11 8
13 14 15 12

4
1 3 4 8
5 0 2 7
9 6 12 11
13 14 10 15

10
1 2 3 4
5 6 7 8
9 10 12 15
13 14 11 0

10
5 1 2 3
9 6 8 4
0 10 7 11
13 14 15 12

6
1 2 3 4
5 0 7 8
9 6 11 12
13 10 14 15

3
5 1 3 4
9 2 7 8
0 6 10 11
13 14 15 12

2
2 7 6 8
1 0 4 3
5 10 11 12
9 13 14 15

2
6 1 0 4
2 7 3 8
5 9 11 12
13 10 14 15

4
1 2 3 4
5 6 7 8
0 9 10 11
13 14 15 12

8
1 3 7 4
6 2 11 8
5 10 14 12
9 0 13 15

1
1 2 3 4
5 6 7 8
9 10 11 12
13 14 15 0

6
1 6 0 4
5 10 2 12
9 8 3 7
13 14 11 15

3
1 2 3 4
5 6 8 12
9 10 7 15
13 14 11 0

9
1 2 3 4
5 6 8 0
9 10 7 11
13 14 15 12

3
1 6 2 3
9 5 8 4
0 10 7 12
13 14 11 15

4
0 1 4 7
5 3 2 11
9 6 10 8
13 14 15 12

9
1 7 2 12
5 0 4 3
9 6 8 10
13 14 11 15

6
1 2 4 8
5 6 3 0
9 10 7 12
13 14 11 15

2
2 5 3 4
1 7 10 8
9 14 6 15
13 0 12 11

3
1 2 3 4
5 11 6 8
9 7 14 12
13 0 10 15

9
1 2 3 4
5 0 7 8
9 6 15 11
13 10 14 12

8
1 2 3 4
5 6 7 8
10 13 12 15
9 14 11 0
