454598436
200720625
239948780
805153080
96935190
1688818
236205052
356323902
222975634
203579492
601571024
243607452
39587106
266801412
57188000
39946585
106286268
18125942
161540100
133137414
635294000
14329900
844515090
447115968
7516252
369556280
818892624
37635994
164861928
32966337
74026305
550760747
267071472
280829420
74811635
593762943
1009601341
71934848
252819256
294975270
232378944
211543563
480600675
473356998
94063830
56496330
149413000
103627836
409309532
3437448
419954800
101169803
162455621
253213472
292957335
666174642
81992061
399310365
104805731
345766587
54344250
381367697
18198670
193146183
104712432
755622270
546353574
313934302
810400773
22478178
17012352
163634666
59686146
191503872
519323070
25632432
68189184
87072700
129157330
532873392
658984536
244062774
415157390
368417975
253372698
472159279
59910723
184471272
273772368
131985264
414494300
182664657
191488102
16597152
10909552
83184089
66202576
4875960
168763696
302040463
70361676
351046855
462444997
373032584
836337534
444207688
549483684
333622810
391580184
10921152
475092000
37513616
193467528
48134768
620433450
479236560
178655592
230558464
577409733
389973142
70148736
18583890
113943557
205054936
738942924
138430959
289520846
117612830
444814062
443164293
114230855
746793732
678631034
245218050
322008752
285897544
544834714
606753180
438525430
132610030
415986180
215554794
10149118
326455220
423569272
158098528
719014680
235605393
566842354
315364868
753024888
302896264
345192073
15549600
241022680
316426398
167981760
77173274
276072678
59304488
401159418
791957574
118094880
398541060
29619711
295754283
358606418
577605748
21038490
176588400
278068476
80652978
555524960
214833168
357633330
55157235
77476871
260386625
397933116
182399448
598636314
53842708
386113508
70542108
146622168
824557295
328857680
311621040
150592098
131345676
506506000
72848916
288434952
194193125
548359155
378353010
249223702
383483520
121641780
367457244
602334
153226612
100088086
143827296
121597872
175817952
301700464
623556416
521873616
42106892
166047996
263042434
138707566
216817265
4595224
156444880
183847510
55817164
617684914
15989622
55282890
247473123
7503504
127197960
165668932
344995588
34810128
203263494
212324604
723652280
371169750
933339600
94404207
31104365
139007231
313745364
54023184
71187360
521433858
426442120
475775012
3226608
694439598
392425869
412161920
716931676
61375776
81380052
244817361
305266240
104311200
105538125
135366240
568425150
207489020
31577774
622479084
51880921
82752496
1000372668
160232787
12241165
291110860
429341666
604717952
376740024
476659199
148997220
120035808
764809740
499959256
129718062
41996289
441385960
85042875
526934772
94849405
360588627
573508320
343913976
9911416
139256502
129113242
932654646
323142560
31537715
32962032
212853478
318573794
446758686
372555152
22030572
81045830
372115348
474339876
391647612
544860816
882606648
46558314
3902532
189121072
320306280
342078540
442027878
209512825
286029395
950004415
532276893
88615780
18716840
21711889
1235532
437375796
258762000
512133999
154561393
1801055
449426690
586925290
96898338
563480180
64837505
433539216
27653080
845413490
126771315
317841084
71803732
2805504
67380329
32941980
444853200
594336036
812766501
31607204
68936772
259365170
15441662
108450157
265385208
134184013
3404484
654675840
460412232
260312168
414691472
275018948
336922888
806463137
31349105
613253280
408931842
44448870
10501246
416157424
192919854
7564000
74904681
244251282
161986851
459628900
375621698
26905197
398607940
120222384
353630205
148669605
214221780
33820476
103118070
400207192
435217320
264128432
456422896
247224628
651828240
744611710
60293646
117732693
967980560
325121376
192376600
149123920
551761900
95051966
270661197
61792485
297963325
49516920
129013104
678265104
112950063
117662623
256770066
363767088
109924126
211393062
651840714
12608525
98328898
81251279
147392841
119550640
231421384
798642169
531580436
172143930
39532416
85841160
344501724
591286250
77787447
267637384
230153040
327955120
777243852
434080448
681335500
71288699
527335536
78246009
140627988
17469840
382843440
391485633
76868632
178024140
138519444
175448060
544348008
176090084
231529670
42734256
587337344
966703356
202158936
83962668
313434792
461267163
38559402
194092300
728808610
14186438
179539560
217307376
57456685
13676376
163132540
753419204
20109045
925803804
195334315
57911200
660527626
32299624
62664262
1600194
566180240
61295865
177044192
216129024
104541801
693259491
249393088
332475094
318939240
577678416
54801619
27223105
317456898
542809932
66012336
70598424
311254296
54502994
156745104
751538487
17197648
93197346
333633248
131542590
898516334
3106656
178637562
39138624
137217696
91926891
58088133
136303601
56506994
19196208
12930489
362825744
282835542
192326902
239938704
11849435
221147102
323092632
383414927
201355369
49444230
403927416
448988322
729250955
9036950
85745114
137978875
715489548
159797410
163841902
688921310
497773540
161519393
173328320
9941028
80834600
205168920
283926638
350283057
357460314
8458800
643661080
236544561
73949951
59327093
382123548
20241436
41176332
353517475
31373446
16598222
604779500
364903504
45807537
838629744
644735096
83178750
302094590
381043016
57256416
350942680
381101756
162780861
99198860
529403784
534379398
419771322
213412719
168134888
229157257
274555244
613017684
558136280
595722496
328261695
385887900
105754792
700848768
482268512
513658016
190590910
242864370
322114000
473254551
648737667
76510688
179610750
135580916
590539092
280852314
143227278
94677770
4219910
459606160
408215520
45560168
238726257
77094640
71030073
371055048
691016476
80252616
326753544
482426544
225239175
299575748
1516672
467711100
9701445
51446744
130914399
58086246
265872096
36602280
95295530
782663405
8402604
706975866
20604744
500903077
126590872
52622704
415434168
290825868
701014386
340781359
56582460
810117556
165551100
155378872
118129158
54122700
438098472
18358712
36717912
9324988
108866800
173160240
40321620
896539160
777865440
100103058
6539715
29281626
7771814
72680525
118378780
362830050
11208288
383532682
196686018
11448396
453896235
36996144
325945950
282215707
248165524
673160276
77815810
59775422
190004085
10240898
283041592
274081540
17929145
84020828
12439712
468301900
227521300
22399632
560556453
214146504
342086129
63793922
64308314
379418368
544854412
48049744
287193272
128994610
785712642
679644072
743218168
168127808
293785875
232249977
3552736
14691275
772872541
321410208
396286771
71598622
53822826
129319398
80208156
19011648
136762377
196025956
645141484
46092598
697022037
202938320
1136048
83448600
19754430
480278475
864833904
61723395
932841833
299409089
183971360
365357896
36689511
6469320
480845808
522905460
446848241
426886745
262466279
353435194
36070740
15541416
32207320
36733872
190257925
74116185
32085504
525933473
639921399
314934860
133861210
289220478
128089485
61286400
893159328
167795901
202244809
780686010
743338596
254587158
752326440
301207296
114371852
468936652
23873407
9645754
484617520
368106170
225042942
258401340
243802064
70070517
231531264
375882780
235791789
69157008
186189360
343122560
46736280
324693768
656338768
214870167
639936066
247011328
155335172
480499550
167134089
470279757
229396032
25010251
27155370
218800680
215079300
679208121
60240404
275685204
140889456
723030204
65803400
73031340
226950041
303116395
300374072
300099750
489711456
8140776
331348440
185074060
196957257
476570304
19761351
105238112
152927610
742015654
141657120
308113595
625743643
210738014
16876084
35777043
34811952
348496220
465231312
158929560
285389596
77196140
462998580
278750395
43362801
446044092
207282556
117807879
311385912
31678061
110638796
259122585
262737472
636071065
646706018
67657518
552411242
46406507
355347546
239321712
440667174
193983993
523579606
572946715
145059816
98801965
232137875
134493440
258278818
114477750
220027889
89597937
406768110
49079061
180188647
620158164
621243286
301980924
281609480
210697710
126613367
205999824
1783268
382956945
90733566
101005782
112373970
82564300
52175265
50983973
68810560
239296694
275957660
11628360
412161190
254126565
132040140
6369288
759152196
102703456
4932250
279263668
34699080
10663380
68326076
164870916
35729455
175119048
70330832
737674420
476677736
358187763
580345925
882755792
261833052
325400375
493326639
515155525
318224316
821504634
137782004
796214080
206656360
386191744
10079883
294424784
235779207
114157552
474361200
247677496
239151360
6117617
596362078
477195975
32104509
760058754
379254551
826082070
643906406
464658735
411454238
350198943
276128748
112464298
300523824
27161104
302486865
536794074
57625620
79233634
23741865
357146734
3672922
416383218
545592010
883882131
363995106
267085452
37305531
200114574
257933522
83219179
246415512
8683350
917640690
100027374
114431478
187021675
432849466
389629359
612840060
36977403
324015872
168855606
521880264
29761490
277235610
155061946
197548150
730597140
429861396
291290272
19495680
141666644
381515584
407218760
211330538
376413932
41761767
129105920
495011624
767594720
466104843
214586251
17150272
2023632
772953153
77083236
96939990
53317920
123614236
895345000
831585105
405851361
634982478
542622399
48318382
96633056
116020170
356636369
47091909
553954744
270569150
247625616
729261288
35857612
81623829
171550924
38463390
171505394
242163832
707230656
579700341
39350580
132855555
467011809
54277300
971493838
186332726
436064000
654935239
191603568
768560151
18712705
169701462
58681358
269573304
265255056
411624144
311985168
496493433
54072172
185405064
475522842
453728925
167135864
148241583
402769146
481077634
448048120
128547198
49049416
748399070
3927819
525625320
