389780550
282338067
15091695
55713130
77611716
862304185
323683080
60440895
59364480
302889856
461244820
392791700
15273262
127612800
782876977
457134388
330147610
543435208
40780224
833136714
549400752
163521848
33728124
900241074
242415329
292795893
393326500
536837875
67574192
243375783
211759548
112832700
338206080
689014587
120782778
422344416
23307973
893177280
287330230
292006839
149993744
404785520
207237624
446677548
65826936
355037904
175088842
51168672
231688254
230191047
314809726
315144114
59368788
56931660
267987272
193616436
149522880
816811189
502043157
179876368
22038116
86247585
546192944
128275225
623448478
363185857
14734720
16081080
168644628
249500160
91332080
1726018
27406288
11246136
377315520
445470891
396404180
28565283
858298740
646149070
19392597
138237660
38522066
213169888
27773179
76491918
145164555
261506750
19020820
171143235
123884272
905493924
179296596
726804048
5064540
101373792
407351384
943249860
58426164
58241930
