373545760
299204685
7374275
177785370
616461120
854046900
776128469
34381050
701742740
56127656
887266016
17084375
56468002
28504647
598014720
647243886
60809120
249190256
208511120
235851472
228267840
475263951
331676268
138618459
243330047
80968332
195624512
392690860
55849698
66880380
237153870
88049660
352897710
55728515
194209356
541423613
41037750
689144400
572550582
8326828
204278088
173650529
440786513
596006666
141284850
221544180
89327520
791947860
268634256
29159070
271881068
9986875
51187156
83646513
70494969
20991684
588586950
287800667
351453034
143772409
349660800
521250840
75165660
381576500
100645621
49724610
51742050
156879385
4367300
218695653
806885618
252620344
61132808
118191986
147266586
148469496
142120476
27888300
385341780
247017513
513236216
145653756
155398662
251938071
118987044
123606132
704631301
223235355
87226150
141128666
72801820
656258133
1697600
221145912
487557696
535188610
144304188
638127405
122560464
643052592
