357331800
157143000
951356055
135860224
58486536
845641344
372581520
135050176
120991160
184125312
342987793
411330258
106667337
52692578
437589681
46746560
455721840
53023250
478302846
408443576
457311152
55288086
34128360
301868876
228959148
218697059
66177456
153779065
525447060
397934613
258934480
184910
366330856
425302371
162732840
49058381
63618900
504420192
215908056
726564030
181349696
908388576
90171000
75235391
52386168
80062587
14053800
53469794
96891792
183198834
94853136
464348928
268705776
106423098
240093144
836077968
630025
599444400
147916614
109806224
95171954
4420157
326624480
578774384
494226553
220189632
110654521
434316234
795810880
639804132
807611088
297751630
1314460
613147690
101490750
356039398
661366854
490557141
783077264
693918912
368056720
16152720
12330120
2319425
270347032
125879094
573808860
136704832
124453940
187497648
30352186
16558464
4890808
391840320
38859975
270437365
366126236
363750750
2880980
71437042
