341076100
809761872
276515256
923791140
539213760
837146736
855581050
86801364
177185260
367460360
801466050
389732310
22778272
4593537
301583982
229986526
211776123
160659815
156844254
57723906
201324032
9899820
702453785
383135501
199313725
739575493
4984056
716826175
432962321
159447556
277140060
197340800
378522162
387559168
26374062
171757728
91053620
339014606
549016717
224940475
8122476
59190509
312658541
218734264
126586578
391917757
249772185
35314761
253028280
27273612
131268018
49620334
9958055
125261415
75644901
312643854
80427200
217060295
626687847
77987618
260224938
278619920
48891911
137916625
940466138
848643302
191456755
87221140
273444579
392277704
47305610
181623750
682852212
315439680
507648248
133926808
349743240
996191134
373076368
244923250
239635060
17715880
193514880
576606770
481856142
83300000
425899744
1903044
130744854
122396970
388026613
154084262
7800252
27796320
157823201
866004480
76965240
120119895
337478976
110980716
